,image,inference time,label,index,value,boxes
0,/home/pi/sambashare/BacArbeit/cocoval2017/000000571718.jpg,9.138492547999931,"['0: person', '0: person', '46: banana', '56: chair', '46: banana', '46: banana', '56: chair', '62: tv', '46: banana', '46: banana', '46: banana', '46: banana', '46: banana', '46: banana', '56: chair']","[0, 0, 46, 56, 46, 46, 56, 62, 46, 46, 46, 46, 46, 46, 56]","[0.8764945, 0.7793674, 0.74133354, 0.6409574, 0.6091493, 0.6079289, 0.5726439, 0.4846517, 0.48378432, 0.4520265, 0.44807297, 0.40027216, 0.38920793, 0.3271952, 0.2669053]","[[426.23, 7.06, 196.79, 415.87], [220.66, 10.22, 88.08, 69.73], [224.46, 159.33, 78.19, 74.97], [1, 45.37, 37.16, 143.13], [109.16, 208.1, 82.46, 74.89], [286.6, 217.27, 60.78, 67.33], [33.84, 49.92, 59.75, 145.08], [296.48, 43.11, 38.97, 33.7], [208.0, 224.0, 118.76, 76.28], [164.78, 200.1, 61.54, 74.45], [6.5, 239.45, 65.6, 48.31], [14.69, 210.96, 88.61, 39.41], [309.35, 199.93, 52.4, 63.93], [67.27, 254.48, 77.7, 45.05], [292.62, 127.87, 64.11, 38.41]]"
1,/home/pi/sambashare/BacArbeit/cocoval2017/000000529568.jpg,3.1814474929999506,"['45: bowl', '75: vase', '60: dining table', '69: oven', '58: potted plant', '71: sink', '56: chair', '41: cup', '75: vase', '41: cup', '41: cup', '45: bowl', '45: bowl', '41: cup']","[45, 75, 60, 69, 58, 71, 56, 41, 75, 41, 41, 45, 45, 41]","[0.81086063, 0.7660413, 0.66467, 0.58429825, 0.5601115, 0.52794445, 0.45148236, 0.4401213, 0.3502068, 0.3461137, 0.34219465, 0.3282117, 0.27488077, 0.27340794]","[[68.14, 459.27, 28.4, 27.21], [1, 427.46, 20.05, 74.62], [1, 427.1, 225.66, 210.89], [133.15, 368.6, 151.04, 163.62], [1, 353.02, 66.91, 137.72], [288.57, 385.03, 161.4, 96.42], [160.45, 579.54, 151.05, 60.29], [97.19, 288.57, 16.99, 19.0], [12.81, 418.53, 31.21, 45.09], [103.63, 350.43, 13.24, 17.77], [85.13, 288.29, 13.07, 18.34], [42.34, 294.84, 19.63, 11.03], [46.44, 286.05, 14.79, 9.46], [96.01, 231.57, 11.5, 24.26]]"
2,/home/pi/sambashare/BacArbeit/cocoval2017/000000468577.jpg,3.183566646000031,"['0: person', '59: bed']","[0, 59]","[0.8542713, 0.509935]","[[95.66, 265.9, 368.42, 185.26], [3.89, 264.33, 608.11, 308.04]]"
3,/home/pi/sambashare/BacArbeit/cocoval2017/000000151516.jpg,3.1935727190000307,['14: bird'],[14],[0.906684],"[[203.53, 228.84, 272.26, 87.4]]"
4,/home/pi/sambashare/BacArbeit/cocoval2017/000000350122.jpg,3.196524246000081,"['0: person', '0: person', '0: person', '0: person', '0: person', '0: person', '6: train', '24: backpack', '24: backpack', '0: person', '0: person', '0: person', '0: person', '0: person', '26: handbag', '0: person', '0: person', '24: backpack', '0: person', '24: backpack', '0: person', '0: person', '0: person', '6: train', '0: person', '0: person', '0: person', '0: person', '26: handbag', '24: backpack', '0: person']","[0, 0, 0, 0, 0, 0, 6, 24, 24, 0, 0, 0, 0, 0, 26, 0, 0, 24, 0, 24, 0, 0, 0, 6, 0, 0, 0, 0, 26, 24, 0]","[0.874924, 0.8430512, 0.84079224, 0.8285138, 0.7889189, 0.7547681, 0.7398438, 0.7360027, 0.7326733, 0.6494707, 0.6219676, 0.60785836, 0.60465676, 0.60293704, 0.55787575, 0.5223083, 0.50110155, 0.49515367, 0.49105725, 0.4860476, 0.43913218, 0.4016813, 0.39810297, 0.33157706, 0.32069057, 0.28953856, 0.28077373, 0.2784884, 0.26291728, 0.25023597, 0.25015277]","[[29.01, 203.09, 73.68, 195.12], [88.25, 204.48, 54.92, 173.36], [367.48, 307.46, 77.46, 167.03], [498.67, 255.35, 19.84, 56.17], [204.55, 217.96, 49.63, 150.15], [535.38, 250.28, 20.02, 53.5], [1, 140.84, 196.68, 137.57], [324.91, 250.9, 19.8, 31.94], [88.02, 229.79, 35.06, 46.93], [446.78, 250.9, 18.98, 59.77], [395.81, 243.96, 18.33, 30.76], [368.14, 233.81, 28.47, 44.25], [473.32, 267.2, 13.61, 37.41], [145.86, 239.05, 44.96, 127.86], [616.37, 270.42, 20.45, 22.86], [485.29, 263.14, 15.44, 40.44], [301.52, 231.96, 43.51, 108.81], [143.34, 256.45, 30.45, 59.47], [525.56, 275.21, 13.63, 29.13], [243.12, 231.96, 32.76, 45.31], [518.59, 255.9, 17.41, 48.16], [346.28, 239.64, 26.91, 38.7], [273.15, 230.77, 35.27, 46.22], [230.01, 182.87, 154.82, 74.27], [242.98, 221.56, 40.71, 119.42], [421.89, 251.13, 13.38, 23.37], [409.75, 239.1, 15.08, 34.36], [460.93, 273.94, 10.67, 29.89], [612.81, 257.35, 24.05, 43.31], [334.71, 245.64, 31.63, 34.32], [168.35, 238.08, 24.22, 28.78]]"
5,/home/pi/sambashare/BacArbeit/cocoval2017/000000104803.jpg,3.181115836999993,"['61: toilet', '41: cup']","[61, 41]","[0.8603567, 0.43750113]","[[69.51, 62.11, 191.4, 405.46], [304.02, 294.22, 56.49, 97.07]]"
6,/home/pi/sambashare/BacArbeit/cocoval2017/000000288762.jpg,3.1867032650000056,['75: vase'],[75],[0.4813711],"[[29.91, 1, 595.32, 424]]"
7,/home/pi/sambashare/BacArbeit/cocoval2017/000000150638.jpg,3.185903456999995,"['41: cup', '41: cup', '39: bottle', '39: bottle', '0: person', '39: bottle', '41: cup', '41: cup', '0: person', '0: person', '39: bottle', '56: chair', '39: bottle', '0: person', '0: person']","[41, 41, 39, 39, 0, 39, 41, 41, 0, 0, 39, 56, 39, 0, 0]","[0.90607035, 0.90326023, 0.88463384, 0.86924535, 0.8178543, 0.76530313, 0.7450661, 0.7046733, 0.62703615, 0.6176376, 0.5722487, 0.40755117, 0.3762315, 0.32048997, 0.2646967]","[[513.84, 196.2, 40.41, 56.32], [358.29, 247.6, 52.06, 71.92], [550.07, 105.63, 46.7, 119.86], [383.0, 112.11, 54.7, 130.67], [186.02, 1, 141.95, 89.15], [466.03, 100.77, 34.24, 53.19], [511.38, 171.76, 38.05, 27.83], [366.72, 140.26, 26.41, 40.78], [498.99, 1, 78.62, 67.4], [145.23, 13.45, 50.76, 77.12], [440.46, 100.17, 27.06, 54.12], [144.41, 47.46, 51.42, 70.27], [148.26, 172.18, 30.39, 67.5], [163.41, 13.12, 35.28, 51.12], [169.5, 6.18, 14.56, 18.68]]"
8,/home/pi/sambashare/BacArbeit/cocoval2017/000000496722.jpg,3.1850283669999726,"['2: car', '2: car', '2: car']","[2, 2, 2]","[0.7050485, 0.64872944, 0.4537529]","[[313.31, 150.23, 13.56, 11.05], [285.46, 152.76, 15.05, 9.69], [342.58, 149.81, 18.22, 8.8]]"
9,/home/pi/sambashare/BacArbeit/cocoval2017/000000167898.jpg,3.18070469099996,"['61: toilet', '71: sink', '39: bottle']","[61, 71, 39]","[0.90273714, 0.8430797, 0.40570962]","[[373.82, 272.0, 244.08, 207.32], [248.74, 178.19, 220.03, 98.43], [434.95, 78.31, 28.04, 77.65]]"
10,/home/pi/sambashare/BacArbeit/cocoval2017/000000334483.jpg,3.1826408609999817,"['0: person', '55: cake', '55: cake', '0: person', '0: person', '42: fork', '0: person', '55: cake', '0: person', '0: person', '42: fork', '60: dining table', '55: cake', '55: cake', '42: fork', '55: cake', '44: spoon', '26: handbag']","[0, 55, 55, 0, 0, 42, 0, 55, 0, 0, 42, 60, 55, 55, 42, 55, 44, 26]","[0.9207928, 0.8893086, 0.87861353, 0.85754913, 0.85473794, 0.76428264, 0.756878, 0.7248569, 0.67280763, 0.48473, 0.46931732, 0.45666918, 0.39960974, 0.39905816, 0.3348967, 0.3140381, 0.2845424, 0.2724195]","[[233.66, 88.95, 163.7, 273.75], [238.78, 502.47, 35.41, 36.98], [323.37, 338.76, 145.36, 120.13], [1.53, 90.33, 228.18, 327.53], [91.73, 138.87, 141.79, 196.55], [166.22, 420.52, 49.53, 95.75], [438.15, 184.21, 41.68, 145.13], [262.54, 600.67, 71.23, 39.16], [32.98, 419.35, 195.55, 209.7], [1, 414.26, 65.09, 210.26], [168.23, 553.28, 76.06, 83.92], [68.98, 340.83, 411.02, 298.83], [363.48, 513.17, 85.02, 56.43], [193.97, 501.52, 31.54, 37.77], [168.47, 553.91, 44.32, 54.61], [374.27, 573.37, 105.62, 65.89], [237.68, 450.81, 35.07, 32.09], [45.19, 364.47, 133.34, 68.81]]"
11,/home/pi/sambashare/BacArbeit/cocoval2017/000000042070.jpg,3.1838470760000064,"['5: bus', '2: car']","[5, 2]","[0.8977226, 0.37637073]","[[108.93, 11.97, 467.01, 454.35], [1, 308.15, 29.32, 78.39]]"
12,/home/pi/sambashare/BacArbeit/cocoval2017/000000350607.jpg,3.19650815600005,['56: chair'],[56],[0.84555393],"[[58.68, 104.61, 494.03, 212.95]]"
13,/home/pi/sambashare/BacArbeit/cocoval2017/000000136466.jpg,3.1969866809999985,['69: oven'],[69],[0.85104],"[[40.88, 96.65, 272.21, 393.09]]"
14,/home/pi/sambashare/BacArbeit/cocoval2017/000000229948.jpg,3.184533571000088,"['0: person', '17: horse', '0: person', '0: person', '0: person', '0: person', '17: horse', '0: person', '2: car', '2: car', '0: person']","[0, 17, 0, 0, 0, 0, 17, 0, 2, 2, 0]","[0.8905935, 0.877889, 0.81318027, 0.7708387, 0.70279056, 0.68719184, 0.65276176, 0.55434525, 0.47260934, 0.4166553, 0.32918197]","[[196.63, 111.81, 93.23, 129.01], [309.64, 83.54, 225.26, 252.47], [82.93, 175.14, 38.34, 32.41], [114.92, 176.21, 39.64, 31.28], [1, 185.04, 15.33, 44.26], [23.86, 181.53, 56.23, 47.67], [448.6, 120.41, 164.5, 208.68], [620.72, 158.97, 19.13, 89.44], [132.24, 32.99, 24.63, 7.93], [85.49, 33.07, 35.26, 16.49], [50.08, 181.86, 30.44, 26.32]]"
15,/home/pi/sambashare/BacArbeit/cocoval2017/000000433980.jpg,3.189428840000005,['0: person'],[0],[0.4983608],"[[1, 8.37, 363.1, 489.24]]"
16,/home/pi/sambashare/BacArbeit/cocoval2017/000000375015.jpg,3.1921624749999182,"['21: bear', '14: bird']","[21, 14]","[0.8573281, 0.27117]","[[287.64, 1, 350.72, 394.83], [21.08, 131.04, 53.72, 51.6]]"
17,/home/pi/sambashare/BacArbeit/cocoval2017/000000388258.jpg,3.1778859610000154,"['4: airplane', '1: bicycle', '39: bottle']","[4, 1, 39]","[0.94017476, 0.7879847, 0.76199776]","[[499.82, 92.76, 63.64, 27.97], [15.2, 138.96, 413.59, 309.18], [270.09, 267.99, 43.16, 47.56]]"
18,/home/pi/sambashare/BacArbeit/cocoval2017/000000293804.jpg,3.187981211999954,"['57: couch', '57: couch', '58: potted plant', '58: potted plant', '75: vase']","[57, 57, 58, 58, 75]","[0.9569879, 0.9554278, 0.78222173, 0.7254761, 0.26863268]","[[1.09, 187.2, 206.67, 145.15], [259.58, 189.87, 238.96, 142.34], [289.49, 179.49, 26.07, 57.8], [96.54, 163.23, 33.55, 26.12], [146.89, 169.33, 12.37, 20.89]]"
19,/home/pi/sambashare/BacArbeit/cocoval2017/000000464786.jpg,3.1905559530000573,"['52: hot dog', '61: toilet']","[52, 61]","[0.3716188, 0.2690919]","[[1.26, 4.79, 633.16, 421.11], [1, 1, 77.13, 91.62]]"
20,/home/pi/sambashare/BacArbeit/cocoval2017/000000073153.jpg,3.1852675420000196,['0: person'],[0],[0.9014445],"[[199.46, 27.83, 200.28, 610.67]]"
21,/home/pi/sambashare/BacArbeit/cocoval2017/000000430073.jpg,3.1844380339999816,"['19: cow', '0: person', '0: person', '0: person', '56: chair', '56: chair', '56: chair', '0: person', '56: chair', '0: person', '56: chair', '0: person', '0: person', '0: person', '3: motorcycle', '0: person', '0: person', '56: chair', '0: person', '0: person', '26: handbag']","[19, 0, 0, 0, 56, 56, 56, 0, 56, 0, 56, 0, 0, 0, 3, 0, 0, 56, 0, 0, 26]","[0.9437307, 0.9240992, 0.90235615, 0.878858, 0.86850566, 0.8567, 0.8157976, 0.8152979, 0.78074104, 0.7602285, 0.7394329, 0.731413, 0.7178356, 0.64264804, 0.59090066, 0.5642845, 0.5316392, 0.50046074, 0.49034852, 0.37036735, 0.3323245]","[[212.91, 187.5, 159.38, 119.52], [54.63, 166.14, 82.65, 233.13], [398.68, 155.04, 44.58, 102.71], [1, 192.09, 57.93, 248.28], [509.48, 252.56, 65.86, 67.39], [438.15, 228.49, 44.97, 61.22], [572.87, 246.78, 66.27, 67.4], [451.13, 202.93, 49.76, 82.44], [552.77, 208.77, 35.27, 44.91], [138.01, 125.81, 21.05, 55.61], [360.21, 211.33, 35.4, 52.04], [173.91, 126.62, 26.43, 55.4], [114.83, 122.31, 23.0, 57.13], [256.35, 119.14, 21.8, 27.9], [1, 154.85, 21.6, 31.48], [571.64, 208.45, 64.52, 81.37], [518.27, 205.46, 40.25, 54.7], [500.91, 207.28, 30.27, 73.57], [193.4, 116.89, 18.28, 54.78], [508.28, 206.2, 50.99, 95.87], [1, 302.4, 55.59, 57.54]]"
22,/home/pi/sambashare/BacArbeit/cocoval2017/000000104119.jpg,3.174293291999902,"['14: bird', '21: bear']","[14, 21]","[0.7042073, 0.45796323]","[[145.15, 1, 283.27, 445.91], [482.44, 196.75, 156.79, 272.44]]"
23,/home/pi/sambashare/BacArbeit/cocoval2017/000000336587.jpg,3.186474790000034,"['11: stop sign', '58: potted plant', '13: bench']","[11, 58, 13]","[0.9376806, 0.36915755, 0.29831204]","[[245.83, 1, 98.0, 97.9], [554.51, 264.29, 39.0, 44.48], [583.82, 287.37, 55.59, 57.19]]"
24,/home/pi/sambashare/BacArbeit/cocoval2017/000000312278.jpg,3.182266099000003,[],[],[],[]
25,/home/pi/sambashare/BacArbeit/cocoval2017/000000368752.jpg,3.1912844479999194,"['41: cup', '0: person', '45: bowl', '0: person', '45: bowl', '55: cake', '73: book', '42: fork', '0: person', '43: knife', '0: person', '56: chair']","[41, 0, 45, 0, 45, 55, 73, 42, 0, 43, 0, 56]","[0.9087898, 0.87825, 0.8348806, 0.80640996, 0.7746697, 0.6480795, 0.51088834, 0.46875548, 0.4278331, 0.3407814, 0.28284904, 0.25438914]","[[1, 262.85, 82.51, 198.22], [206.08, 1.73, 273.58, 326.58], [84.52, 409.88, 89.71, 79.48], [2.54, 8.33, 247.78, 392.79], [350.78, 431.2, 129.0, 101.0], [210.47, 326.03, 88.33, 69.81], [203.54, 444.49, 275.41, 194.94], [212.93, 328.22, 147.39, 33.92], [1, 1, 181.79, 64.7], [278.72, 343.91, 81.51, 18.89], [1, 31.87, 18.91, 217.39], [160.41, 1, 57.06, 43.3]]"
26,/home/pi/sambashare/BacArbeit/cocoval2017/000000128598.jpg,3.1823059030000422,"['49: orange', '49: orange', '47: apple', '49: orange', '49: orange', '49: orange', '49: orange', '47: apple', '49: orange', '49: orange']","[49, 49, 47, 49, 49, 49, 49, 47, 49, 49]","[0.7469516, 0.6824224, 0.6530259, 0.5551786, 0.49252862, 0.47165862, 0.37853605, 0.3418272, 0.32808837, 0.26193744]","[[240.37, 460.42, 218.72, 178.96], [222.71, 312.8, 189.92, 174.95], [114.82, 75.46, 138.99, 135.35], [404.37, 317.64, 75.41, 256.55], [1, 101.21, 142.64, 190.8], [1, 390.68, 54.17, 190.01], [366.53, 176.01, 113.15, 182.9], [34.77, 21.72, 115.44, 111.13], [186.43, 144.75, 159.41, 163.87], [30.69, 432.33, 207.36, 205.18]]"
27,/home/pi/sambashare/BacArbeit/cocoval2017/000000507042.jpg,3.1737378909999734,"['23: giraffe', '23: giraffe']","[23, 23]","[0.61309564, 0.2581159]","[[19.34, 134.24, 362.41, 485.31], [40.15, 342.78, 263.19, 256.57]]"
28,/home/pi/sambashare/BacArbeit/cocoval2017/000000088970.jpg,3.1859425559999863,"['0: person', '32: sports ball', '38: tennis racket']","[0, 32, 38]","[0.9474182, 0.83153325, 0.77960664]","[[114.68, 133.39, 181.82, 333.07], [81.61, 55.99, 13.31, 15.8], [214.06, 133.89, 78.48, 78.37]]"
29,/home/pi/sambashare/BacArbeit/cocoval2017/000000507015.jpg,3.1894348160000163,"['0: person', '0: person', '0: person', '35: baseball glove', '0: person', '0: person', '38: tennis racket', '0: person']","[0, 0, 0, 35, 0, 0, 38, 0]","[0.9465229, 0.9270995, 0.9209308, 0.83776027, 0.7883002, 0.38204396, 0.3689478, 0.33917987]","[[274.77, 164.12, 75.51, 134.58], [367.64, 163.97, 71.13, 142.23], [487.41, 185.16, 63.93, 219.65], [444.23, 232.03, 18.47, 18.54], [82.22, 109.59, 48.49, 165.86], [110.38, 124.65, 28.7, 78.24], [108.2, 116.37, 9.52, 20.56], [89.91, 92.54, 23.98, 41.03]]"
30,/home/pi/sambashare/BacArbeit/cocoval2017/000000450559.jpg,3.1776373239999884,"['36: skateboard', '0: person']","[36, 0]","[0.94140047, 0.91582346]","[[187.27, 212.6, 154.14, 160.72], [83.57, 35.81, 214.26, 318.6]]"
31,/home/pi/sambashare/BacArbeit/cocoval2017/000000067315.jpg,3.182828672000028,"['27: tie', '0: person']","[27, 0]","[0.69512117, 0.34700295]","[[126.89, 7.57, 198.61, 417.18], [1, 1.58, 637.9, 423.05]]"
32,/home/pi/sambashare/BacArbeit/cocoval2017/000000175535.jpg,3.1884180849999666,"['44: spoon', '49: orange', '45: bowl', '42: fork', '45: bowl', '45: bowl', '42: fork', '42: fork']","[44, 49, 45, 42, 45, 45, 42, 42]","[0.791703, 0.6731697, 0.5584587, 0.4982977, 0.4731925, 0.41557503, 0.38719606, 0.35949504]","[[1, 1, 48.92, 31.99], [389.43, 1, 87.95, 90.15], [166.84, 444.35, 228.62, 195.22], [248.55, 1, 82.92, 36.15], [1.02, 518.52, 161.5, 120.78], [26.27, 1, 101.7, 17.21], [284.48, 1, 46.11, 16.27], [348.77, 630.65, 47.64, 9.17]]"
33,/home/pi/sambashare/BacArbeit/cocoval2017/000000129113.jpg,3.172520511000016,"['44: spoon', '13: bench']","[44, 13]","[0.42508504, 0.31726947]","[[19.83, 134.55, 611.57, 194.5], [14.19, 23.23, 619.35, 438.95]]"
34,/home/pi/sambashare/BacArbeit/cocoval2017/000000103585.jpg,3.172709748000102,"['61: toilet', '75: vase', '71: sink', '71: sink']","[61, 75, 71, 71]","[0.90776074, 0.9008885, 0.825691, 0.7454164]","[[313.15, 345.98, 45.35, 71.8], [114.75, 307.18, 28.0, 46.62], [1, 379.87, 88.54, 53.73], [192.39, 320.63, 66.81, 21.47]]"
35,/home/pi/sambashare/BacArbeit/cocoval2017/000000035062.jpg,3.1765689519999114,"['59: bed', '0: person', '28: suitcase', '57: couch']","[59, 0, 28, 57]","[0.57124156, 0.49983183, 0.29059565, 0.27534735]","[[1, 59.0, 422.64, 575.61], [152.47, 69.69, 48.81, 39.27], [399.01, 12.01, 25.85, 71.1], [334.42, 31.39, 90.16, 379.28]]"
36,/home/pi/sambashare/BacArbeit/cocoval2017/000000451714.jpg,3.1857984429999533,"['0: person', '0: person', '30: skis', '30: skis', '24: backpack', '24: backpack']","[0, 0, 30, 30, 24, 24]","[0.92718095, 0.84385157, 0.71558243, 0.3826078, 0.31312433, 0.25486156]","[[178.7, 103.83, 142.05, 465.88], [157.02, 205.26, 35.88, 121.38], [118.82, 493.02, 359.64, 146.28], [143.44, 316.77, 63.38, 15.31], [203.03, 156.81, 42.22, 32.88], [215.38, 170.55, 88.54, 95.56]]"
37,/home/pi/sambashare/BacArbeit/cocoval2017/000000080932.jpg,3.1901765079999223,"['0: person', '42: fork', '0: person', '55: cake', '41: cup', '56: chair', '41: cup', '41: cup', '60: dining table', '39: bottle', '60: dining table', '45: bowl', '56: chair', '56: chair', '45: bowl']","[0, 42, 0, 55, 41, 56, 41, 41, 60, 39, 60, 45, 56, 56, 45]","[0.91368306, 0.892178, 0.88695586, 0.8253082, 0.82321006, 0.8000092, 0.56740344, 0.4424306, 0.38087863, 0.34046975, 0.33675608, 0.2947539, 0.27229586, 0.26124325, 0.2568801]","[[64.77, 135.14, 302.56, 328.9], [64.52, 447.79, 176.94, 82.96], [251.74, 33.67, 174.91, 357.37], [165.51, 360.51, 141.91, 138.88], [1, 323.65, 49.89, 159.75], [41.37, 281.53, 94.4, 152.32], [335.2, 578.45, 144.25, 61.06], [410.27, 130.2, 30.14, 44.64], [367.42, 165.16, 112.56, 51.61], [6.72, 81.84, 21.22, 72.99], [4.36, 370.35, 474.28, 266.95], [61.53, 132.98, 37.44, 22.57], [183.68, 89.55, 62.28, 60.84], [309.97, 281.73, 66.52, 89.12], [437.72, 170.27, 42.28, 28.67]]"
38,/home/pi/sambashare/BacArbeit/cocoval2017/000000362716.jpg,3.198997269000074,"['38: tennis racket', '0: person', '0: person']","[38, 0, 0]","[0.8745376, 0.8669219, 0.2892537]","[[129.96, 12.33, 92.73, 161.37], [123.59, 33.75, 382.38, 392.44], [613.07, 368.17, 26.42, 54.58]]"
39,/home/pi/sambashare/BacArbeit/cocoval2017/000000560371.jpg,3.1827320109999846,[],[],[],[]
40,/home/pi/sambashare/BacArbeit/cocoval2017/000000375763.jpg,3.182461566000029,"['18: sheep', '18: sheep', '18: sheep', '18: sheep', '18: sheep', '18: sheep', '18: sheep', '18: sheep', '18: sheep', '18: sheep', '18: sheep', '61: toilet']","[18, 18, 18, 18, 18, 18, 18, 18, 18, 18, 18, 61]","[0.9061652, 0.90472656, 0.88448083, 0.8843755, 0.8578636, 0.8397736, 0.8080599, 0.7158469, 0.596618, 0.42994654, 0.4067445, 0.31948265]","[[288.59, 192.35, 79.31, 113.88], [232.28, 217.54, 83.22, 123.99], [122.73, 197.67, 74.56, 103.86], [404.94, 173.41, 73.02, 129.4], [31.65, 195.62, 92.91, 107.24], [344.3, 176.1, 81.45, 108.23], [469.37, 181.35, 70.16, 123.66], [186.72, 190.0, 61.73, 110.36], [68.29, 188.92, 70.59, 91.38], [500.97, 183.56, 57.54, 103.11], [269.13, 181.42, 42.4, 39.75], [539.84, 275.28, 99.61, 204.48]]"
41,/home/pi/sambashare/BacArbeit/cocoval2017/000000017714.jpg,3.181881386999976,"['43: knife', '41: cup', '41: cup', '43: knife', '42: fork', '61: toilet', '44: spoon', '45: bowl']","[43, 41, 41, 43, 42, 61, 44, 45]","[0.920996, 0.90925616, 0.87637216, 0.8551717, 0.829292, 0.32251546, 0.27204084, 0.25734264]","[[367.1, 331.62, 156.67, 115.68], [200.8, 117.64, 106.21, 85.56], [314.62, 178.6, 100.73, 81.73], [298.5, 372.3, 182.13, 64.09], [291.13, 407.42, 191.59, 44.48], [583.93, 1, 55.59, 61.27], [357.47, 207.43, 100.06, 22.47], [96.46, 215.89, 265.3, 256.92]]"
42,/home/pi/sambashare/BacArbeit/cocoval2017/000000140556.jpg,3.1823283319999973,"['10: fire hydrant', '0: person', '0: person', '0: person', '7: truck', '0: person', '0: person']","[10, 0, 0, 0, 7, 0, 0]","[0.93014765, 0.9039689, 0.8767987, 0.8292608, 0.820427, 0.27161694, 0.27003095]","[[382.32, 240.69, 109.61, 215.93], [470.06, 15.98, 146.43, 440.74], [56.7, 68.73, 117.26, 384.91], [142.07, 2.23, 209.5, 453.43], [2.0, 259.13, 45.95, 14.99], [311.55, 144.74, 76.81, 309.89], [468.95, 260.06, 18.91, 45.92]]"
43,/home/pi/sambashare/BacArbeit/cocoval2017/000000043737.jpg,3.1932390250000253,"['74: clock', '2: car', '2: car', '2: car', '2: car', '2: car', '2: car']","[74, 2, 2, 2, 2, 2, 2]","[0.8883868, 0.72674674, 0.7092785, 0.6553092, 0.5811703, 0.3862642, 0.25612402]","[[31.57, 121.34, 113.49, 114.94], [97.74, 426.27, 49.84, 34.33], [113.03, 416.0, 64.66, 38.69], [1, 415.81, 25.63, 24.8], [166.72, 418.67, 33.28, 23.26], [28.78, 418.01, 27.95, 16.93], [97.35, 417.77, 6.43, 14.46]]"
44,/home/pi/sambashare/BacArbeit/cocoval2017/000000460927.jpg,3.1897236410000005,['21: bear'],[21],[0.9444509],"[[109.48, 68.62, 370.93, 232.43]]"
45,/home/pi/sambashare/BacArbeit/cocoval2017/000000329447.jpg,3.1812727230000064,"['16: dog', '19: cow', '19: cow', '19: cow', '19: cow']","[16, 19, 19, 19, 19]","[0.92981416, 0.8909957, 0.8888999, 0.87250346, 0.7068128]","[[468.68, 336.38, 158.26, 113.98], [72.89, 119.24, 211.12, 331.92], [1, 133.24, 84.36, 315.12], [294.83, 147.22, 194.46, 311.32], [180.92, 116.77, 132.55, 334.79]]"
46,/home/pi/sambashare/BacArbeit/cocoval2017/000000532575.jpg,3.1664623799999845,['16: dog'],[16],[0.88112724],"[[1, 64.92, 485.09, 362.08]]"
47,/home/pi/sambashare/BacArbeit/cocoval2017/000000458992.jpg,3.188269529000081,"['0: person', '39: bottle', '59: bed', '42: fork', '42: fork', '43: knife']","[0, 39, 59, 42, 42, 43]","[0.780174, 0.6992805, 0.66228074, 0.6299213, 0.6078324, 0.4485793]","[[1, 1, 470.18, 412.63], [426.97, 493.84, 52.5, 145.11], [1.61, 386.98, 469.25, 247.21], [273.82, 320.85, 165.08, 93.73], [273.2, 356.51, 87.2, 61.25], [30.86, 361.27, 113.89, 39.78]]"
48,/home/pi/sambashare/BacArbeit/cocoval2017/000000543528.jpg,3.1854309679999915,['4: airplane'],[4],[0.95407385],"[[186.28, 81.4, 331.34, 163.31]]"
49,/home/pi/sambashare/BacArbeit/cocoval2017/000000051712.jpg,3.176239676000023,"['0: person', '30: skis']","[0, 30]","[0.81927717, 0.53063774]","[[145.34, 51.54, 169.72, 249.83], [80.02, 260.99, 252.62, 71.33]]"
50,/home/pi/sambashare/BacArbeit/cocoval2017/000000455157.jpg,3.171285995000062,"['25: umbrella', '0: person', '13: bench', '13: bench', '13: bench', '13: bench', '13: bench', '26: handbag']","[25, 0, 13, 13, 13, 13, 13, 26]","[0.94044584, 0.8269967, 0.64395046, 0.6387311, 0.6173386, 0.44214863, 0.4351854, 0.25804108]","[[246.47, 135.51, 197.71, 170.59], [145.41, 158.76, 198.05, 344.17], [276.72, 290.96, 314.04, 207.46], [210.02, 367.11, 251.24, 193.09], [534.38, 259.89, 105.4, 68.82], [522.65, 354.67, 116.88, 118.94], [544.17, 321.92, 95.52, 50.11], [271.65, 268.64, 69.79, 30.57]]"
51,/home/pi/sambashare/BacArbeit/cocoval2017/000000000802.jpg,3.1758352679999007,"['72: refrigerator', '69: oven']","[72, 69]","[0.9217444, 0.8706534]","[[239.95, 187.81, 171.96, 347.25], [32.35, 285.84, 130.08, 234.21]]"
52,/home/pi/sambashare/BacArbeit/cocoval2017/000000041872.jpg,3.1815905869999597,"['56: chair', '74: clock', '59: bed', '56: chair']","[56, 74, 59, 56]","[0.9331395, 0.91096056, 0.75567156, 0.74050134]","[[327.2, 255.52, 105.13, 112.71], [177.86, 138.31, 46.97, 56.27], [3.27, 178.22, 320.83, 246.47], [254.2, 253.35, 69.68, 99.73]]"
53,/home/pi/sambashare/BacArbeit/cocoval2017/000000478862.jpg,3.195322610000062,"['0: person', '0: person', '0: person', '0: person', '0: person', '0: person', '4: airplane', '0: person', '0: person', '0: person', '0: person', '0: person', '0: person', '0: person']","[0, 0, 0, 0, 0, 0, 4, 0, 0, 0, 0, 0, 0, 0]","[0.91257524, 0.9089737, 0.87170094, 0.8177126, 0.7981878, 0.7520647, 0.6378157, 0.53583074, 0.5090525, 0.3737596, 0.3439983, 0.33657584, 0.32023942, 0.26806298]","[[406.4, 278.87, 56.23, 123.83], [79.65, 285.41, 41.2, 105.65], [118.06, 304.04, 32.85, 85.92], [596.25, 277.83, 32.62, 76.24], [569.7, 278.85, 23.04, 66.53], [151.46, 316.38, 13.81, 26.2], [8.27, 120.32, 631.73, 227.68], [39.55, 292.55, 19.65, 35.37], [589.54, 274.93, 15.15, 69.13], [627.51, 277.28, 11.77, 74.25], [269.67, 326.25, 19.69, 22.24], [452.77, 312.67, 38.51, 33.42], [297.49, 325.4, 19.7, 26.11], [105.86, 285.26, 12.54, 22.05]]"
54,/home/pi/sambashare/BacArbeit/cocoval2017/000000287874.jpg,3.185833893999984,"['6: train', '0: person', '0: person', '0: person', '0: person', '0: person', '13: bench', '0: person', '13: bench']","[6, 0, 0, 0, 0, 0, 13, 0, 13]","[0.9303109, 0.6714305, 0.5655216, 0.5378336, 0.4814719, 0.473792, 0.45068932, 0.31890157, 0.26749098]","[[201.1, 130.3, 202.44, 197.5], [434.33, 221.07, 16.64, 48.95], [445.89, 249.88, 11.71, 21.72], [411.32, 205.92, 15.21, 40.41], [155.69, 161.71, 7.98, 18.08], [416.51, 207.81, 17.05, 41.32], [103.04, 261.88, 22.96, 25.58], [386.62, 195.23, 13.15, 23.06], [118.87, 224.76, 20.06, 25.82]]"
55,/home/pi/sambashare/BacArbeit/cocoval2017/000000181969.jpg,3.179979593999974,['21: bear'],[21],[0.71558535],"[[2.62, 10.53, 569.29, 627.83]]"
56,/home/pi/sambashare/BacArbeit/cocoval2017/000000203639.jpg,3.1919676210000034,['0: person'],[0],[0.9587449],"[[78.31, 45.8, 238.19, 575.06]]"
57,/home/pi/sambashare/BacArbeit/cocoval2017/000000240023.jpg,3.180224924000072,"['0: person', '56: chair', '38: tennis racket', '32: sports ball', '0: person', '0: person', '0: person', '0: person', '0: person', '0: person', '0: person']","[0, 56, 38, 32, 0, 0, 0, 0, 0, 0, 0]","[0.9379304, 0.9252785, 0.8876402, 0.8651581, 0.83419645, 0.52855474, 0.5020774, 0.37495488, 0.34847462, 0.30766198, 0.3043161]","[[212.44, 146.55, 183.82, 490.89], [400.5, 96.86, 79.26, 120.21], [146.01, 408.53, 176.72, 56.9], [178.96, 558.14, 24.58, 26.8], [262.26, 1, 93.17, 30.52], [388.55, 1, 89.27, 35.61], [161.67, 1, 70.71, 30.72], [213.26, 1, 51.82, 27.71], [111.06, 1, 59.83, 31.55], [1, 1, 27.85, 38.33], [68.27, 1, 70.22, 35.99]]"
58,/home/pi/sambashare/BacArbeit/cocoval2017/000000098839.jpg,3.179652565000083,['15: cat'],[15],[0.9309766],"[[132.68, 116.19, 265.14, 363.81]]"
59,/home/pi/sambashare/BacArbeit/cocoval2017/000000213086.jpg,3.180010171000049,"['16: dog', '69: oven', '75: vase']","[16, 69, 75]","[0.8266956, 0.7944657, 0.5680455]","[[1, 115.88, 140.1, 318.49], [101.38, 147.91, 272.96, 342.65], [260.42, 91.78, 31.38, 61.56]]"
60,/home/pi/sambashare/BacArbeit/cocoval2017/000000458054.jpg,3.1868647689999534,"['61: toilet', '61: toilet', '72: refrigerator']","[61, 61, 72]","[0.44174188, 0.36342663, 0.25511095]","[[416.24, 127.49, 166.68, 114.11], [233.78, 11.56, 168.1, 177.44], [1.35, 2.59, 236.07, 334.12]]"
61,/home/pi/sambashare/BacArbeit/cocoval2017/000000126592.jpg,3.1766426369999863,"['11: stop sign', '2: car', '2: car', '2: car', '2: car', '2: car', '2: car', '2: car', '2: car', '2: car', '2: car']","[11, 2, 2, 2, 2, 2, 2, 2, 2, 2, 2]","[0.9438873, 0.9076257, 0.89783114, 0.89633924, 0.8784323, 0.8782012, 0.86718714, 0.8258798, 0.81723243, 0.73433083, 0.4025696]","[[260.6, 159.15, 137.13, 138.14], [1, 259.01, 56.66, 51.22], [320.22, 270.16, 187.59, 58.78], [604.86, 256.4, 34.68, 69.95], [116.36, 251.11, 78.87, 37.51], [90.46, 263.23, 48.95, 33.01], [383.1, 248.01, 110.73, 42.57], [22.93, 255.81, 74.85, 44.33], [201.56, 253.03, 72.44, 27.54], [189.82, 259.47, 24.86, 24.71], [440.03, 253.99, 40.35, 13.58]]"
62,/home/pi/sambashare/BacArbeit/cocoval2017/000000254368.jpg,3.1760070240000005,"['54: donut', '59: bed']","[54, 59]","[0.7208252, 0.7013974]","[[121.22, 206.75, 70.24, 63.78], [18.53, 50.5, 370.82, 579.45]]"
63,/home/pi/sambashare/BacArbeit/cocoval2017/000000395388.jpg,3.1839089339999873,"['0: person', '0: person', '0: person', '0: person', '0: person', '0: person', '24: backpack', '21: bear', '0: person', '0: person']","[0, 0, 0, 0, 0, 0, 24, 21, 0, 0]","[0.95048976, 0.94690233, 0.84751165, 0.75679594, 0.6675287, 0.65996534, 0.47200966, 0.44052288, 0.42903128, 0.36189213]","[[178.45, 269.75, 154.14, 325.88], [24.76, 212.74, 121.45, 426.39], [120.21, 274.25, 37.57, 138.69], [173.56, 272.01, 47.49, 77.89], [1, 267.44, 39.34, 194.87], [161.57, 292.38, 17.94, 47.01], [159.05, 339.82, 32.89, 118.12], [408.95, 444.48, 70.81, 106.74], [1, 309.54, 12.43, 163.04], [34.09, 264.21, 22.74, 26.16]]"
64,/home/pi/sambashare/BacArbeit/cocoval2017/000000055022.jpg,3.1892209840000305,"['1: bicycle', '0: person', '1: bicycle', '1: bicycle', '3: motorcycle', '1: bicycle', '1: bicycle', '26: handbag', '0: person']","[1, 0, 1, 1, 3, 1, 1, 26, 0]","[0.89328414, 0.75693136, 0.6596921, 0.553386, 0.45762968, 0.35867763, 0.29374495, 0.28956208, 0.27597106]","[[244.91, 1, 36.9, 79.76], [430.06, 91.35, 36.63, 81.33], [32.17, 204.6, 298.48, 416.58], [317.1, 128.91, 56.79, 116.85], [76.37, 154.66, 254.46, 180.03], [225.6, 136.25, 143.95, 169.29], [289.18, 166.47, 81.77, 142.95], [1, 142.29, 11.99, 68.98], [419.65, 108.38, 24.08, 63.72]]"
65,/home/pi/sambashare/BacArbeit/cocoval2017/000000505942.jpg,3.1852246380000224,"['0: person', '9: traffic light', '9: traffic light', '0: person', '9: traffic light', '2: car', '9: traffic light', '28: suitcase']","[0, 9, 9, 0, 9, 2, 9, 28]","[0.8806005, 0.7552923, 0.74484485, 0.73221576, 0.7099974, 0.7097985, 0.70298845, 0.29789504]","[[15.77, 105.5, 50.33, 148.52], [92.03, 12.4, 23.1, 48.62], [305.46, 30.74, 24.79, 55.43], [41.86, 100.69, 74.69, 161.7], [283.16, 30.28, 20.72, 53.83], [457.75, 167.69, 42.05, 36.44], [203.88, 76.32, 10.65, 23.87], [78.45, 351.44, 144.73, 23.46]]"
66,/home/pi/sambashare/BacArbeit/cocoval2017/000000397327.jpg,3.1754383609999195,"['61: toilet', '71: sink']","[61, 71]","[0.89321274, 0.80804056]","[[130.6, 95.81, 167.69, 330.72], [322.72, 66.9, 253.11, 98.72]]"
67,/home/pi/sambashare/BacArbeit/cocoval2017/000000064718.jpg,3.1949286020000045,"['0: person', '38: tennis racket']","[0, 38]","[0.92616874, 0.81729466]","[[112.62, 44.65, 319.16, 417.98], [63.73, 123.17, 81.18, 144.5]]"
68,/home/pi/sambashare/BacArbeit/cocoval2017/000000084492.jpg,3.1777722990000257,"['36: skateboard', '0: person', '2: car', '1: bicycle', '1: bicycle', '2: car']","[36, 0, 2, 1, 1, 2]","[0.91972625, 0.9026102, 0.61732775, 0.6020144, 0.41514164, 0.33916262]","[[268.37, 271.31, 76.91, 131.86], [236.68, 100.69, 172.34, 280.79], [266.65, 500.48, 39.92, 22.0], [216.08, 471.06, 25.8, 54.43], [178.75, 474.81, 47.82, 50.93], [375.27, 507.41, 19.81, 16.92]]"
69,/home/pi/sambashare/BacArbeit/cocoval2017/000000382009.jpg,3.1994176559999232,"['38: tennis racket', '0: person']","[38, 0]","[0.9121068, 0.90166134]","[[385.86, 290.84, 146.66, 91.88], [192.49, 19.23, 258.25, 404.73]]"
70,/home/pi/sambashare/BacArbeit/cocoval2017/000000500826.jpg,3.1980942989999903,['9: traffic light'],[9],[0.7235099],"[[165.54, 387.13, 49.11, 38.78]]"
71,/home/pi/sambashare/BacArbeit/cocoval2017/000000187734.jpg,3.188111891999938,"['0: person', '0: person', '38: tennis racket', '0: person', '38: tennis racket', '0: person', '32: sports ball', '32: sports ball', '32: sports ball', '32: sports ball', '32: sports ball', '0: person', '32: sports ball', '0: person', '56: chair', '32: sports ball']","[0, 0, 38, 0, 38, 0, 32, 32, 32, 32, 32, 0, 32, 0, 56, 32]","[0.8684942, 0.77720994, 0.749918, 0.71561766, 0.7069517, 0.62146354, 0.46608537, 0.46265322, 0.4364489, 0.35378608, 0.3398802, 0.3376719, 0.31147397, 0.3065496, 0.29231095, 0.27542317]","[[39.38, 108.0, 91.18, 346.07], [110.18, 131.73, 88.0, 281.33], [185.47, 266.53, 39.67, 40.03], [249.18, 232.39, 82.56, 77.29], [124.34, 218.3, 63.87, 50.98], [12.11, 138.85, 44.52, 236.15], [507.22, 302.78, 18.26, 12.23], [524.8, 294.01, 10.39, 9.34], [524.54, 303.78, 9.89, 8.42], [514.58, 293.17, 11.48, 9.94], [525.5, 285.1, 11.2, 10.89], [1, 129.86, 15.05, 38.57], [514.47, 303.42, 19.7, 9.78], [1, 110.8, 55.04, 98.66], [398.6, 85.3, 85.11, 225.96], [527.61, 273.89, 10.94, 10.72]]"
72,/home/pi/sambashare/BacArbeit/cocoval2017/000000099242.jpg,3.188081876999945,"['0: person', '30: skis']","[0, 30]","[0.94010204, 0.8759179]","[[288.97, 76.64, 124.13, 208.96], [314.75, 267.76, 116.2, 32.23]]"
73,/home/pi/sambashare/BacArbeit/cocoval2017/000000084664.jpg,3.1806337470000017,"['45: bowl', '48: sandwich', '41: cup']","[45, 48, 41]","[0.891183, 0.5254134, 0.50236666]","[[347.25, 80.86, 212.33, 176.14], [548.3, 140.74, 63.15, 439.84], [573.29, 1, 38.02, 136.8]]"
74,/home/pi/sambashare/BacArbeit/cocoval2017/000000236784.jpg,3.178295349999985,"['16: dog', '16: dog', '57: couch']","[16, 16, 57]","[0.931363, 0.9269802, 0.70137715]","[[1.51, 192.29, 242.86, 155.05], [234.09, 191.38, 261.14, 133.99], [2.7, 98.07, 497.3, 299.31]]"
75,/home/pi/sambashare/BacArbeit/cocoval2017/000000225757.jpg,3.190237647999993,"['66: keyboard', '62: tv', '63: laptop', '64: mouse', '62: tv', '62: tv', '67: cell phone', '67: cell phone', '67: cell phone', '64: mouse', '65: remote', '66: keyboard', '64: mouse', '67: cell phone', '41: cup']","[66, 62, 63, 64, 62, 62, 67, 67, 67, 64, 65, 66, 64, 67, 41]","[0.9387908, 0.92415833, 0.9234147, 0.8852844, 0.87618315, 0.8686202, 0.7834405, 0.77112263, 0.62209815, 0.6071339, 0.5845883, 0.43527097, 0.42212775, 0.41960955, 0.2635131]","[[87.09, 236.24, 184.66, 64.72], [120.04, 39.0, 179.36, 143.4], [318.45, 234.99, 153.97, 119.77], [249.3, 284.34, 46.09, 54.4], [1, 48.04, 80.68, 128.7], [318.4, 38.59, 170.6, 155.89], [229.89, 197.12, 28.07, 38.27], [265.24, 203.02, 23.36, 39.21], [80.56, 192.75, 19.79, 41.17], [28.12, 258.95, 37.95, 15.62], [96.11, 217.42, 71.41, 20.47], [99.6, 187.68, 59.87, 35.73], [51.52, 199.63, 28.69, 36.85], [312.64, 222.9, 37.65, 32.09], [314.54, 1, 45.82, 25.48]]"
76,/home/pi/sambashare/BacArbeit/cocoval2017/000000567825.jpg,3.16926068500004,"['40: wine glass', '41: cup', '55: cake']","[40, 41, 55]","[0.92634016, 0.8433257, 0.5376617]","[[235.21, 1.32, 159.61, 361.29], [16.09, 1, 176.66, 309.82], [14.64, 258.87, 278.84, 309.01]]"
77,/home/pi/sambashare/BacArbeit/cocoval2017/000000006012.jpg,3.18097615399995,"['47: apple', '46: banana', '46: banana']","[47, 46, 46]","[0.7994511, 0.48524427, 0.30134803]","[[199.8, 244.01, 240.41, 223.04], [173.46, 23.81, 132.3, 468.47], [105.78, 19.66, 446.22, 484.71]]"
78,/home/pi/sambashare/BacArbeit/cocoval2017/000000167486.jpg,3.183316988999991,"['0: person', '1: bicycle', '0: person', '0: person', '0: person']","[0, 1, 0, 0, 0]","[0.81727844, 0.7996706, 0.41844755, 0.32959303, 0.29088444]","[[145.86, 84.09, 120.04, 340.42], [156.78, 239.39, 216.08, 211.62], [617.2, 224.59, 22.67, 135.9], [486.34, 154.53, 51.14, 145.72], [238.25, 174.79, 65.74, 84.34]]"
79,/home/pi/sambashare/BacArbeit/cocoval2017/000000407524.jpg,3.1825366830000803,"['50: broccoli', '50: broccoli', '50: broccoli', '41: cup', '50: broccoli', '50: broccoli', '50: broccoli']","[50, 50, 50, 41, 50, 50, 50]","[0.63552475, 0.49898022, 0.4741243, 0.4637912, 0.39479837, 0.33459476, 0.2561428]","[[264.22, 53.48, 95.56, 106.87], [304.96, 83.15, 226.19, 241.61], [135.68, 1, 129.3, 46.48], [472.89, 1, 130.82, 41.11], [423.5, 82.34, 114.59, 118.54], [597.97, 210.9, 41.91, 123.95], [209.12, 1, 54.97, 29.15]]"
80,/home/pi/sambashare/BacArbeit/cocoval2017/000000579900.jpg,3.178590462000102,"['50: broccoli', '50: broccoli', '50: broccoli', '50: broccoli', '45: bowl', '50: broccoli', '50: broccoli', '50: broccoli', '50: broccoli', '50: broccoli', '50: broccoli']","[50, 50, 50, 50, 45, 50, 50, 50, 50, 50, 50]","[0.72574586, 0.653977, 0.59712875, 0.54166365, 0.4394387, 0.3958165, 0.3098142, 0.28556108, 0.27015188, 0.26977482, 0.2650497]","[[117.95, 96.25, 48.83, 42.7], [209.33, 141.79, 64.71, 60.09], [62.3, 314.39, 60.34, 59.49], [229.77, 66.26, 42.8, 48.86], [3.0, 22.5, 366.94, 469.52], [329.71, 175.02, 39.22, 42.55], [273.83, 210.57, 40.89, 36.44], [313.07, 154.94, 57.2, 59.4], [38.42, 163.22, 34.14, 40.65], [124.39, 148.35, 31.13, 57.09], [274.1, 293.92, 58.27, 43.19]]"
81,/home/pi/sambashare/BacArbeit/cocoval2017/000000254516.jpg,3.1901008070000216,"['0: person', '34: baseball bat', '0: person', '0: person', '0: person', '14: bird', '0: person', '0: person', '0: person', '0: person', '0: person', '0: person', '0: person', '0: person']","[0, 34, 0, 0, 0, 14, 0, 0, 0, 0, 0, 0, 0, 0]","[0.8459189, 0.7766396, 0.70410526, 0.6417004, 0.5108351, 0.42936936, 0.382446, 0.33235973, 0.29896083, 0.26500824, 0.26245314, 0.2603354, 0.259752, 0.25782466]","[[214.14, 98.56, 187.81, 326.87], [248.25, 1, 118.78, 161.99], [405.61, 147.02, 113.92, 225.75], [487.03, 158.15, 105.98, 208.96], [88.07, 108.63, 112.17, 231.98], [1, 220.35, 45.77, 85.58], [25.01, 1, 93.15, 44.47], [580.92, 158.44, 59.07, 105.87], [570.51, 161.77, 69.02, 192.35], [536.23, 157.47, 58.89, 54.58], [357.88, 1, 93.3, 25.57], [455.92, 1, 81.71, 21.82], [110.38, 1, 82.56, 41.04], [569.63, 1, 66.73, 18.79]]"
82,/home/pi/sambashare/BacArbeit/cocoval2017/000000524742.jpg,3.186031965999973,['6: train'],[6],[0.56288165],"[[1, 88.13, 639, 382.87]]"
83,/home/pi/sambashare/BacArbeit/cocoval2017/000000459195.jpg,3.1944305490000033,"['0: person', '0: person', '29: frisbee', '29: frisbee', '0: person']","[0, 0, 29, 29, 0]","[0.91081464, 0.8886255, 0.881843, 0.82333976, 0.7464568]","[[137.8, 82.04, 87.44, 233.08], [228.25, 82.35, 84.1, 261.92], [254.52, 223.25, 32.05, 25.31], [319.44, 190.88, 37.68, 28.05], [295.73, 84.5, 105.6, 249.51]]"
84,/home/pi/sambashare/BacArbeit/cocoval2017/000000019786.jpg,3.1896095979999473,"['0: person', '0: person', '28: suitcase']","[0, 0, 28]","[0.8176149, 0.8056368, 0.25982818]","[[167.82, 4.12, 135.02, 369.36], [244.76, 9.62, 236.59, 364.35], [1, 280.1, 141.22, 94.26]]"
85,/home/pi/sambashare/BacArbeit/cocoval2017/000000541952.jpg,3.1788066120000167,"['74: clock', '14: bird']","[74, 14]","[0.8665224, 0.4206746]","[[211.2, 473.78, 79.6, 78.87], [449.19, 84.75, 30.48, 16.03]]"
86,/home/pi/sambashare/BacArbeit/cocoval2017/000000002587.jpg,3.1918005109999967,['61: toilet'],[61],[0.39507937],"[[36.73, 8.42, 411.62, 348.65]]"
87,/home/pi/sambashare/BacArbeit/cocoval2017/000000307658.jpg,3.1909926299999825,['21: bear'],[21],[0.8791074],"[[4.89, 56.01, 531.95, 581.15]]"
88,/home/pi/sambashare/BacArbeit/cocoval2017/000000400573.jpg,3.20116887100005,"['54: donut', '0: person']","[54, 0]","[0.7945775, 0.50167245]","[[198.66, 314.62, 206.78, 123.54], [1, 4.99, 473.28, 627.79]]"
89,/home/pi/sambashare/BacArbeit/cocoval2017/000000192047.jpg,3.1871074759999374,['71: sink'],[71],[0.7362125],"[[88.16, 504.88, 342.05, 134.55]]"
90,/home/pi/sambashare/BacArbeit/cocoval2017/000000188592.jpg,3.1828120659999968,"['0: person', '54: donut', '57: couch', '36: skateboard']","[0, 54, 57, 36]","[0.8561346, 0.6803757, 0.6132481, 0.5870594]","[[60.92, 125.91, 284.31, 511.65], [193.85, 323.17, 85.97, 58.22], [1, 307.77, 479, 326.04], [13.9, 574.47, 193.68, 65.18]]"
91,/home/pi/sambashare/BacArbeit/cocoval2017/000000096001.jpg,3.1913810229999626,"['15: cat', '45: bowl', '10: fire hydrant', '75: vase']","[15, 45, 10, 75]","[0.8002521, 0.7548375, 0.65771747, 0.31170198]","[[404.81, 111.7, 106.94, 153.52], [44.7, 60.2, 138.74, 97.33], [586.87, 50.79, 52.85, 55.04], [228.54, 1.19, 68.44, 64.16]]"
92,/home/pi/sambashare/BacArbeit/cocoval2017/000000297343.jpg,3.1892492339999308,['11: stop sign'],[11],[0.9504945],"[[61.76, 154.64, 186.57, 190.24]]"
93,/home/pi/sambashare/BacArbeit/cocoval2017/000000432898.jpg,3.1983823360000088,"['0: person', '33: kite', '0: person', '33: kite', '33: kite', '0: person', '2: car', '0: person', '2: car', '0: person', '0: person', '7: truck', '33: kite', '33: kite', '33: kite', '2: car', '2: car', '0: person', '0: person', '0: person', '33: kite', '0: person', '0: person', '0: person', '0: person', '0: person', '0: person', '2: car', '2: car', '33: kite', '33: kite']","[0, 33, 0, 33, 33, 0, 2, 0, 2, 0, 0, 7, 33, 33, 33, 2, 2, 0, 0, 0, 33, 0, 0, 0, 0, 0, 0, 2, 2, 33, 33]","[0.9445704, 0.89898497, 0.8006801, 0.7678298, 0.6816359, 0.6503772, 0.6378289, 0.62859863, 0.61651933, 0.61484987, 0.57033676, 0.49845743, 0.4945599, 0.4789213, 0.45955428, 0.45915747, 0.4298971, 0.41877627, 0.37342146, 0.3716178, 0.35138664, 0.3413874, 0.34080654, 0.32889926, 0.32400912, 0.32062998, 0.27030274, 0.26854995, 0.26628312, 0.2610636, 0.25797364]","[[346.91, 266.38, 91.7, 217.18], [54.79, 22.19, 65.05, 44.88], [318.85, 282.35, 11.73, 28.36], [391.78, 154.92, 6.14, 11.16], [473.06, 126.39, 10.79, 8.23], [256.3, 283.16, 6.81, 16.59], [1, 279.8, 8.91, 16.95], [267.08, 284.77, 7.77, 14.89], [144.21, 278.91, 39.29, 19.81], [346.61, 283.7, 9.38, 22.48], [194.02, 286.56, 5.49, 12.7], [295.13, 274.94, 87.57, 26.41], [192.7, 239.27, 10.42, 10.93], [373.47, 237.88, 11.71, 9.12], [314.86, 227.1, 5.89, 8.42], [104.61, 282.07, 40.49, 17.88], [207.78, 283.02, 23.12, 16.02], [76.27, 284.07, 7.99, 15.95], [433.0, 286.32, 8.76, 22.58], [369.37, 283.24, 8.64, 20.75], [12.18, 241.96, 13.67, 9.96], [250.28, 280.46, 18.53, 19.98], [115.2, 282.99, 10.74, 16.52], [234.29, 284.35, 5.55, 13.71], [279.83, 283.6, 7.14, 16.74], [473.31, 289.43, 11.52, 19.8], [56.0, 281.44, 8.01, 17.23], [228.64, 276.12, 55.11, 23.99], [459.14, 288.22, 27.54, 20.18], [77.23, 238.68, 6.06, 9.75], [111.48, 236.34, 5.71, 5.1]]"
94,/home/pi/sambashare/BacArbeit/cocoval2017/000000447522.jpg,3.1848688500000435,"['50: broccoli', '50: broccoli', '50: broccoli', '50: broccoli', '45: bowl']","[50, 50, 50, 50, 45]","[0.70732373, 0.6244636, 0.6169968, 0.57498056, 0.33168706]","[[271.37, 163.63, 117.79, 123.98], [1, 257.96, 55.66, 69.38], [224.74, 316.57, 101.63, 76.59], [588.81, 185.88, 51.16, 102.54], [1, 16.36, 634.4, 463.64]]"
95,/home/pi/sambashare/BacArbeit/cocoval2017/000000281929.jpg,3.180339045000096,"['1: bicycle', '0: person', '27: tie']","[1, 0, 27]","[0.9374969, 0.82960546, 0.5899522]","[[107.49, 201.33, 414.14, 278.76], [259.94, 61.18, 170.18, 403.08], [324.58, 122.6, 18.36, 58.59]]"
96,/home/pi/sambashare/BacArbeit/cocoval2017/000000474095.jpg,3.1655442879999782,"['0: person', '56: chair']","[0, 56]","[0.93054366, 0.25339842]","[[53.44, 17.17, 218.61, 479.5], [62.33, 248.26, 29.94, 86.08]]"
97,/home/pi/sambashare/BacArbeit/cocoval2017/000000411817.jpg,3.1905867369999896,"['0: person', '62: tv', '62: tv', '0: person', '0: person', '62: tv', '62: tv', '62: tv', '0: person', '0: person', '0: person', '67: cell phone', '67: cell phone', '0: person', '62: tv', '0: person', '62: tv', '0: person', '0: person']","[0, 62, 62, 0, 0, 62, 62, 62, 0, 0, 0, 67, 67, 0, 62, 0, 62, 0, 0]","[0.8980047, 0.8897269, 0.87731946, 0.86668944, 0.84692717, 0.84270203, 0.83038896, 0.7942946, 0.7819169, 0.7482528, 0.7353758, 0.5979515, 0.5123966, 0.49050286, 0.470101, 0.41504565, 0.40409774, 0.35296896, 0.25660452]","[[443.2, 185.83, 144.79, 294.02], [6.94, 90.59, 185.5, 182.19], [250.52, 83.76, 100.41, 126.43], [573.22, 225.25, 66.53, 254.66], [380.52, 277.0, 73.43, 201.19], [390.07, 79.0, 65.31, 95.41], [466.88, 76.13, 52.77, 76.42], [516.77, 75.74, 35.0, 52.91], [545.08, 145.16, 81.99, 169.45], [544.26, 97.36, 41.69, 96.01], [570.4, 84.15, 67.3, 134.13], [389.65, 352.81, 49.31, 27.02], [564.9, 175.62, 15.24, 22.2], [343.21, 128.34, 53.25, 198.19], [348.69, 90.2, 44.55, 84.9], [36.85, 334.08, 79.75, 133.86], [623.95, 76.74, 15.75, 49.64], [626.19, 187.68, 13.5, 42.28], [347.52, 123.16, 48.28, 92.49]]"
98,/home/pi/sambashare/BacArbeit/cocoval2017/000000108503.jpg,3.1815770019999263,"['0: person', '37: surfboard', '0: person', '37: surfboard', '37: surfboard']","[0, 37, 0, 37, 37]","[0.8943186, 0.81272036, 0.7096146, 0.62144893, 0.25557545]","[[359.54, 330.72, 29.7, 68.01], [314.42, 336.34, 42.65, 35.54], [328.47, 327.44, 30.69, 70.69], [382.47, 349.96, 23.21, 28.09], [361.86, 344.37, 38.74, 33.21]]"
99,/home/pi/sambashare/BacArbeit/cocoval2017/000000368456.jpg,3.1852497380000386,['6: train'],[6],[0.58977824],"[[1, 1, 637.92, 343.28]]"
100,/home/pi/sambashare/BacArbeit/cocoval2017/000000311789.jpg,3.1799553920000108,['15: cat'],[15],[0.75323266],"[[5.88, 6.31, 631.95, 389.03]]"
101,/home/pi/sambashare/BacArbeit/cocoval2017/000000168337.jpg,3.180248382000059,"['10: fire hydrant', '0: person', '0: person', '28: suitcase', '24: backpack', '24: backpack', '26: handbag']","[10, 0, 0, 28, 24, 24, 26]","[0.9279926, 0.91101027, 0.86548656, 0.76860523, 0.7011349, 0.5923348, 0.5674285]","[[301.31, 308.0, 51.03, 85.85], [45.17, 227.68, 58.7, 159.5], [539.49, 174.03, 45.13, 132.27], [21.82, 317.19, 60.05, 84.1], [472.56, 283.39, 32.26, 30.13], [557.12, 190.26, 24.72, 41.87], [30.92, 313.16, 54.45, 38.25]]"
102,/home/pi/sambashare/BacArbeit/cocoval2017/000000015254.jpg,3.174971118999906,"['45: bowl', '45: bowl', '45: bowl', '45: bowl', '42: fork', '44: spoon']","[45, 45, 45, 45, 42, 44]","[0.9071253, 0.9003462, 0.86968094, 0.81006444, 0.6438989, 0.25376263]","[[63.6, 9.61, 304.77, 157.88], [365.06, 6.48, 176.36, 163.31], [375.74, 167.48, 206.37, 225.31], [7.14, 165.71, 371.13, 244.7], [534.82, 19.98, 97.09, 370.62], [526.69, 24.03, 50.28, 225.83]]"
103,/home/pi/sambashare/BacArbeit/cocoval2017/000000230819.jpg,3.1840870620000032,"['0: person', '37: surfboard', '37: surfboard']","[0, 37, 37]","[0.9335272, 0.5450192, 0.36064112]","[[199.95, 153.63, 83.37, 120.33], [215.41, 266.84, 75.71, 14.01], [174.77, 260.88, 117.56, 20.46]]"
104,/home/pi/sambashare/BacArbeit/cocoval2017/000000302107.jpg,3.18756066200001,"['0: person', '0: person', '35: baseball glove', '34: baseball bat']","[0, 0, 35, 34]","[0.943404, 0.8779704, 0.8082697, 0.7750146]","[[89.24, 172.97, 259.2, 341.64], [1, 298.23, 110.84, 270.98], [53.87, 487.06, 58.9, 50.24], [167.79, 340.68, 129.15, 65.98]]"
105,/home/pi/sambashare/BacArbeit/cocoval2017/000000223130.jpg,3.1834286309999698,['23: giraffe'],[23],[0.91139793],"[[135.74, 150.64, 189.92, 449.51]]"
106,/home/pi/sambashare/BacArbeit/cocoval2017/000000060363.jpg,3.187927744000035,"['74: clock', '14: bird', '14: bird']","[74, 14, 14]","[0.9153228, 0.31311002, 0.26206714]","[[64.38, 54.17, 136.65, 184.86], [443.76, 187.99, 7.54, 6.39], [394.9, 204.63, 4.75, 5.88]]"
107,/home/pi/sambashare/BacArbeit/cocoval2017/000000538364.jpg,3.17424660100005,"['0: person', '13: bench', '0: person', '2: car', '0: person', '3: motorcycle', '0: person', '26: handbag', '0: person', '2: car', '2: car', '2: car']","[0, 13, 0, 2, 0, 3, 0, 26, 0, 2, 2, 2]","[0.8956789, 0.8890212, 0.88681895, 0.8551685, 0.8517562, 0.7949592, 0.7865338, 0.564667, 0.5493728, 0.5253846, 0.5243528, 0.32120052]","[[585.95, 123.02, 53.81, 218.44], [103.7, 167.33, 52.97, 33.46], [1, 115.82, 39.12, 156.47], [262.95, 138.07, 177.71, 128.5], [43.4, 122.46, 42.88, 145.25], [298.29, 176.83, 285.06, 210.72], [369.03, 141.11, 141.52, 240.24], [32.56, 181.25, 25.53, 35.44], [270.59, 127.6, 22.39, 46.1], [534.74, 165.74, 51.16, 61.43], [517.55, 146.05, 66.88, 27.47], [486.46, 156.12, 93.84, 83.44]]"
108,/home/pi/sambashare/BacArbeit/cocoval2017/000000296284.jpg,3.188798217999988,"['54: donut', '54: donut']","[54, 54]","[0.515438, 0.2997129]","[[127.9, 211.68, 44.61, 41.63], [103.33, 210.5, 32.26, 44.17]]"
109,/home/pi/sambashare/BacArbeit/cocoval2017/000000440171.jpg,3.1758805110000594,"['0: person', '20: elephant', '14: bird']","[0, 20, 14]","[0.91831, 0.8423545, 0.43286213]","[[71.0, 6.72, 125.09, 174.67], [1, 132.75, 384.69, 473.12], [333.37, 347.14, 66.67, 66.83]]"
110,/home/pi/sambashare/BacArbeit/cocoval2017/000000369442.jpg,3.1783764130000236,"['0: person', '0: person', '0: person', '0: person', '0: person', '0: person', '0: person', '0: person', '18: sheep', '0: person', '18: sheep', '0: person', '18: sheep', '0: person', '0: person', '0: person', '2: car', '18: sheep', '18: sheep', '18: sheep', '18: sheep', '7: truck']","[0, 0, 0, 0, 0, 0, 0, 0, 18, 0, 18, 0, 18, 0, 0, 0, 2, 18, 18, 18, 18, 7]","[0.8550573, 0.8123208, 0.8086353, 0.7586214, 0.75317293, 0.7141239, 0.7049565, 0.69402736, 0.6792962, 0.64006376, 0.632428, 0.6285837, 0.62209374, 0.5480826, 0.5444481, 0.5211858, 0.5176617, 0.415644, 0.35648665, 0.35278788, 0.2881423, 0.2598662]","[[190.38, 216.96, 43.04, 88.95], [577.37, 205.82, 47.23, 130.45], [435.96, 195.73, 32.4, 64.89], [241.11, 207.71, 28.72, 94.36], [488.5, 229.94, 23.06, 43.49], [310.77, 205.32, 30.78, 52.99], [386.76, 199.79, 33.4, 58.49], [263.26, 212.55, 26.66, 92.46], [291.55, 269.21, 43.25, 60.03], [416.57, 216.13, 19.99, 40.09], [392.49, 258.61, 79.89, 66.07], [551.3, 195.68, 38.71, 131.55], [317.9, 259.83, 78.32, 61.67], [1, 245.32, 113.04, 227.07], [5.77, 1, 164.47, 465.15], [378.01, 200.95, 20.95, 58.15], [617.08, 211.53, 22.7, 66.83], [158.02, 266.66, 44.8, 47.75], [219.33, 290.02, 68.84, 27.18], [462.27, 272.35, 59.25, 59.85], [482.37, 266.03, 35.73, 44.34], [198.63, 188.66, 61.99, 49.46]]"
111,/home/pi/sambashare/BacArbeit/cocoval2017/000000180792.jpg,3.1825301520000266,['61: toilet'],[61],[0.91362673],"[[133.12, 313.65, 97.38, 186.17]]"
112,/home/pi/sambashare/BacArbeit/cocoval2017/000000519522.jpg,3.1931385419999287,"['74: clock', '74: clock', '74: clock']","[74, 74, 74]","[0.9180474, 0.8904057, 0.5709859]","[[173.45, 249.26, 31.78, 46.52], [110.82, 249.34, 34.6, 47.19], [370.03, 399.21, 9.56, 18.29]]"
113,/home/pi/sambashare/BacArbeit/cocoval2017/000000562443.jpg,3.1844441210000696,['22: zebra'],[22],[0.87408847],"[[61.95, 2.9, 435.36, 439.14]]"
114,/home/pi/sambashare/BacArbeit/cocoval2017/000000518213.jpg,3.1707066420000274,"['19: cow', '19: cow']","[19, 19]","[0.92597616, 0.7833895]","[[52.96, 126.24, 450.65, 285.88], [1, 119.9, 19.61, 28.72]]"
115,/home/pi/sambashare/BacArbeit/cocoval2017/000000521509.jpg,3.186578248000046,"['75: vase', '0: person', '59: bed', '75: vase', '58: potted plant', '62: tv', '75: vase', '39: bottle', '75: vase', '41: cup', '58: potted plant', '9: traffic light', '58: potted plant']","[75, 0, 59, 75, 58, 62, 75, 39, 75, 41, 58, 9, 58]","[0.8097122, 0.75927347, 0.7130807, 0.66004497, 0.5762543, 0.5682322, 0.5571738, 0.5273738, 0.51833653, 0.4717805, 0.3967078, 0.32461518, 0.32331878]","[[136.3, 353.43, 64.45, 73.08], [175.02, 187.45, 94.9, 169.37], [123.22, 204.26, 356.1, 214.92], [211.48, 32.29, 20.45, 19.47], [320.35, 23.03, 42.51, 28.72], [13.08, 324.16, 108.15, 101.97], [169.79, 326.07, 53.88, 97.94], [488.88, 281.62, 14.55, 28.73], [265.05, 37.47, 27.88, 13.44], [100.86, 288.48, 15.5, 25.82], [247.67, 12.7, 55.91, 40.13], [85.17, 283.09, 6.7, 17.27], [381.88, 7.58, 65.23, 44.21]]"
116,/home/pi/sambashare/BacArbeit/cocoval2017/000000275198.jpg,3.177409541999964,"['45: bowl', '41: cup', '25: umbrella', '0: person', '0: person', '0: person', '0: person', '41: cup', '42: fork', '0: person', '41: cup', '41: cup', '39: bottle', '43: knife', '42: fork', '45: bowl', '25: umbrella', '41: cup', '39: bottle', '45: bowl', '56: chair', '39: bottle', '39: bottle', '44: spoon', '56: chair', '39: bottle', '25: umbrella', '60: dining table', '45: bowl', '44: spoon', '41: cup', '43: knife', '44: spoon', '56: chair', '0: person', '56: chair', '56: chair', '58: potted plant', '44: spoon', '56: chair', '45: bowl', '58: potted plant', '39: bottle']","[45, 41, 25, 0, 0, 0, 0, 41, 42, 0, 41, 41, 39, 43, 42, 45, 25, 41, 39, 45, 56, 39, 39, 44, 56, 39, 25, 60, 45, 44, 41, 43, 44, 56, 0, 56, 56, 58, 44, 56, 45, 58, 39]","[0.91627026, 0.89555985, 0.8881053, 0.8805791, 0.8781557, 0.87631416, 0.8438334, 0.83501726, 0.824785, 0.823779, 0.82083064, 0.8083326, 0.77391845, 0.7668676, 0.7470123, 0.7037196, 0.7033761, 0.6699893, 0.6534234, 0.65120155, 0.64543915, 0.63148916, 0.6093647, 0.5822292, 0.5815076, 0.578582, 0.5723971, 0.5568886, 0.55630887, 0.53412527, 0.512886, 0.50991535, 0.440191, 0.43055913, 0.34333834, 0.32706994, 0.32590982, 0.30770746, 0.3075763, 0.2956722, 0.29126576, 0.28178215, 0.2564068]","[[356.76, 288.44, 84.02, 45.32], [197.81, 313.29, 23.94, 41.21], [494.87, 101.23, 144.57, 96.25], [299.51, 117.05, 121.94, 139.09], [1, 41.78, 186.82, 435.48], [444.87, 175.1, 58.48, 76.95], [486.81, 259.09, 152.34, 182.37], [309.32, 333.46, 24.18, 41.51], [194.47, 388.45, 17.99, 51.78], [204.47, 182.23, 94.21, 105.95], [395.46, 229.63, 20.26, 18.91], [278.27, 345.26, 26.26, 46.43], [250.26, 248.15, 20.08, 55.74], [229.95, 378.38, 15.67, 45.18], [387.85, 350.47, 68.06, 22.69], [272.34, 276.26, 82.69, 45.99], [296.62, 48.44, 245.54, 110.21], [312.51, 260.49, 19.65, 17.79], [264.39, 264.79, 30.06, 100.84], [343.3, 267.01, 48.98, 24.06], [587.04, 400.43, 52.63, 61.08], [442.61, 265.08, 27.87, 66.57], [231.94, 285.88, 35.26, 79.24], [323.78, 241.38, 30.63, 22.33], [355.52, 415.74, 194.03, 63.95], [172.27, 329.29, 38.32, 37.99], [149.24, 147.74, 199.47, 95.17], [93.31, 229.05, 440.03, 250.3], [345.7, 229.56, 51.69, 20.6], [340.69, 285.77, 21.7, 16.42], [292.91, 317.15, 39.17, 38.23], [380.62, 333.94, 79.17, 20.08], [474.6, 296.73, 14.79, 35.97], [151.69, 231.12, 78.07, 87.09], [51.68, 170.06, 119.71, 233.81], [518.8, 451.64, 109.57, 28.36], [63.5, 231.06, 103.81, 119.95], [195.97, 97.78, 106.97, 56.63], [239.77, 284.53, 7.62, 28.78], [95.14, 405.34, 59.68, 46.56], [330.75, 251.91, 40.09, 28.8], [125.74, 1, 95.25, 189.08], [401.72, 249.99, 16.33, 38.39]]"
117,/home/pi/sambashare/BacArbeit/cocoval2017/000000228942.jpg,3.1683199050000894,"['2: car', '2: car', '6: train', '11: stop sign', '7: truck', '0: person', '0: person', '9: traffic light', '0: person']","[2, 2, 6, 11, 7, 0, 0, 9, 0]","[0.9387633, 0.89540005, 0.6817142, 0.47989362, 0.47669566, 0.44085607, 0.43027434, 0.42536426, 0.34735438]","[[1, 130.97, 382.8, 168.55], [538.12, 126.97, 101.5, 108.95], [3.82, 13.25, 558.02, 173.79], [566.72, 99.31, 18.67, 19.07], [1, 110.31, 77.91, 58.64], [79.52, 110.24, 26.03, 28.37], [160.44, 144.01, 55.12, 43.32], [623.68, 35.5, 16.22, 55.99], [566.24, 123.07, 23.57, 29.36]]"
118,/home/pi/sambashare/BacArbeit/cocoval2017/000000005529.jpg,3.1833067750000055,"['0: person', '30: skis']","[0, 30]","[0.92157733, 0.6289242]","[[98.25, 125.39, 155.93, 294.78], [103.07, 412.66, 84.23, 30.38]]"
119,/home/pi/sambashare/BacArbeit/cocoval2017/000000373705.jpg,3.1877020990000347,"['0: person', '0: person', '10: fire hydrant', '0: person', '0: person', '0: person', '0: person']","[0, 0, 10, 0, 0, 0, 0]","[0.8903293, 0.88754904, 0.8644961, 0.83689964, 0.7863357, 0.47565606, 0.47087312]","[[490.89, 64.74, 90.99, 145.13], [206.05, 130.88, 44.42, 72.04], [361.74, 164.68, 181.79, 260.81], [90.43, 85.9, 43.76, 118.32], [132.34, 155.69, 33.44, 50.53], [619.52, 135.78, 20.14, 72.97], [1, 153.39, 9.16, 29.1]]"
120,/home/pi/sambashare/BacArbeit/cocoval2017/000000565153.jpg,3.1948419330000206,"['11: stop sign', '11: stop sign', '11: stop sign']","[11, 11, 11]","[0.9295462, 0.9259584, 0.9146924]","[[234.19, 183.32, 92.05, 94.29], [111.09, 164.37, 54.33, 56.33], [49.07, 180.37, 48.18, 48.76]]"
121,/home/pi/sambashare/BacArbeit/cocoval2017/000000152465.jpg,3.1901272110000036,"['61: toilet', '10: fire hydrant']","[61, 10]","[0.52125, 0.41125485]","[[314.95, 332.24, 309.07, 166.72], [332.94, 41.2, 234.39, 457.59]]"
122,/home/pi/sambashare/BacArbeit/cocoval2017/000000498857.jpg,3.1919581650000737,['23: giraffe'],[23],[0.9522651],"[[159.2, 89.04, 170.06, 231.57]]"
123,/home/pi/sambashare/BacArbeit/cocoval2017/000000276720.jpg,3.186196519999953,"['5: bus', '7: truck', '33: kite', '0: person']","[5, 7, 33, 0]","[0.88739824, 0.8528974, 0.52076524, 0.29405582]","[[269.65, 280.0, 40.43, 35.45], [243.85, 279.29, 25.07, 21.66], [605.13, 1, 33.09, 28.03], [317.0, 293.95, 7.88, 16.26]]"
124,/home/pi/sambashare/BacArbeit/cocoval2017/000000261982.jpg,3.194067808,"['36: skateboard', '0: person', '2: car', '2: car']","[36, 0, 2, 2]","[0.9103613, 0.8972174, 0.6218871, 0.42310122]","[[159.0, 212.0, 189.62, 230.75], [91.43, 2.51, 291.33, 399.51], [415.07, 112.77, 41.6, 99.61], [1, 1.71, 450.13, 153.47]]"
125,/home/pi/sambashare/BacArbeit/cocoval2017/000000531135.jpg,3.185075672000039,"['0: person', '0: person', '0: person', '0: person', '0: person', '0: person', '0: person', '0: person', '34: baseball bat', '0: person', '0: person', '35: baseball glove']","[0, 0, 0, 0, 0, 0, 0, 0, 34, 0, 0, 35]","[0.91600007, 0.91075915, 0.896347, 0.86081004, 0.84221977, 0.8302614, 0.817486, 0.8001205, 0.73129207, 0.69512784, 0.63615847, 0.35839096]","[[80.28, 191.11, 38.81, 25.89], [291.12, 214.97, 39.49, 55.39], [297.62, 174.58, 15.37, 24.45], [88.25, 174.09, 13.07, 15.18], [364.05, 223.67, 39.81, 51.61], [468.47, 177.43, 13.48, 29.86], [380.83, 169.82, 10.45, 27.0], [205.74, 164.07, 9.88, 15.48], [309.59, 206.11, 14.83, 17.93], [474.81, 1, 24.85, 50.24], [354.07, 233.46, 24.87, 41.01], [354.12, 245.51, 8.72, 7.38]]"
126,/home/pi/sambashare/BacArbeit/cocoval2017/000000365208.jpg,3.192514711000058,"['25: umbrella', '25: umbrella', '0: person', '56: chair']","[25, 25, 0, 56]","[0.8334445, 0.77778614, 0.73176926, 0.72499365]","[[61.22, 362.82, 217.5, 258.33], [143.03, 1.0, 248.45, 343.33], [152.73, 188.18, 196.22, 396.73], [32.26, 287.52, 85.45, 253.98]]"
127,/home/pi/sambashare/BacArbeit/cocoval2017/000000220732.jpg,3.177029495999932,"['7: truck', '5: bus', '7: truck', '0: person', '0: person', '5: bus', '37: surfboard', '2: car', '5: bus']","[7, 5, 7, 0, 0, 5, 37, 2, 5]","[0.91824955, 0.9040711, 0.7749772, 0.7249161, 0.6308771, 0.5903039, 0.5848228, 0.45230183, 0.304003]","[[8.03, 173.1, 364.53, 104.99], [414.25, 170.73, 224.53, 88.84], [1, 172.49, 115.5, 83.5], [362.73, 195.15, 18.0, 35.06], [162.64, 443.3, 39.27, 36.57], [5.68, 275.87, 630.77, 201.63], [511.63, 290.81, 127.64, 188.44], [439.35, 239.07, 198.03, 39.57], [485.09, 165.79, 115.97, 13.12]]"
128,/home/pi/sambashare/BacArbeit/cocoval2017/000000515982.jpg,3.18165474500006,"['0: person', '0: person', '35: baseball glove', '0: person', '32: sports ball']","[0, 0, 35, 0, 32]","[0.9364216, 0.89529127, 0.8835797, 0.86079854, 0.5110814]","[[335.3, 1, 257.42, 403.87], [166.44, 277.79, 247.0, 114.83], [339.71, 20.84, 67.07, 48.62], [610.99, 1, 28.82, 92.97], [27.35, 42.57, 25.23, 23.59]]"
129,/home/pi/sambashare/BacArbeit/cocoval2017/000000085576.jpg,3.181635108000137,['61: toilet'],[61],[0.8758307],"[[1, 262.66, 124.47, 137.19]]"
130,/home/pi/sambashare/BacArbeit/cocoval2017/000000109313.jpg,3.195579597999995,"['65: remote', '57: couch', '65: remote', '0: person', '73: book', '59: bed', '73: book', '73: book', '73: book', '24: backpack', '73: book', '73: book', '73: book', '73: book', '73: book', '73: book', '57: couch', '73: book', '73: book', '73: book', '73: book', '73: book']","[65, 57, 65, 0, 73, 59, 73, 73, 73, 24, 73, 73, 73, 73, 73, 73, 57, 73, 73, 73, 73, 73]","[0.81688404, 0.7617042, 0.73259676, 0.7174599, 0.4963871, 0.43363363, 0.43015558, 0.38573447, 0.35940608, 0.356191, 0.32608417, 0.31658584, 0.3039532, 0.29086593, 0.2907484, 0.28180423, 0.27234963, 0.26979613, 0.2640306, 0.26177648, 0.26031208, 0.2578234]","[[98.76, 355.07, 31.5, 36.63], [1, 342.65, 71.76, 273.7], [253.6, 213.14, 47.72, 33.04], [38.71, 45.47, 290.32, 561.8], [385.43, 216.44, 23.67, 40.0], [342.27, 372.19, 137.14, 57.61], [359.66, 226.47, 30.75, 30.78], [393.73, 267.55, 8.34, 28.97], [400.5, 268.04, 7.81, 27.78], [327.09, 410.88, 152.91, 117.0], [1, 264.97, 24.5, 22.67], [1, 252.49, 21.79, 12.8], [369.55, 271.82, 11.09, 26.55], [352.75, 273.92, 9.87, 26.12], [387.51, 267.71, 12.65, 29.3], [362.29, 272.09, 12.69, 26.75], [1, 454.88, 37.3, 165.3], [384.04, 268.93, 7.01, 28.16], [345.48, 274.76, 9.01, 26.28], [380.56, 228.85, 13.19, 28.41], [404.66, 267.12, 12.19, 28.43], [375.94, 271.07, 10.29, 26.79]]"
131,/home/pi/sambashare/BacArbeit/cocoval2017/000000530854.jpg,3.176315813999963,"['25: umbrella', '25: umbrella', '25: umbrella', '25: umbrella', '25: umbrella', '25: umbrella', '25: umbrella', '0: person', '25: umbrella']","[25, 25, 25, 25, 25, 25, 25, 0, 25]","[0.8868754, 0.8835575, 0.87538433, 0.8750228, 0.8619443, 0.85256386, 0.75515056, 0.7515243, 0.56907284]","[[203.7, 95.12, 249.61, 109.61], [1.2, 156.95, 456.58, 266.44], [264.52, 39.95, 254.56, 61.08], [412.47, 65.21, 194.06, 63.44], [376.44, 73.42, 261.59, 298.75], [1, 90.25, 180.26, 76.79], [556.77, 42.49, 82.71, 38.3], [56.87, 134.7, 101.88, 36.05], [150.0, 143.83, 73.55, 25.37]]"
132,/home/pi/sambashare/BacArbeit/cocoval2017/000000377000.jpg,3.1968430790000184,['15: cat'],[15],[0.70978767],"[[2.23, 22.66, 310.77, 601.48]]"
133,/home/pi/sambashare/BacArbeit/cocoval2017/000000188439.jpg,3.1800217840000187,"['7: truck', '0: person']","[7, 0]","[0.8519727, 0.29012418]","[[72.88, 215.5, 336.09, 167.74], [281.06, 240.85, 19.42, 28.82]]"
134,/home/pi/sambashare/BacArbeit/cocoval2017/000000370478.jpg,3.1805552880000505,"['63: laptop', '28: suitcase', '24: backpack', '67: cell phone', '73: book', '73: book', '73: book', '73: book', '73: book']","[63, 28, 24, 67, 73, 73, 73, 73, 73]","[0.93146694, 0.90981805, 0.8978858, 0.63561493, 0.43242773, 0.3910605, 0.33484474, 0.31571212, 0.31390604]","[[86.33, 240.01, 162.38, 161.9], [382.25, 159.46, 137.12, 232.54], [244.44, 158.97, 144.64, 198.46], [115.56, 424.41, 31.8, 29.2], [84.62, 79.17, 51.08, 24.04], [83.57, 89.3, 52.1, 22.64], [83.99, 98.33, 52.74, 20.6], [133.98, 76.84, 79.12, 23.63], [82.24, 61.13, 53.96, 28.61]]"
135,/home/pi/sambashare/BacArbeit/cocoval2017/000000098392.jpg,3.193063725999991,"['74: clock', '5: bus', '2: car', '2: car', '2: car', '0: person', '0: person', '2: car']","[74, 5, 2, 2, 2, 0, 0, 2]","[0.92771906, 0.925278, 0.9165383, 0.8227576, 0.79884976, 0.6906572, 0.5935673, 0.5222336]","[[217.36, 129.89, 50.98, 50.85], [266.61, 339.05, 212.37, 245.09], [241.68, 525.22, 237.22, 113.88], [69.06, 529.48, 56.55, 38.85], [9.9, 531.63, 44.16, 36.14], [1, 521.16, 19.92, 43.96], [330.23, 380.17, 18.28, 21.79], [451.71, 506.79, 28.15, 35.36]]"
136,/home/pi/sambashare/BacArbeit/cocoval2017/000000456865.jpg,3.188310384000033,"['4: airplane', '4: airplane', '0: person']","[4, 4, 0]","[0.69996506, 0.689568, 0.6030261]","[[21.61, 258.05, 43.17, 11.58], [87.19, 162.69, 528.54, 149.99], [378.64, 418.92, 8.18, 7.87]]"
137,/home/pi/sambashare/BacArbeit/cocoval2017/000000053994.jpg,3.191756994999878,"['12: parking meter', '2: car']","[12, 2]","[0.90456575, 0.2739813]","[[160.85, 69.48, 195.56, 420.85], [33.26, 19.65, 124.09, 32.08]]"
138,/home/pi/sambashare/BacArbeit/cocoval2017/000000480936.jpg,3.183602763999943,"['0: person', '73: book', '56: chair', '60: dining table']","[0, 73, 56, 60]","[0.87988484, 0.6740228, 0.48830298, 0.25038508]","[[77.22, 1, 274.96, 617.89], [366.78, 227.4, 108.06, 87.86], [1, 355.39, 43.11, 199.55], [318.82, 218.97, 162.19, 239.5]]"
139,/home/pi/sambashare/BacArbeit/cocoval2017/000000039951.jpg,3.186822121999967,"['0: person', '38: tennis racket', '32: sports ball']","[0, 38, 32]","[0.94017476, 0.8966837, 0.8234054]","[[237.43, 163.61, 114.98, 198.6], [321.75, 285.81, 83.15, 71.71], [384.23, 277.47, 12.53, 12.69]]"
140,/home/pi/sambashare/BacArbeit/cocoval2017/000000247838.jpg,3.1856204450000405,"['19: cow', '19: cow', '19: cow', '19: cow', '19: cow', '19: cow', '19: cow', '19: cow', '19: cow', '19: cow', '19: cow', '0: person']","[19, 19, 19, 19, 19, 19, 19, 19, 19, 19, 19, 0]","[0.86390203, 0.8554456, 0.8507083, 0.82236147, 0.80881506, 0.7704919, 0.7698235, 0.73358506, 0.6668728, 0.5805143, 0.5732309, 0.369619]","[[433.93, 295.43, 40.2, 41.96], [462.85, 268.64, 28.93, 25.05], [169.25, 265.01, 59.1, 38.55], [472.89, 298.92, 37.76, 25.3], [308.17, 280.18, 34.2, 40.31], [393.92, 287.58, 56.74, 41.48], [343.55, 261.67, 28.56, 15.99], [598.97, 267.61, 20.73, 27.19], [564.59, 269.63, 36.9, 21.01], [626.12, 254.75, 13.75, 14.59], [548.27, 271.6, 12.5, 20.59], [362.21, 278.68, 24.32, 42.81]]"
141,/home/pi/sambashare/BacArbeit/cocoval2017/000000442306.jpg,3.176821183999891,"['25: umbrella', '0: person']","[25, 0]","[0.9360513, 0.9344893]","[[87.2, 80.36, 371.34, 279.53], [246.37, 143.31, 174.88, 468.19]]"
142,/home/pi/sambashare/BacArbeit/cocoval2017/000000553788.jpg,3.1787743310001133,"['63: laptop', '0: person']","[63, 0]","[0.8147769, 0.6546075]","[[263.87, 187.36, 338.99, 138.92], [2.48, 27.69, 615.92, 328.14]]"
143,/home/pi/sambashare/BacArbeit/cocoval2017/000000522751.jpg,3.188748546999932,"['9: traffic light', '9: traffic light', '9: traffic light', '9: traffic light']","[9, 9, 9, 9]","[0.6511418, 0.59183204, 0.56514484, 0.28828034]","[[1.47, 44.11, 97.34, 91.03], [261.65, 271.43, 15.78, 31.68], [202.33, 4.66, 137.86, 114.35], [474.24, 203.4, 21.89, 38.67]]"
144,/home/pi/sambashare/BacArbeit/cocoval2017/000000174004.jpg,3.1818656329999158,['7: truck'],[7],[0.84562826],"[[19.3, 110.83, 596.02, 280.82]]"
145,/home/pi/sambashare/BacArbeit/cocoval2017/000000551822.jpg,3.17632214199989,"['41: cup', '41: cup', '41: cup', '54: donut', '55: cake', '56: chair', '41: cup', '41: cup', '48: sandwich']","[41, 41, 41, 54, 55, 56, 41, 41, 48]","[0.93634605, 0.9088969, 0.8462269, 0.4312119, 0.40120015, 0.3863003, 0.3797652, 0.37968865, 0.32373324]","[[115.71, 161.93, 192.3, 130.54], [88.07, 26.47, 132.78, 155.23], [214.91, 17.61, 111.79, 174.5], [316.51, 213.53, 229.14, 171.79], [115.56, 257.02, 272.86, 141.84], [314.92, 20.92, 82.6, 120.42], [32.75, 18.03, 89.18, 162.01], [1, 12.02, 81.88, 169.39], [105.95, 198.46, 450.96, 203.65]]"
146,/home/pi/sambashare/BacArbeit/cocoval2017/000000052565.jpg,3.19595001100015,['19: cow'],[19],[0.9618148],"[[167.75, 180.8, 302.56, 206.8]]"
147,/home/pi/sambashare/BacArbeit/cocoval2017/000000108026.jpg,3.188295433000121,"['66: keyboard', '0: person']","[66, 0]","[0.64761907, 0.5942286]","[[1, 164.14, 252.2, 262.17], [107.03, 2.55, 530.61, 425.45]]"
148,/home/pi/sambashare/BacArbeit/cocoval2017/000000522156.jpg,3.1913780930001394,['55: cake'],[55],[0.48076418],"[[192.2, 36.22, 436.0, 329.94]]"
149,/home/pi/sambashare/BacArbeit/cocoval2017/000000101022.jpg,3.1931036969999695,[],[],[],[]
150,/home/pi/sambashare/BacArbeit/cocoval2017/000000437392.jpg,3.174398083000142,['61: toilet'],[61],[0.52170444],"[[159.28, 104.57, 242.22, 528.57]]"
151,/home/pi/sambashare/BacArbeit/cocoval2017/000000015751.jpg,3.1826848129999235,"['0: person', '46: banana', '0: person', '46: banana', '0: person', '14: bird']","[0, 46, 0, 46, 0, 14]","[0.5192125, 0.5164431, 0.48808864, 0.36306885, 0.35422388, 0.3513724]","[[44.82, 348.54, 126.94, 35.74], [1, 1, 226.13, 58.44], [105.08, 323.74, 46.95, 48.02], [3.08, 46.92, 635.35, 234.78], [224.3, 379.54, 50.85, 47.38], [153.37, 236.54, 148.15, 116.6]]"
152,/home/pi/sambashare/BacArbeit/cocoval2017/000000062692.jpg,3.1776213030000235,"['0: person', '38: tennis racket', '38: tennis racket']","[0, 38, 38]","[0.94609857, 0.32993242, 0.26946157]","[[106.47, 285.84, 186.04, 263.87], [190.68, 394.15, 22.84, 20.26], [160.78, 392.88, 52.71, 52.5]]"
153,/home/pi/sambashare/BacArbeit/cocoval2017/000000132116.jpg,3.183096902999978,"['45: bowl', '50: broccoli']","[45, 50]","[0.91244364, 0.8898599]","[[2.22, 269.62, 406.77, 341.77], [337.29, 1, 274.19, 330.12]]"
154,/home/pi/sambashare/BacArbeit/cocoval2017/000000558213.jpg,3.18358003000003,"['0: person', '0: person', '36: skateboard', '36: skateboard']","[0, 0, 36, 36]","[0.90522945, 0.83207464, 0.67904794, 0.30919757]","[[255.97, 214.34, 58.24, 145.7], [120.7, 250.94, 40.27, 65.68], [244.45, 343.06, 59.29, 19.8], [121.7, 322.26, 19.97, 5.85]]"
155,/home/pi/sambashare/BacArbeit/cocoval2017/000000240049.jpg,3.184319437999875,"['23: giraffe', '23: giraffe', '0: person', '0: person']","[23, 23, 0, 0]","[0.9169447, 0.89465505, 0.88634604, 0.597087]","[[23.79, 138.56, 273.05, 261.02], [354.14, 101.15, 71.57, 107.77], [185.32, 172.47, 240.41, 464.87], [178.09, 187.77, 121.91, 334.25]]"
156,/home/pi/sambashare/BacArbeit/cocoval2017/000000331280.jpg,3.1745402639999156,"['17: horse', '0: person', '0: person', '0: person', '36: skateboard', '0: person', '17: horse', '0: person', '0: person', '0: person', '0: person', '0: person', '0: person', '0: person', '0: person', '0: person', '0: person', '0: person']","[17, 0, 0, 0, 36, 0, 17, 0, 0, 0, 0, 0, 0, 0, 0, 0, 0, 0]","[0.93130404, 0.8686953, 0.81771564, 0.7992142, 0.7832715, 0.7483326, 0.71671385, 0.6750924, 0.62455076, 0.6152678, 0.57434046, 0.56970274, 0.50440323, 0.49090236, 0.33927733, 0.32782122, 0.31146514, 0.27209428]","[[72.64, 69.49, 293.91, 201.94], [265.1, 190.2, 76.87, 137.24], [363.08, 108.86, 55.35, 54.74], [430.77, 191.53, 48.55, 88.83], [305.26, 305.93, 102.82, 59.93], [15.36, 182.4, 72.65, 141.49], [395.49, 59.88, 104.51, 178.21], [195.07, 57.28, 47.1, 41.04], [1, 109.31, 70.14, 75.87], [1, 86.1, 50.84, 51.45], [405.24, 26.54, 45.5, 43.51], [415.83, 237.7, 83.58, 127.31], [365.32, 58.58, 47.12, 66.6], [302.82, 52.7, 62.58, 54.58], [1, 60.11, 16.6, 47.78], [476.75, 48.1, 23.1, 47.3], [313.16, 15.11, 57.78, 62.77], [265.93, 1, 33.47, 52.05]]"
157,/home/pi/sambashare/BacArbeit/cocoval2017/000000292236.jpg,3.196864370999947,"['0: person', '0: person', '0: person', '0: person', '28: suitcase', '0: person', '28: suitcase', '6: train']","[0, 0, 0, 0, 28, 0, 28, 6]","[0.954613, 0.86691517, 0.82090175, 0.80153835, 0.7093845, 0.6789416, 0.32614854, 0.284921]","[[100.91, 94.6, 110.96, 397.42], [1, 114.66, 32.45, 348.37], [52.89, 118.51, 70.81, 328.91], [26.86, 118.33, 29.51, 128.3], [55.16, 352.43, 19.87, 80.13], [46.61, 108.19, 25.79, 80.26], [53.81, 350.46, 57.22, 83.39], [200.7, 33.28, 130.61, 125.31]]"
158,/home/pi/sambashare/BacArbeit/cocoval2017/000000029640.jpg,3.1863259330000346,"['50: broccoli', '44: spoon', '50: broccoli', '50: broccoli', '50: broccoli', '50: broccoli', '45: bowl', '50: broccoli', '50: broccoli', '50: broccoli', '45: bowl']","[50, 44, 50, 50, 50, 50, 45, 50, 50, 50, 45]","[0.76352763, 0.7610738, 0.71260357, 0.6905912, 0.6174927, 0.57704604, 0.5365838, 0.47206327, 0.46901, 0.44447577, 0.344854]","[[81.47, 19.29, 76.57, 82.06], [507.23, 200.44, 131.93, 123.3], [26.04, 102.22, 76.05, 77.04], [224.91, 6.03, 132.89, 100.4], [162.92, 32.95, 105.94, 62.37], [96.5, 230.1, 98.56, 100.87], [1, 1, 635.7, 422.7], [262.08, 82.59, 133.07, 87.37], [16.84, 222.44, 94.33, 107.48], [239.35, 143.08, 86.81, 88.32], [1, 364.09, 55.35, 61.42]]"
159,/home/pi/sambashare/BacArbeit/cocoval2017/000000395903.jpg,3.190440958000181,"['0: person', '37: surfboard']","[0, 37]","[0.84768397, 0.82288945]","[[472.05, 118.65, 95.94, 164.86], [516.6, 128.18, 68.85, 156.12]]"
160,/home/pi/sambashare/BacArbeit/cocoval2017/000000079837.jpg,3.181670823000104,"['8: boat', '8: boat', '8: boat', '8: boat', '8: boat', '8: boat', '8: boat', '8: boat', '8: boat']","[8, 8, 8, 8, 8, 8, 8, 8, 8]","[0.64555603, 0.60897946, 0.5531678, 0.47355792, 0.4052773, 0.3616982, 0.32868338, 0.25661552, 0.25533858]","[[113.31, 351.8, 89.74, 66.6], [222.57, 351.67, 59.23, 26.54], [417.36, 392.37, 9.56, 60.59], [1, 356.26, 7.3, 28.81], [280.17, 344.45, 76.14, 18.74], [385.89, 341.38, 38.93, 12.98], [79.5, 351.57, 51.84, 17.11], [78.24, 246.43, 51.02, 122.39], [176.73, 341.52, 30.5, 17.36]]"
161,/home/pi/sambashare/BacArbeit/cocoval2017/000000256941.jpg,3.199186483999938,"['25: umbrella', '1: bicycle', '25: umbrella', '25: umbrella', '25: umbrella']","[25, 1, 25, 25, 25]","[0.7101856, 0.43605208, 0.29314533, 0.28200945, 0.26978257]","[[13.33, 1, 317.05, 106.69], [107.89, 184.02, 173.19, 137.64], [63.93, 301.28, 214.5, 136.06], [1, 285.8, 24.76, 106.74], [1, 259.72, 79.95, 134.13]]"
162,/home/pi/sambashare/BacArbeit/cocoval2017/000000296222.jpg,3.1771191379998527,"['41: cup', '0: person', '56: chair', '42: fork', '44: spoon', '56: chair']","[41, 0, 56, 42, 44, 56]","[0.9105356, 0.86414635, 0.4981191, 0.36443067, 0.36212212, 0.25017124]","[[456.23, 162.94, 46.85, 68.91], [132.04, 41.81, 376.31, 436.14], [540.06, 382.77, 99.25, 97.01], [351.05, 399.83, 52.73, 60.1], [283.76, 440.49, 82.17, 19.06], [1, 293.7, 114.13, 185.72]]"
163,/home/pi/sambashare/BacArbeit/cocoval2017/000000006614.jpg,3.1936292759999105,"['49: orange', '49: orange', '47: apple']","[49, 49, 47]","[0.3911203, 0.3695295, 0.2842516]","[[124.33, 67.95, 184.9, 186.14], [103.87, 33.49, 82.3, 56.96], [296.37, 61.78, 187.46, 191.03]]"
164,/home/pi/sambashare/BacArbeit/cocoval2017/000000192904.jpg,3.196178155000098,"['41: cup', '41: cup', '44: spoon', '45: bowl', '41: cup', '44: spoon', '60: dining table']","[41, 41, 44, 45, 41, 44, 60]","[0.8989145, 0.8798708, 0.87500024, 0.71945477, 0.5927401, 0.5900512, 0.32955208]","[[175.85, 158.79, 89.4, 88.25], [297.53, 228.27, 119.96, 91.89], [296.81, 309.8, 126.16, 21.97], [363.84, 70.53, 102.51, 94.82], [298.68, 121.9, 105.15, 109.44], [252.5, 179.15, 18.95, 86.82], [1, 1, 635.89, 433.26]]"
165,/home/pi/sambashare/BacArbeit/cocoval2017/000000486112.jpg,3.1854662890000327,"['20: elephant', '0: person']","[20, 0]","[0.5882357, 0.5078087]","[[1.31, 22.83, 638.6, 403.57], [454.42, 238.44, 185.58, 188.56]]"
166,/home/pi/sambashare/BacArbeit/cocoval2017/000000125129.jpg,3.180659086000105,"['56: chair', '60: dining table', '0: person', '0: person', '56: chair', '0: person', '56: chair', '73: book', '56: chair']","[56, 60, 0, 0, 56, 0, 56, 73, 56]","[0.9086837, 0.825889, 0.8256377, 0.8107931, 0.7857378, 0.6196835, 0.55104667, 0.40566477, 0.31151366]","[[1, 107.06, 106.47, 142.96], [1, 223.67, 351.65, 107.95], [97.3, 1, 97.18, 185.73], [124.79, 53.92, 213.61, 205.25], [310.99, 114.06, 63.61, 175.0], [372.62, 1, 102.7, 292.96], [451.34, 221.98, 48.43, 109.19], [43.73, 299.58, 117.01, 33.42], [450.05, 299.18, 48.77, 33.3]]"
167,/home/pi/sambashare/BacArbeit/cocoval2017/000000312263.jpg,3.1886880040001415,['74: clock'],[74],[0.90820944],"[[228.45, 545.36, 74.48, 68.85]]"
168,/home/pi/sambashare/BacArbeit/cocoval2017/000000536947.jpg,3.187486822999972,"['72: refrigerator', '7: truck', '28: suitcase', '41: cup']","[72, 7, 28, 41]","[0.8813766, 0.34188586, 0.28670758, 0.28192535]","[[289.54, 132.07, 122.73, 217.92], [507.1, 191.21, 132.6, 72.46], [621.17, 252.69, 18.37, 23.54], [259.36, 437.6, 47.71, 21.44]]"
169,/home/pi/sambashare/BacArbeit/cocoval2017/000000279927.jpg,3.172405104000063,"['0: person', '25: umbrella', '25: umbrella', '0: person', '13: bench', '0: person', '25: umbrella', '0: person', '0: person', '0: person']","[0, 25, 25, 0, 13, 0, 25, 0, 0, 0]","[0.8394424, 0.8306385, 0.81856424, 0.75238997, 0.6877538, 0.6403041, 0.63783044, 0.5912611, 0.306534, 0.29752985]","[[181.02, 236.06, 77.4, 141.32], [33.11, 190.95, 58.61, 22.99], [209.88, 213.96, 65.73, 29.42], [119.3, 213.31, 49.95, 145.43], [1, 347.39, 45.24, 35.28], [157.2, 214.42, 41.36, 133.22], [154.79, 204.92, 52.23, 17.6], [77.02, 205.29, 50.17, 147.96], [59.28, 233.23, 32.54, 96.5], [120.98, 205.08, 36.5, 37.82]]"
170,/home/pi/sambashare/BacArbeit/cocoval2017/000000480275.jpg,3.1743212009998842,"['46: banana', '46: banana', '46: banana', '1: bicycle', '24: backpack']","[46, 46, 46, 1, 24]","[0.6225389, 0.56478536, 0.41051733, 0.35766283, 0.30281562]","[[481.31, 103.96, 87.76, 61.51], [276.98, 113.01, 125.23, 65.08], [392.77, 95.57, 93.57, 77.33], [38.55, 182.93, 586.36, 288.07], [19.85, 65.01, 80.82, 88.26]]"
171,/home/pi/sambashare/BacArbeit/cocoval2017/000000110972.jpg,3.1922680559998753,['21: bear'],[21],[0.8972424],"[[77.25, 2.45, 436.95, 417.03]]"
172,/home/pi/sambashare/BacArbeit/cocoval2017/000000537270.jpg,3.186512010999877,"['56: chair', '41: cup', '0: person', '67: cell phone', '67: cell phone', '67: cell phone', '73: book', '0: person', '0: person']","[56, 41, 0, 67, 67, 67, 73, 0, 0]","[0.9013857, 0.9009106, 0.88860023, 0.8477998, 0.78958124, 0.7895769, 0.7024063, 0.684485, 0.26223236]","[[495.61, 197.46, 139.45, 97.04], [533.24, 230.4, 82.57, 82.77], [340.49, 46.85, 174.09, 287.86], [487.59, 170.95, 41.05, 24.34], [354.9, 214.66, 54.58, 64.92], [338.94, 404.52, 115.67, 75.48], [366.49, 348.62, 200.89, 115.87], [140.5, 6.85, 283.15, 459.64], [1, 3.07, 280.1, 476.41]]"
173,/home/pi/sambashare/BacArbeit/cocoval2017/000000532530.jpg,3.1786615710000206,"['0: person', '0: person']","[0, 0]","[0.6872832, 0.54512864]","[[513.68, 385.11, 12.87, 30.32], [459.85, 383.5, 15.85, 30.36]]"
174,/home/pi/sambashare/BacArbeit/cocoval2017/000000576654.jpg,3.1881162490001316,"['0: person', '33: kite']","[0, 33]","[0.9261415, 0.4560654]","[[503.26, 229.74, 79.47, 150.85], [242.6, 35.22, 253.54, 123.95]]"
175,/home/pi/sambashare/BacArbeit/cocoval2017/000000228214.jpg,3.17185644999995,"['0: person', '67: cell phone', '0: person', '1: bicycle']","[0, 67, 0, 1]","[0.62488145, 0.5419958, 0.42130598, 0.2689964]","[[1, 26.95, 423.38, 607.18], [193.7, 328.66, 58.51, 52.98], [397.7, 380.61, 31.02, 81.61], [337.19, 532.94, 91.33, 106.71]]"
176,/home/pi/sambashare/BacArbeit/cocoval2017/000000064868.jpg,3.1756178110001656,"['0: person', '39: bottle', '69: oven', '0: person', '69: oven']","[0, 39, 69, 0, 69]","[0.8576934, 0.7828777, 0.5602775, 0.5312211, 0.29801193]","[[5.23, 1.66, 312.89, 356.37], [358.0, 1, 18.58, 51.23], [197.4, 8.23, 266.1, 363.81], [1, 1, 58.56, 77.75], [1, 45.16, 37.06, 306.53]]"
177,/home/pi/sambashare/BacArbeit/cocoval2017/000000350148.jpg,3.1964556189998348,"['0: person', '0: person', '0: person', '41: cup', '42: fork', '0: person', '2: car', '55: cake', '56: chair', '56: chair', '60: dining table', '56: chair', '2: car', '44: spoon', '56: chair']","[0, 0, 0, 41, 42, 0, 2, 55, 56, 56, 60, 56, 2, 44, 56]","[0.88178617, 0.8420636, 0.82792526, 0.8138047, 0.7413107, 0.7161009, 0.71095777, 0.70243514, 0.6886347, 0.60059404, 0.54922503, 0.40360588, 0.347005, 0.27380532, 0.25115153]","[[130.12, 7.71, 278.99, 366.66], [434.98, 220.48, 44.76, 163.35], [94.92, 112.87, 90.81, 218.57], [464.96, 349.38, 14.96, 119.52], [198.86, 380.49, 37.22, 50.72], [391.04, 113.25, 88.72, 161.43], [1, 139.24, 82.27, 86.43], [229.19, 469.27, 112.98, 152.32], [89.6, 184.06, 32.33, 144.29], [373.99, 237.39, 84.08, 145.07], [4.3, 348.24, 472.21, 283.66], [89.88, 183.68, 30.62, 56.86], [341.29, 129.14, 92.25, 47.17], [474.93, 483.4, 4.94, 12.56], [402.37, 218.12, 33.26, 21.02]]"
178,/home/pi/sambashare/BacArbeit/cocoval2017/000000150726.jpg,3.1915570040000603,"['23: giraffe', '23: giraffe', '19: cow']","[23, 23, 19]","[0.94723636, 0.939447, 0.3000452]","[[148.97, 168.75, 252.96, 272.13], [52.87, 203.15, 227.14, 257.97], [350.03, 619.13, 122.6, 20.77]]"
179,/home/pi/sambashare/BacArbeit/cocoval2017/000000355240.jpg,3.1862148010000055,['16: dog'],[16],[0.7276632],"[[139.23, 59.41, 190.57, 225.74]]"
180,/home/pi/sambashare/BacArbeit/cocoval2017/000000273198.jpg,3.186307665999948,"['0: person', '2: car', '10: fire hydrant', '2: car', '2: car']","[0, 2, 10, 2, 2]","[0.9144976, 0.9098642, 0.9077091, 0.7426256, 0.7112648]","[[1, 1, 101.07, 206.14], [113.92, 1, 109.0, 35.58], [72.81, 72.1, 56.14, 136.38], [256.2, 1, 129.3, 32.78], [87.65, 1, 29.08, 23.46]]"
181,/home/pi/sambashare/BacArbeit/cocoval2017/000000554838.jpg,3.178633252000054,"['39: bottle', '62: tv', '39: bottle', '62: tv', '9: traffic light']","[39, 62, 39, 62, 9]","[0.8414907, 0.82817966, 0.7819745, 0.6154371, 0.3105512]","[[305.5, 300.95, 56.04, 82.68], [57.37, 377.01, 391.71, 262.32], [75.13, 304.12, 58.97, 83.2], [1, 496.22, 58.87, 143.25], [414.26, 1, 65.42, 74.01]]"
182,/home/pi/sambashare/BacArbeit/cocoval2017/000000068078.jpg,3.179064984999968,"['61: toilet', '71: sink', '39: bottle', '16: dog']","[61, 71, 39, 16]","[0.91301733, 0.7969252, 0.77806324, 0.4691702]","[[176.64, 345.92, 182.87, 292.23], [141.59, 296.01, 167.34, 106.1], [274.05, 278.46, 27.23, 69.6], [29.18, 492.37, 75.11, 131.74]]"
183,/home/pi/sambashare/BacArbeit/cocoval2017/000000496854.jpg,3.193337174999897,"['0: person', '0: person', '0: person', '26: handbag', '27: tie', '25: umbrella', '0: person', '25: umbrella', '0: person', '0: person', '26: handbag']","[0, 0, 0, 26, 27, 25, 0, 25, 0, 0, 26]","[0.9483675, 0.89300555, 0.8766647, 0.85359126, 0.79616135, 0.79589397, 0.756838, 0.74794745, 0.73370665, 0.6065495, 0.5491253]","[[275.53, 155.03, 168.48, 324.14], [245.65, 204.0, 51.32, 131.22], [84.71, 153.5, 196.63, 325.12], [167.72, 213.67, 86.07, 201.42], [340.3, 223.78, 28.42, 16.72], [178.11, 1, 261.2, 115.4], [355.09, 165.23, 283.53, 314.13], [280.82, 170.88, 128.37, 32.33], [606.72, 279.05, 33.16, 131.1], [570.45, 248.32, 30.09, 50.02], [239.96, 235.43, 17.4, 53.34]]"
184,/home/pi/sambashare/BacArbeit/cocoval2017/000000529148.jpg,3.1797539930000767,"['63: laptop', '63: laptop', '64: mouse', '63: laptop', '0: person', '73: book', '39: bottle']","[63, 63, 64, 63, 0, 73, 39]","[0.9493631, 0.9353284, 0.9234409, 0.92334455, 0.74308634, 0.5200051, 0.33118194]","[[289.23, 215.22, 214.87, 209.99], [374.63, 54.07, 203.64, 182.7], [252.69, 327.89, 60.64, 43.18], [1.68, 125.54, 278.23, 300.46], [453.71, 138.14, 184.76, 285.36], [190.85, 27.82, 96.81, 31.47], [539.1, 66.01, 22.92, 40.65]]"
185,/home/pi/sambashare/BacArbeit/cocoval2017/000000199310.jpg,3.1896876299999803,"['0: person', '38: tennis racket']","[0, 38]","[0.95724005, 0.82814914]","[[217.65, 27.29, 200.26, 612.19], [137.7, 127.52, 101.22, 135.44]]"
186,/home/pi/sambashare/BacArbeit/cocoval2017/000000485424.jpg,3.1758839799999805,"['41: cup', '69: oven', '39: bottle', '39: bottle', '39: bottle', '39: bottle', '39: bottle', '39: bottle', '0: person']","[41, 69, 39, 39, 39, 39, 39, 39, 0]","[0.8928364, 0.83926433, 0.786859, 0.76723737, 0.699225, 0.64508915, 0.49909967, 0.30641207, 0.30508447]","[[332.57, 227.04, 37.78, 32.11], [298.67, 137.45, 151.84, 111.03], [375.99, 304.9, 39.29, 80.25], [408.71, 332.11, 32.95, 69.45], [521.08, 170.33, 26.24, 68.4], [464.94, 196.55, 30.05, 58.08], [494.08, 203.09, 30.03, 51.47], [50.8, 235.54, 80.79, 97.01], [381.75, 463.95, 52.21, 15.76]]"
187,/home/pi/sambashare/BacArbeit/cocoval2017/000000344029.jpg,3.1850564579999627,"['5: bus', '5: bus', '2: car', '2: car', '0: person', '2: car']","[5, 5, 2, 2, 0, 2]","[0.9191485, 0.88894993, 0.85384524, 0.79365414, 0.3454623, 0.28276294]","[[94.19, 112.29, 508.65, 292.14], [40.79, 214.93, 54.13, 36.33], [1, 224.73, 45.92, 49.08], [40.14, 227.98, 25.72, 33.79], [259.4, 223.35, 62.27, 48.54], [28.03, 227.77, 20.94, 39.3]]"
188,/home/pi/sambashare/BacArbeit/cocoval2017/000000414034.jpg,3.1732630409999274,"['65: remote', '0: person', '39: bottle', '59: bed', '55: cake']","[65, 0, 39, 59, 55]","[0.8308952, 0.6019072, 0.51709896, 0.44001055, 0.34679833]","[[361.63, 73.24, 109.53, 163.66], [86.57, 2.46, 371.92, 476.59], [348.15, 228.05, 108.25, 123.99], [6.21, 262.32, 632.68, 215.71], [346.51, 271.25, 290.06, 207.87]]"
189,/home/pi/sambashare/BacArbeit/cocoval2017/000000269682.jpg,3.194110900000169,"['9: traffic light', '9: traffic light', '9: traffic light', '9: traffic light', '9: traffic light', '9: traffic light', '9: traffic light', '9: traffic light', '9: traffic light']","[9, 9, 9, 9, 9, 9, 9, 9, 9]","[0.79310423, 0.7828923, 0.7570495, 0.75660247, 0.7367283, 0.71882236, 0.6420105, 0.38145757, 0.2752156]","[[419.71, 315.71, 17.2, 42.6], [617.71, 404.05, 9.64, 20.7], [328.14, 408.72, 9.67, 21.87], [300.41, 328.83, 14.74, 41.55], [256.19, 336.61, 26.98, 32.45], [552.44, 409.98, 8.91, 20.75], [346.73, 414.86, 8.54, 19.48], [548.46, 293.8, 23.43, 51.21], [394.56, 466.65, 7.66, 13.31]]"
190,/home/pi/sambashare/BacArbeit/cocoval2017/000000351810.jpg,3.1974783640000624,"['0: person', '28: suitcase', '24: backpack', '24: backpack', '56: chair', '0: person', '0: person', '24: backpack', '24: backpack', '28: suitcase', '0: person']","[0, 28, 24, 24, 56, 0, 0, 24, 24, 28, 0]","[0.81937426, 0.7891881, 0.595326, 0.5800302, 0.57177347, 0.5606784, 0.48337302, 0.47251353, 0.36915666, 0.3138105, 0.30422655]","[[11.23, 103.12, 97.85, 176.26], [125.19, 301.43, 110.85, 73.24], [96.43, 161.26, 167.72, 187.01], [294.89, 173.34, 204.51, 201.66], [1, 174.17, 99.35, 199.39], [1, 259.76, 51.39, 114.79], [1, 50.37, 44.15, 118.47], [248.17, 193.43, 127.22, 96.73], [230.63, 215.04, 146.48, 159.81], [24.39, 278.08, 70.51, 96.5], [96.73, 119.87, 29.48, 48.68]]"
191,/home/pi/sambashare/BacArbeit/cocoval2017/000000022479.jpg,3.18759100699981,"['36: skateboard', '0: person']","[36, 0]","[0.9466785, 0.82125455]","[[258.73, 285.19, 226.08, 192.89], [30.93, 1, 417.93, 425.26]]"
192,/home/pi/sambashare/BacArbeit/cocoval2017/000000080666.jpg,3.178885606999984,['15: cat'],[15],[0.82796615],"[[56.83, 117.13, 476.36, 423.81]]"
193,/home/pi/sambashare/BacArbeit/cocoval2017/000000476810.jpg,3.191600367999854,"['65: remote', '15: cat', '56: chair']","[65, 15, 56]","[0.9244687, 0.8062412, 0.38216853]","[[238.11, 249.75, 301.11, 69.64], [3.19, 9.71, 509.81, 304.6], [1, 1, 94.77, 102.02]]"
194,/home/pi/sambashare/BacArbeit/cocoval2017/000000356612.jpg,3.1844845390000955,"['19: cow', '5: bus', '19: cow', '2: car', '5: bus', '19: cow', '19: cow', '19: cow', '0: person', '1: bicycle', '0: person', '2: car', '0: person', '19: cow', '19: cow', '19: cow', '0: person', '19: cow', '0: person', '19: cow']","[19, 5, 19, 2, 5, 19, 19, 19, 0, 1, 0, 2, 0, 19, 19, 19, 0, 19, 0, 19]","[0.9304102, 0.91913205, 0.9000804, 0.8996045, 0.8771105, 0.85251075, 0.846135, 0.8440718, 0.8247066, 0.75933707, 0.6521064, 0.6353955, 0.634305, 0.60062563, 0.5623757, 0.49181128, 0.46633992, 0.38125044, 0.35987207, 0.3209755]","[[406.19, 201.9, 75.54, 135.58], [1, 128.87, 253.0, 90.87], [317.96, 186.6, 81.77, 154.38], [200.0, 191.19, 124.48, 94.62], [311.68, 102.46, 214.2, 199.53], [143.0, 189.55, 64.16, 123.39], [225.21, 199.04, 57.38, 101.18], [56.77, 189.63, 76.47, 123.7], [535.81, 168.01, 72.72, 105.39], [563.09, 221.52, 53.44, 108.69], [527.84, 169.31, 36.96, 91.64], [280.91, 167.75, 34.62, 43.31], [377.54, 144.78, 53.59, 53.13], [119.16, 186.41, 37.55, 122.84], [203.48, 180.65, 32.67, 30.96], [119.92, 183.63, 34.94, 24.87], [452.79, 147.59, 51.77, 41.79], [234.11, 178.29, 28.89, 12.7], [196.19, 167.43, 18.83, 33.85], [52.35, 188.27, 31.48, 72.99]]"
195,/home/pi/sambashare/BacArbeit/cocoval2017/000000525247.jpg,3.2008726179999485,"['15: cat', '63: laptop', '62: tv']","[15, 63, 62]","[0.9204072, 0.73056316, 0.40378976]","[[1, 102.91, 382.99, 322.34], [188.52, 27.11, 451.48, 394.08], [1, 1, 200.73, 58.57]]"
196,/home/pi/sambashare/BacArbeit/cocoval2017/000000356248.jpg,3.1964248790000056,"['41: cup', '45: bowl', '41: cup', '0: person', '39: bottle', '56: chair', '56: chair', '56: chair', '0: person', '58: potted plant', '0: person', '15: cat', '44: spoon', '0: person', '56: chair']","[41, 45, 41, 0, 39, 56, 56, 56, 0, 58, 0, 15, 44, 0, 56]","[0.8744234, 0.854821, 0.82048064, 0.8034933, 0.7981274, 0.7941545, 0.7649943, 0.6618839, 0.6026518, 0.5596754, 0.49689445, 0.38662237, 0.36957285, 0.33010772, 0.2732969]","[[115.73, 249.92, 29.6, 39.42], [75.31, 238.97, 34.58, 35.01], [161.23, 248.8, 28.43, 37.73], [176.43, 91.77, 137.32, 161.27], [1.34, 207.96, 26.5, 67.59], [12.5, 541.89, 325.69, 96.63], [405.53, 79.91, 72.32, 167.64], [1, 414.88, 117.88, 154.12], [57.67, 92.55, 136.5, 155.68], [64.32, 77.81, 52.37, 79.21], [125.41, 210.94, 350.52, 404.76], [352.86, 234.39, 124.72, 240.01], [92.88, 223.33, 8.76, 25.41], [136.71, 166.12, 197.18, 233.81], [1, 50.09, 56.75, 100.43]]"
197,/home/pi/sambashare/BacArbeit/cocoval2017/000000312237.jpg,3.1866365920000135,"['0: person', '37: surfboard', '0: person', '25: umbrella', '0: person', '0: person', '0: person', '0: person', '37: surfboard', '0: person', '0: person', '8: boat', '25: umbrella']","[0, 37, 0, 25, 0, 0, 0, 0, 37, 0, 0, 8, 25]","[0.7694787, 0.6468849, 0.57650423, 0.56944895, 0.4754386, 0.42469147, 0.41271454, 0.38764054, 0.3599566, 0.34225592, 0.34126183, 0.30323792, 0.27064386]","[[328.31, 176.66, 25.13, 65.05], [191.99, 231.28, 107.61, 16.21], [211.91, 222.87, 8.55, 16.6], [423.64, 183.99, 60.08, 16.51], [404.31, 190.27, 28.11, 42.73], [184.93, 226.97, 9.24, 18.74], [109.56, 196.72, 5.26, 11.46], [24.84, 241.7, 5.16, 9.6], [477.85, 226.05, 21.85, 23.8], [311.16, 208.85, 10.19, 22.97], [123.62, 229.43, 8.98, 9.89], [91.91, 221.23, 19.48, 21.97], [423.72, 183.68, 60.8, 41.9]]"
198,/home/pi/sambashare/BacArbeit/cocoval2017/000000491683.jpg,3.187779438000007,"['17: horse', '6: train']","[17, 6]","[0.91673446, 0.38789132]","[[77.41, 194.92, 44.08, 26.05], [1, 148.49, 104.11, 16.0]]"
199,/home/pi/sambashare/BacArbeit/cocoval2017/000000084170.jpg,3.1838652810001804,"['2: car', '2: car', '5: bus', '0: person', '2: car', '0: person', '0: person']","[2, 2, 5, 0, 2, 0, 0]","[0.9047784, 0.89245105, 0.8733328, 0.6763546, 0.6066326, 0.32634193, 0.30816802]","[[130.08, 261.48, 98.89, 69.0], [81.73, 262.35, 62.23, 43.16], [215.33, 124.31, 218.84, 235.7], [252.66, 226.33, 42.75, 36.71], [1, 244.56, 43.16, 37.82], [267.04, 178.62, 124.83, 114.17], [321.26, 215.63, 36.74, 43.19]]"
200,/home/pi/sambashare/BacArbeit/cocoval2017/000000123480.jpg,3.1675189269999464,"['0: person', '79: toothbrush', '67: cell phone', '79: toothbrush']","[0, 79, 67, 79]","[0.92748237, 0.8462192, 0.42588216, 0.32881236]","[[123.69, 115.86, 274.46, 340.6], [211.79, 314.02, 86.68, 71.19], [122.5, 182.91, 51.61, 82.61], [212.07, 314.85, 29.23, 25.91]]"
201,/home/pi/sambashare/BacArbeit/cocoval2017/000000557172.jpg,3.1834613420001006,"['61: toilet', '71: sink', '39: bottle', '71: sink']","[61, 71, 39, 71]","[0.8501555, 0.58723664, 0.5019788, 0.2937317]","[[603.18, 373.73, 36.51, 105.79], [256.6, 355.16, 232.94, 124.84], [493.02, 310.75, 11.72, 27.46], [189.42, 308.19, 142.81, 54.81]]"
202,/home/pi/sambashare/BacArbeit/cocoval2017/000000255165.jpg,3.1779210859999694,"['66: keyboard', '66: keyboard', '41: cup', '62: tv', '63: laptop', '62: tv', '73: book', '73: book', '66: keyboard', '73: book', '73: book', '73: book', '73: book', '73: book']","[66, 66, 41, 62, 63, 62, 73, 73, 66, 73, 73, 73, 73, 73]","[0.9163133, 0.9160689, 0.85898954, 0.851332, 0.80667496, 0.5556222, 0.54688656, 0.44401327, 0.4183044, 0.40513322, 0.3999764, 0.3930585, 0.387483, 0.32816193]","[[216.3, 377.92, 153.5, 29.35], [197.84, 404.0, 171.2, 37.05], [426.14, 372.01, 31.17, 42.58], [218.16, 238.97, 132.02, 108.16], [1, 285.91, 151.14, 139.17], [358.22, 237.67, 137.05, 123.77], [173.41, 176.94, 20.33, 89.23], [535.8, 458.29, 70.36, 21.57], [19.43, 367.17, 118.06, 43.87], [573.93, 376.95, 62.6, 23.61], [146.84, 198.61, 20.0, 61.27], [148.91, 291.23, 42.08, 51.48], [532.78, 384.01, 102.68, 39.59], [550.38, 353.78, 87.93, 29.32]]"
203,/home/pi/sambashare/BacArbeit/cocoval2017/000000438017.jpg,3.19187649100013,"['2: car', '2: car', '2: car', '7: truck', '2: car', '9: traffic light', '2: car', '9: traffic light', '2: car', '2: car']","[2, 2, 2, 7, 2, 9, 2, 9, 2, 2]","[0.9127082, 0.8650667, 0.8461085, 0.72400546, 0.65636885, 0.5944544, 0.53887737, 0.49582252, 0.4899809, 0.40106964]","[[275.33, 415.57, 28.52, 22.08], [310.96, 415.98, 25.6, 21.44], [342.22, 416.37, 34.93, 32.63], [357.28, 398.15, 30.27, 32.66], [1, 161.02, 115.48, 475.59], [165.58, 311.0, 13.03, 36.33], [73.08, 407.35, 48.45, 89.72], [318.26, 241.47, 39.41, 17.93], [252.76, 414.65, 24.09, 14.73], [385.47, 415.22, 15.59, 21.95]]"
204,/home/pi/sambashare/BacArbeit/cocoval2017/000000405306.jpg,3.178962857999977,['15: cat'],[15],[0.3689453],"[[1, 1, 639, 345.17]]"
205,/home/pi/sambashare/BacArbeit/cocoval2017/000000061171.jpg,3.184059027000103,"['19: cow', '17: horse', '18: sheep', '18: sheep', '18: sheep', '18: sheep', '19: cow', '18: sheep', '19: cow', '17: horse']","[19, 17, 18, 18, 18, 18, 19, 18, 19, 17]","[0.944525, 0.93656164, 0.84573185, 0.83470386, 0.65669656, 0.62815124, 0.5145117, 0.47010043, 0.42245403, 0.3461537]","[[118.57, 1, 206.21, 218.29], [1, 81.5, 280.84, 335.45], [332.94, 21.12, 305.6, 268.91], [320.04, 1, 153.07, 180.01], [435.97, 135.47, 202.6, 330.05], [416.22, 13.57, 200.92, 103.93], [276.19, 1, 87.63, 83.09], [493.4, 79.85, 146.35, 72.13], [275.88, 1, 198.07, 80.24], [1, 1, 21.61, 31.46]]"
206,/home/pi/sambashare/BacArbeit/cocoval2017/000000082696.jpg,3.174046444999931,"['14: bird', '0: person', '56: chair', '56: chair', '56: chair', '41: cup', '56: chair', '56: chair', '56: chair', '56: chair', '56: chair', '25: umbrella', '56: chair']","[14, 0, 56, 56, 56, 41, 56, 56, 56, 56, 56, 25, 56]","[0.93718743, 0.84474516, 0.7584055, 0.67998356, 0.65024805, 0.64909863, 0.64165395, 0.6181166, 0.42332536, 0.40773487, 0.3114419, 0.25766104, 0.25446194]","[[101.37, 315.11, 139.11, 180.94], [1, 1, 113.83, 146.4], [40.36, 141.38, 96.21, 238.18], [1, 136.23, 59.18, 236.54], [315.68, 141.12, 111.32, 232.12], [121.06, 59.18, 19.36, 23.18], [117.53, 140.99, 165.49, 247.41], [277.33, 134.45, 108.68, 252.75], [197.15, 126.51, 65.67, 125.36], [99.66, 146.39, 101.5, 240.87], [172.69, 132.09, 184.57, 257.91], [277.03, 1, 74.05, 24.56], [203.12, 125.14, 59.98, 31.73]]"
207,/home/pi/sambashare/BacArbeit/cocoval2017/000000194471.jpg,3.1801430289999644,"['36: skateboard', '0: person']","[36, 0]","[0.8684017, 0.78086275]","[[129.06, 309.93, 126.96, 55.06], [68.04, 142.78, 162.18, 213.62]]"
208,/home/pi/sambashare/BacArbeit/cocoval2017/000000278353.jpg,3.1955327550001584,['18: sheep'],[18],[0.860095],"[[87.36, 58.98, 441.4, 570.42]]"
209,/home/pi/sambashare/BacArbeit/cocoval2017/000000051314.jpg,3.169093071999896,"['0: person', '37: surfboard']","[0, 37]","[0.8891432, 0.78434205]","[[224.87, 44.76, 227.47, 297.85], [49.94, 254.51, 182.26, 70.37]]"
210,/home/pi/sambashare/BacArbeit/cocoval2017/000000094614.jpg,3.177844369000013,"['0: person', '30: skis', '24: backpack']","[0, 30, 24]","[0.91841453, 0.48904556, 0.34977385]","[[294.86, 71.86, 140.73, 285.58], [222.89, 348.45, 120.64, 50.98], [332.35, 108.86, 72.99, 80.41]]"
211,/home/pi/sambashare/BacArbeit/cocoval2017/000000502737.jpg,3.1898864810000305,"['67: cell phone', '40: wine glass', '0: person']","[67, 40, 0]","[0.74389195, 0.46143723, 0.28379095]","[[7.72, 34.04, 174.55, 298.84], [126.66, 135.18, 232.73, 330.71], [15.04, 7.32, 450.94, 632.68]]"
212,/home/pi/sambashare/BacArbeit/cocoval2017/000000292415.jpg,3.185876677999886,"['0: person', '36: skateboard']","[0, 36]","[0.92510074, 0.7691007]","[[71.53, 124.62, 144.61, 129.69], [196.73, 193.67, 24.52, 69.04]]"
213,/home/pi/sambashare/BacArbeit/cocoval2017/000000304812.jpg,3.175945144000025,"['0: person', '37: surfboard', '0: person', '0: person']","[0, 37, 0, 0]","[0.6904378, 0.67012423, 0.49885672, 0.26680154]","[[95.78, 383.79, 28.08, 66.79], [76.74, 390.23, 56.96, 41.9], [242.36, 347.48, 3.49, 8.43], [175.02, 403.11, 26.77, 14.36]]"
214,/home/pi/sambashare/BacArbeit/cocoval2017/000000492992.jpg,3.190706782999996,"['14: bird', '19: cow']","[14, 19]","[0.80373126, 0.767673]","[[217.03, 203.38, 104.99, 119.95], [43.36, 277.03, 374.92, 361.63]]"
215,/home/pi/sambashare/BacArbeit/cocoval2017/000000125405.jpg,3.1754638970000997,"['16: dog', '17: horse']","[16, 17]","[0.9412986, 0.9054303]","[[220.67, 111.72, 163.32, 294.95], [448.26, 4.92, 129.39, 165.66]]"
216,/home/pi/sambashare/BacArbeit/cocoval2017/000000342006.jpg,3.1917660980000164,"['74: clock', '74: clock', '8: boat', '8: boat', '8: boat']","[74, 74, 8, 8, 8]","[0.8659428, 0.68389267, 0.6692347, 0.5402462, 0.46490332]","[[393.82, 251.73, 25.48, 26.01], [374.54, 253.49, 5.99, 25.63], [212.01, 524.81, 59.56, 25.07], [172.71, 513.62, 54.0, 27.28], [1, 466.94, 64.05, 27.1]]"
217,/home/pi/sambashare/BacArbeit/cocoval2017/000000441286.jpg,3.1997381089997816,"['0: person', '37: surfboard']","[0, 37]","[0.9287819, 0.6705907]","[[233.72, 132.98, 114.96, 150.18], [224.24, 271.54, 81.49, 33.68]]"
218,/home/pi/sambashare/BacArbeit/cocoval2017/000000521282.jpg,3.1996214309999687,['75: vase'],[75],[0.93168294],"[[71.62, 293.76, 213.93, 345.26]]"
219,/home/pi/sambashare/BacArbeit/cocoval2017/000000034760.jpg,3.184477424999841,"['71: sink', '61: toilet']","[71, 61]","[0.9063169, 0.6520312]","[[1, 406.72, 131.12, 102.62], [209.93, 373.49, 47.29, 87.43]]"
220,/home/pi/sambashare/BacArbeit/cocoval2017/000000409198.jpg,3.192498968000109,"['0: person', '29: frisbee', '13: bench', '0: person', '13: bench']","[0, 29, 13, 0, 13]","[0.9370703, 0.9256321, 0.5155284, 0.46144378, 0.39853245]","[[204.37, 41.25, 247.66, 343.99], [191.16, 172.5, 67.61, 66.7], [380.34, 62.4, 26.63, 11.98], [382.99, 50.66, 16.8, 12.41], [620.85, 64.01, 18.92, 12.43]]"
221,/home/pi/sambashare/BacArbeit/cocoval2017/000000220584.jpg,3.191522445999908,"['0: person', '37: surfboard']","[0, 37]","[0.9150477, 0.8632703]","[[246.9, 152.19, 177.18, 112.14], [383.61, 286.79, 109.02, 43.8]]"
222,/home/pi/sambashare/BacArbeit/cocoval2017/000000077595.jpg,3.19133750900005,"['15: cat', '63: laptop']","[15, 63]","[0.6751214, 0.6744069]","[[227.23, 87.73, 277.5, 331.27], [3.25, 3.56, 284.54, 416.24]]"
223,/home/pi/sambashare/BacArbeit/cocoval2017/000000418961.jpg,3.1755055820001417,"['74: clock', '25: umbrella']","[74, 25]","[0.79378986, 0.26113236]","[[162.0, 218.0, 129.61, 142.17], [431.04, 1.41, 207.62, 422.34]]"
224,/home/pi/sambashare/BacArbeit/cocoval2017/000000395801.jpg,3.178259713999978,"['74: clock', '0: person', '0: person', '0: person', '0: person', '0: person', '2: car', '0: person', '28: suitcase', '0: person', '26: handbag', '0: person', '0: person', '9: traffic light', '0: person']","[74, 0, 0, 0, 0, 0, 2, 0, 28, 0, 26, 0, 0, 9, 0]","[0.93058485, 0.9025618, 0.8691055, 0.86202383, 0.85773253, 0.8186054, 0.80575264, 0.6410429, 0.5760551, 0.5115261, 0.49221238, 0.31574655, 0.2776618, 0.26324075, 0.25245234]","[[450.87, 105.43, 52.81, 49.87], [253.11, 319.64, 53.1, 148.42], [219.79, 295.51, 20.36, 41.89], [393.47, 361.89, 117.72, 117.96], [469.78, 297.84, 22.87, 60.39], [444.3, 294.3, 27.32, 65.72], [430.24, 299.12, 20.05, 24.58], [486.62, 297.61, 15.96, 43.82], [242.6, 461.49, 58.28, 18.37], [503.56, 290.16, 11.63, 30.66], [406.26, 437.07, 51.2, 42.41], [485.14, 293.03, 9.52, 13.46], [404.64, 283.49, 7.34, 11.96], [498.5, 233.58, 19.1, 20.58], [485.99, 291.91, 13.88, 28.7]]"
225,/home/pi/sambashare/BacArbeit/cocoval2017/000000579158.jpg,3.1717711180001515,"['4: airplane', '7: truck', '7: truck', '7: truck']","[4, 7, 7, 7]","[0.68262523, 0.4649275, 0.45467502, 0.4184563]","[[1, 2.73, 634.27, 397.76], [593.39, 438.43, 46.14, 41.05], [1, 252.65, 94.76, 71.22], [1, 317.72, 307.74, 108.01]]"
226,/home/pi/sambashare/BacArbeit/cocoval2017/000000338428.jpg,3.18126205700014,"['7: truck', '5: bus', '5: bus', '7: truck', '0: person']","[7, 5, 5, 7, 0]","[0.8379267, 0.828258, 0.80215776, 0.55626017, 0.31770012]","[[16.74, 17.96, 577.32, 311.35], [563.72, 92.73, 75.86, 72.43], [548.18, 82.39, 91.25, 36.44], [1.15, 1, 219.76, 186.2], [1, 27.09, 25.72, 44.08]]"
227,/home/pi/sambashare/BacArbeit/cocoval2017/000000410650.jpg,3.196082929999875,"['0: person', '38: tennis racket', '56: chair', '0: person', '56: chair', '56: chair', '56: chair', '56: chair', '0: person', '56: chair', '56: chair', '56: chair', '56: chair', '56: chair', '0: person', '56: chair', '0: person', '0: person', '0: person', '56: chair', '56: chair', '56: chair', '56: chair', '56: chair', '0: person', '0: person', '0: person', '56: chair', '56: chair', '56: chair', '56: chair', '0: person', '56: chair', '0: person', '56: chair', '0: person', '56: chair', '0: person', '0: person', '56: chair', '56: chair', '0: person', '56: chair', '56: chair', '0: person', '56: chair', '0: person', '56: chair', '0: person', '56: chair', '56: chair', '56: chair', '56: chair', '56: chair', '56: chair', '56: chair', '0: person', '56: chair', '0: person', '56: chair', '56: chair']","[0, 38, 56, 0, 56, 56, 56, 56, 0, 56, 56, 56, 56, 56, 0, 56, 0, 0, 0, 56, 56, 56, 56, 56, 0, 0, 0, 56, 56, 56, 56, 0, 56, 0, 56, 0, 56, 0, 0, 56, 56, 0, 56, 56, 0, 56, 0, 56, 0, 56, 56, 56, 56, 56, 56, 56, 0, 56, 0, 56, 56]","[0.8569912, 0.73570263, 0.6974979, 0.69390774, 0.68363535, 0.68053013, 0.6750074, 0.6554242, 0.65494204, 0.63589895, 0.6338393, 0.62426233, 0.6221202, 0.608503, 0.607687, 0.6071378, 0.5877067, 0.5834641, 0.5673699, 0.56660366, 0.5657241, 0.563783, 0.559843, 0.5520316, 0.55160534, 0.5438091, 0.540416, 0.5339924, 0.52317, 0.5210132, 0.5086639, 0.5054421, 0.47707966, 0.47560626, 0.46059042, 0.45778632, 0.40852055, 0.40123865, 0.3939989, 0.37464142, 0.3744448, 0.37324604, 0.36169055, 0.34772196, 0.33983642, 0.3371131, 0.32525885, 0.31688106, 0.31496802, 0.30668545, 0.30133912, 0.29353648, 0.28493103, 0.28369322, 0.28238055, 0.27955467, 0.27954704, 0.2725242, 0.27065745, 0.25827548, 0.25321686]","[[169.82, 118.3, 92.99, 264.7], [181.2, 127.16, 51.85, 51.05], [55.42, 113.03, 29.51, 20.64], [312.06, 102.57, 38.19, 53.28], [316.97, 93.62, 28.9, 18.18], [412.19, 111.71, 28.34, 20.28], [106.32, 93.47, 26.99, 19.93], [505.45, 76.59, 25.6, 15.17], [76.1, 143.18, 43.89, 38.43], [555.02, 129.99, 30.39, 21.14], [356.33, 112.44, 27.83, 19.12], [493.12, 94.28, 27.38, 19.31], [519.08, 94.41, 28.03, 18.58], [614.12, 130.37, 25.44, 20.75], [119.39, 144.62, 31.57, 39.63], [84.24, 113.53, 28.04, 19.53], [591.63, 48.92, 48.37, 47.48], [339.67, 54.09, 28.98, 43.1], [376.39, 68.26, 41.85, 45.76], [383.74, 112.35, 28.73, 18.17], [556.27, 76.07, 24.54, 15.73], [530.96, 77.18, 25.09, 14.42], [585.02, 130.53, 30.29, 20.15], [599.62, 150.76, 29.36, 18.8], [310.91, 50.7, 31.28, 42.92], [364.51, 119.43, 49.38, 37.59], [592.99, 86.79, 36.83, 31.66], [345.84, 95.0, 27.97, 17.28], [60.37, 132.81, 29.18, 25.21], [76.68, 93.7, 30.19, 19.59], [569.62, 151.43, 29.35, 18.91], [330.95, 138.5, 37.48, 40.25], [290.83, 94.11, 26.98, 28.4], [7.73, 82.75, 31.69, 34.25], [541.1, 151.7, 26.78, 18.84], [485.59, 117.88, 33.82, 48.85], [526.74, 130.78, 27.09, 21.17], [561.09, 86.35, 32.9, 28.59], [188.74, 65.54, 42.87, 48.57], [479.93, 76.26, 26.1, 18.17], [544.78, 94.45, 22.87, 17.49], [441.44, 135.2, 41.91, 44.17], [621.27, 93.55, 18.7, 19.7], [423.25, 132.3, 19.48, 19.06], [116.52, 103.52, 33.43, 51.32], [87.07, 131.85, 28.16, 18.17], [366.13, 54.71, 27.37, 47.15], [133.86, 93.89, 26.21, 16.95], [101.83, 48.07, 32.41, 47.23], [358.11, 22.54, 25.08, 15.37], [1, 151.4, 9.47, 20.12], [12.44, 152.47, 19.99, 16.69], [129.58, 75.08, 22.0, 18.23], [280.59, 74.36, 23.36, 32.49], [336.03, 111.96, 20.72, 18.63], [348.42, 7.4, 24.53, 14.31], [181.67, 45.07, 35.51, 43.67], [380.93, 22.67, 24.22, 15.99], [72.94, 50.11, 31.64, 44.43], [399.57, 131.7, 25.44, 18.74], [299.91, 112.6, 24.87, 21.14]]"
228,/home/pi/sambashare/BacArbeit/cocoval2017/000000104782.jpg,3.1829348920000484,['11: stop sign'],[11],[0.7662696],"[[250.92, 82.91, 69.7, 290.1]]"
229,/home/pi/sambashare/BacArbeit/cocoval2017/000000358923.jpg,3.175197302000015,"['67: cell phone', '25: umbrella', '0: person', '0: person', '0: person', '0: person']","[67, 25, 0, 0, 0, 0]","[0.8523488, 0.82880795, 0.3941866, 0.37914655, 0.31549966, 0.31496388]","[[403.21, 140.49, 83.59, 92.41], [222.25, 32.6, 394.93, 138.62], [256.72, 159.96, 138.22, 87.89], [540.53, 151.3, 94.48, 275.05], [116.51, 284.36, 51.45, 143.21], [18.02, 19.28, 587.03, 408.72]]"
230,/home/pi/sambashare/BacArbeit/cocoval2017/000000228436.jpg,3.17389650899986,"['1: bicycle', '8: boat', '8: boat', '8: boat', '2: car', '2: car', '8: boat', '8: boat', '8: boat', '8: boat', '2: car', '8: boat', '8: boat', '8: boat', '8: boat', '8: boat', '8: boat']","[1, 8, 8, 8, 2, 2, 8, 8, 8, 8, 2, 8, 8, 8, 8, 8, 8]","[0.9186961, 0.7449437, 0.7333203, 0.6666095, 0.6476484, 0.6308851, 0.575931, 0.5545806, 0.540071, 0.4864609, 0.4285145, 0.36864778, 0.3537508, 0.3295536, 0.30260983, 0.2840841, 0.2836441]","[[108.82, 173.31, 448.05, 306.99], [190.64, 156.28, 21.99, 16.67], [28.69, 151.28, 64.84, 35.89], [514.47, 151.63, 107.24, 56.03], [2.76, 155.32, 66.15, 38.0], [1, 163.94, 35.41, 48.86], [380.42, 148.7, 140.93, 48.31], [351.6, 164.73, 34.14, 15.71], [369.81, 141.0, 32.56, 13.79], [288.22, 139.99, 63.04, 23.64], [1, 206.33, 9.63, 19.85], [256.88, 138.1, 34.4, 15.31], [237.44, 137.35, 18.12, 11.93], [288.87, 141.23, 38.35, 16.25], [219.85, 134.77, 16.08, 11.72], [146.52, 139.35, 41.4, 25.19], [98.67, 156.47, 153.8, 136.83]]"
231,/home/pi/sambashare/BacArbeit/cocoval2017/000000445365.jpg,3.171581285000002,"['23: giraffe', '23: giraffe']","[23, 23]","[0.9579675, 0.956271]","[[187.39, 111.66, 237.81, 528.34], [37.07, 247.81, 205.35, 391.82]]"
232,/home/pi/sambashare/BacArbeit/cocoval2017/000000534041.jpg,3.184387000000015,"['39: bottle', '0: person', '56: chair', '0: person', '63: laptop', '0: person', '0: person', '56: chair', '24: backpack', '24: backpack', '56: chair', '60: dining table', '56: chair']","[39, 0, 56, 0, 63, 0, 0, 56, 24, 24, 56, 60, 56]","[0.86178607, 0.69204277, 0.62677264, 0.62061435, 0.6182601, 0.54366857, 0.5312858, 0.44128484, 0.42518565, 0.40141547, 0.37946263, 0.33092996, 0.30664822]","[[136.56, 165.99, 72.09, 153.27], [338.55, 1, 40.7, 77.73], [85.98, 3.79, 179.38, 58.61], [214.45, 31.31, 284.1, 343.69], [1, 259.17, 306.98, 115.66], [379.13, 1, 118.19, 102.84], [89.89, 1, 41.77, 28.19], [365.14, 90.61, 134.16, 104.86], [14.62, 31.07, 235.28, 247.63], [71.1, 55.55, 176.52, 97.76], [1, 11.32, 26.77, 38.34], [8.16, 1.1, 87.21, 57.54], [1, 5.73, 50.16, 47.9]]"
233,/home/pi/sambashare/BacArbeit/cocoval2017/000000120420.jpg,3.184317329000123,"['0: person', '0: person', '67: cell phone', '0: person', '0: person', '0: person', '13: bench', '0: person', '14: bird', '14: bird', '26: handbag', '14: bird', '0: person', '25: umbrella', '0: person', '0: person']","[0, 0, 67, 0, 0, 0, 13, 0, 14, 14, 26, 14, 0, 25, 0, 0]","[0.86477506, 0.8546011, 0.8388626, 0.83530307, 0.74090606, 0.5813886, 0.5521089, 0.44509107, 0.43034014, 0.42539498, 0.40919495, 0.36728254, 0.28815898, 0.28288305, 0.2793156, 0.26137295]","[[467.72, 95.29, 31.41, 85.93], [124.71, 100.37, 417.78, 376.64], [158.71, 189.01, 262.41, 74.25], [429.84, 90.37, 33.24, 90.02], [31.36, 115.26, 29.4, 39.13], [405.47, 100.74, 27.71, 77.96], [31.66, 149.73, 36.05, 20.49], [353.03, 91.47, 17.45, 29.61], [8.61, 167.29, 10.31, 7.97], [25.45, 168.55, 14.44, 13.05], [441.19, 105.65, 21.22, 23.88], [1, 176.26, 9.93, 9.32], [389.52, 97.49, 29.25, 71.69], [393.5, 88.24, 42.12, 30.65], [369.22, 96.39, 18.76, 38.49], [437.77, 100.54, 25.74, 45.86]]"
234,/home/pi/sambashare/BacArbeit/cocoval2017/000000574520.jpg,3.1962864730001,"['0: person', '37: surfboard']","[0, 37]","[0.7627791, 0.68644357]","[[283.67, 78.53, 129.49, 118.99], [234.75, 186.12, 74.57, 70.84]]"
235,/home/pi/sambashare/BacArbeit/cocoval2017/000000382111.jpg,3.180862126999955,"['17: horse', '0: person', '2: car', '2: car', '0: person', '2: car', '7: truck', '2: car', '2: car']","[17, 0, 2, 2, 0, 2, 7, 2, 2]","[0.9248501, 0.8507149, 0.8332135, 0.82210994, 0.7983696, 0.6931871, 0.6929079, 0.63534343, 0.5802279]","[[119.48, 110.44, 397.44, 316.56], [197.65, 49.34, 63.34, 92.86], [10.34, 117.59, 110.72, 98.61], [437.32, 114.65, 67.94, 35.93], [316.47, 11.37, 93.87, 280.54], [29.33, 129.84, 27.4, 15.31], [474.66, 130.55, 164.72, 169.36], [436.3, 105.08, 40.21, 18.7], [1, 127.57, 28.79, 34.24]]"
236,/home/pi/sambashare/BacArbeit/cocoval2017/000000067180.jpg,3.1853141810001944,"['0: person', '13: bench', '36: skateboard']","[0, 13, 36]","[0.8795512, 0.7480095, 0.4292235]","[[108.18, 47.24, 247.92, 480.62], [22.71, 292.55, 454.56, 244.48], [1, 522.97, 30.79, 50.03]]"
237,/home/pi/sambashare/BacArbeit/cocoval2017/000000237864.jpg,3.1858861000000616,"['20: elephant', '16: dog']","[20, 16]","[0.96398497, 0.86117387]","[[68.42, 119.99, 263.79, 187.8], [435.88, 248.63, 46.28, 72.76]]"
238,/home/pi/sambashare/BacArbeit/cocoval2017/000000177861.jpg,3.1979445219999434,"['0: person', '2: car', '0: person', '0: person', '26: handbag', '25: umbrella', '25: umbrella', '13: bench', '2: car', '26: handbag', '1: bicycle', '1: bicycle', '16: dog', '25: umbrella', '1: bicycle', '25: umbrella']","[0, 2, 0, 0, 26, 25, 25, 13, 2, 26, 1, 1, 16, 25, 1, 25]","[0.91977215, 0.91910636, 0.9066954, 0.8591037, 0.7818392, 0.7442151, 0.71916306, 0.6952707, 0.63618964, 0.6088174, 0.60497653, 0.6019724, 0.5701635, 0.5250473, 0.29175302, 0.26814502]","[[309.82, 293.93, 75.15, 213.37], [159.36, 306.48, 54.81, 33.32], [11.99, 294.29, 43.16, 96.5], [116.46, 295.77, 50.46, 115.54], [368.93, 358.85, 25.03, 64.24], [267.69, 240.32, 146.68, 56.24], [88.81, 270.36, 73.26, 32.37], [383.46, 375.53, 71.8, 76.65], [142.45, 295.42, 34.01, 27.82], [154.9, 347.82, 19.31, 50.8], [401.59, 301.55, 60.92, 47.87], [464.4, 380.82, 15.38, 46.55], [1, 353.18, 72.63, 285.92], [291.13, 368.61, 35.61, 94.33], [443.94, 359.19, 36.01, 68.08], [313.15, 296.78, 20.2, 11.23]]"
239,/home/pi/sambashare/BacArbeit/cocoval2017/000000095069.jpg,3.196895039999845,['74: clock'],[74],[0.8318548],"[[266.21, 219.51, 18.69, 16.6]]"
240,/home/pi/sambashare/BacArbeit/cocoval2017/000000166918.jpg,3.1842435689998183,"['40: wine glass', '0: person', '40: wine glass', '41: cup', '40: wine glass', '0: person', '40: wine glass', '0: person', '40: wine glass', '0: person', '0: person', '0: person', '40: wine glass', '0: person', '40: wine glass', '40: wine glass', '0: person', '41: cup', '43: knife', '0: person', '41: cup', '0: person', '41: cup', '39: bottle', '0: person', '0: person', '40: wine glass', '40: wine glass', '41: cup', '43: knife', '41: cup', '41: cup', '40: wine glass', '41: cup', '60: dining table', '41: cup', '42: fork', '41: cup', '41: cup', '41: cup', '41: cup', '56: chair', '43: knife']","[40, 0, 40, 41, 40, 0, 40, 0, 40, 0, 0, 0, 40, 0, 40, 40, 0, 41, 43, 0, 41, 0, 41, 39, 0, 0, 40, 40, 41, 43, 41, 41, 40, 41, 60, 41, 42, 41, 41, 41, 41, 56, 43]","[0.8760144, 0.8703856, 0.8469403, 0.8268199, 0.8163776, 0.8157635, 0.804185, 0.7737142, 0.7470772, 0.74491155, 0.74024546, 0.7257162, 0.72526044, 0.71735287, 0.6956561, 0.6922169, 0.6689789, 0.66529024, 0.63160986, 0.5740075, 0.5612609, 0.5591433, 0.52975255, 0.46711174, 0.4638835, 0.44451746, 0.4419968, 0.4305424, 0.42457753, 0.42043692, 0.39632013, 0.3937788, 0.39165068, 0.37846604, 0.3755384, 0.34022033, 0.31055298, 0.30539688, 0.2654496, 0.25758937, 0.25631246, 0.25573426, 0.25352234]","[[390.55, 437.26, 27.65, 97.57], [396.8, 280.15, 83.1, 165.17], [305.72, 564.14, 77.5, 75.49], [353.1, 479.85, 43.39, 90.68], [447.28, 560.65, 32.44, 79.22], [209.58, 265.21, 41.47, 66.89], [377.66, 541.78, 64.4, 98.0], [87.34, 280.73, 63.67, 104.64], [332.07, 436.69, 40.28, 116.41], [294.57, 287.59, 46.13, 42.32], [37.05, 266.04, 53.05, 147.93], [1, 296.67, 53.33, 144.07], [310.22, 349.61, 13.82, 41.07], [349.55, 276.97, 39.08, 59.32], [54.64, 408.45, 23.41, 67.67], [375.78, 396.03, 19.07, 58.2], [339.68, 283.99, 76.53, 91.25], [76.41, 387.35, 18.08, 17.46], [417.54, 486.79, 62.46, 11.53], [441.47, 284.3, 38.45, 46.68], [73.34, 451.15, 103.28, 162.7], [407.23, 247.46, 38.4, 36.36], [353.3, 359.22, 11.79, 15.26], [173.78, 379.26, 22.59, 85.83], [372.45, 261.27, 20.54, 32.0], [446.84, 420.99, 32.77, 57.89], [414.54, 561.0, 32.38, 78.6], [240.44, 623.91, 70.17, 15.79], [88.4, 406.2, 25.89, 54.86], [418.95, 492.45, 60.85, 13.15], [366.17, 373.9, 13.4, 31.02], [302.52, 326.65, 7.65, 14.53], [329.58, 396.17, 26.86, 40.95], [108.94, 423.33, 26.21, 31.86], [1, 304.4, 476.96, 334.33], [329.82, 370.0, 20.09, 28.64], [1, 463.95, 16.34, 11.93], [103.68, 371.29, 16.69, 22.65], [203.12, 365.26, 49.78, 67.69], [326.79, 353.47, 23.93, 21.23], [122.56, 368.11, 17.35, 8.94], [79.38, 321.46, 27.51, 35.17], [423.55, 498.74, 55.91, 11.23]]"
241,/home/pi/sambashare/BacArbeit/cocoval2017/000000533855.jpg,3.1989186779999272,"['54: donut', '0: person', '51: carrot']","[54, 0, 51]","[0.83650625, 0.3342831, 0.27971685]","[[368.66, 113.18, 271.2, 236.77], [11.16, 1, 628.84, 421.75], [215.11, 319.9, 318.23, 108.05]]"
242,/home/pi/sambashare/BacArbeit/cocoval2017/000000343076.jpg,3.176436864999914,['15: cat'],[15],[0.75692636],"[[2.03, 4.73, 471.09, 617.48]]"
243,/home/pi/sambashare/BacArbeit/cocoval2017/000000549674.jpg,3.169832031999931,"['66: keyboard', '64: mouse', '62: tv', '66: keyboard', '67: cell phone', '64: mouse', '41: cup', '62: tv', '62: tv', '67: cell phone', '62: tv']","[66, 64, 62, 66, 67, 64, 41, 62, 62, 67, 62]","[0.9394854, 0.92034715, 0.8834699, 0.87913895, 0.875373, 0.81465393, 0.762032, 0.60220724, 0.44641665, 0.36001837, 0.3516377]","[[57.45, 348.56, 404.29, 108.38], [481.3, 336.18, 57.04, 60.23], [313.66, 7.99, 313.48, 274.16], [102.54, 183.09, 150.95, 54.99], [197.95, 312.85, 42.09, 44.7], [273.23, 176.48, 21.46, 20.65], [316.55, 263.19, 66.41, 79.7], [32.92, 32.1, 282.85, 236.04], [65.94, 72.5, 115.41, 91.89], [35.22, 27.74, 36.13, 21.49], [179.35, 65.55, 114.48, 93.59]]"
244,/home/pi/sambashare/BacArbeit/cocoval2017/000000147415.jpg,3.194875303999879,"['63: laptop', '0: person', '41: cup', '63: laptop', '39: bottle', '73: book']","[63, 0, 41, 63, 39, 73]","[0.91216594, 0.60170305, 0.35794523, 0.34351304, 0.2584895, 0.25652495]","[[84.79, 223.84, 299.31, 241.13], [350.37, 1.64, 286.89, 476.97], [461.54, 283.61, 42.92, 72.52], [201.87, 336.88, 237.29, 129.47], [399.47, 300.48, 28.49, 53.12], [2.33, 420.94, 71.12, 58.38]]"
245,/home/pi/sambashare/BacArbeit/cocoval2017/000000368294.jpg,3.1769893899997896,['0: person'],[0],[0.8321367],"[[1, 3.25, 356.58, 421.53]]"
246,/home/pi/sambashare/BacArbeit/cocoval2017/000000206994.jpg,3.1799859000000197,"['6: train', '0: person', '13: bench', '13: bench']","[6, 0, 13, 13]","[0.9260486, 0.47251213, 0.3829227, 0.32770792]","[[217.04, 193.09, 382.61, 137.6], [16.2, 31.96, 43.36, 13.33], [53.07, 277.52, 89.59, 35.59], [81.65, 291.65, 53.2, 19.74]]"
247,/home/pi/sambashare/BacArbeit/cocoval2017/000000020107.jpg,3.198997911999868,['10: fire hydrant'],[10],[0.9001044],"[[111.21, 80.65, 221.37, 415.44]]"
248,/home/pi/sambashare/BacArbeit/cocoval2017/000000415727.jpg,3.1844104220001554,"['0: person', '0: person', '27: tie', '0: person', '30: skis', '13: bench', '0: person']","[0, 0, 27, 0, 30, 13, 0]","[0.8129928, 0.7034535, 0.50489974, 0.44720075, 0.41059834, 0.28382754, 0.28027633]","[[1, 1, 145.83, 165.16], [100.23, 86.88, 346.94, 390.95], [476.45, 34.81, 162.83, 445.12], [93.37, 31.35, 142.34, 317.07], [424.92, 24.89, 139.14, 449.61], [1, 13.46, 46.22, 84.44], [1, 156.58, 28.8, 33.02]]"
249,/home/pi/sambashare/BacArbeit/cocoval2017/000000084362.jpg,3.191274336999868,"['0: person', '15: cat', '62: tv', '57: couch', '32: sports ball', '57: couch']","[0, 15, 62, 57, 32, 57]","[0.89970726, 0.860259, 0.81253785, 0.7760458, 0.7379644, 0.7081144]","[[374.17, 142.24, 106.03, 124.75], [263.03, 248.28, 293.73, 197.89], [536.6, 1, 102.94, 156.82], [2.31, 256.68, 634.02, 222.66], [458.21, 232.85, 22.5, 20.39], [1, 116.57, 196.01, 268.61]]"
250,/home/pi/sambashare/BacArbeit/cocoval2017/000000419096.jpg,3.1977436649999618,['6: train'],[6],[0.65682334],"[[1, 221.03, 609.52, 244.33]]"
251,/home/pi/sambashare/BacArbeit/cocoval2017/000000101762.jpg,3.18739111900004,"['1: bicycle', '15: cat']","[1, 15]","[0.8577118, 0.7822452]","[[30.95, 1, 476.81, 343.48], [416.91, 75.8, 221.45, 256.56]]"
252,/home/pi/sambashare/BacArbeit/cocoval2017/000000194716.jpg,3.17020024999988,"['0: person', '0: person', '67: cell phone', '26: handbag', '13: bench', '7: truck']","[0, 0, 67, 26, 13, 7]","[0.82542944, 0.8010746, 0.60627705, 0.53887177, 0.3146441, 0.3036414]","[[148.24, 40.06, 267.84, 385.45], [376.31, 112.81, 149.56, 312.86], [376.66, 212.41, 57.85, 19.4], [225.87, 239.11, 104.6, 187.36], [1, 345.74, 89.07, 80.61], [561.06, 1, 78.07, 28.67]]"
253,/home/pi/sambashare/BacArbeit/cocoval2017/000000546829.jpg,3.19421761600006,"['13: bench', '16: dog']","[13, 16]","[0.9011324, 0.88814384]","[[119.51, 138.55, 341.5, 266.01], [199.25, 148.64, 95.42, 139.59]]"
254,/home/pi/sambashare/BacArbeit/cocoval2017/000000056288.jpg,3.188409911000008,"['65: remote', '55: cake', '62: tv']","[65, 55, 62]","[0.77003163, 0.64619666, 0.60684925]","[[1, 113.51, 61.99, 91.53], [10.37, 71.36, 618.52, 400.47], [241.8, 1, 397.7, 165.18]]"
255,/home/pi/sambashare/BacArbeit/cocoval2017/000000509014.jpg,3.2103153909999946,"['30: skis', '0: person', '0: person', '0: person', '0: person', '0: person', '30: skis', '0: person', '0: person', '0: person', '0: person', '0: person', '0: person']","[30, 0, 0, 0, 0, 0, 30, 0, 0, 0, 0, 0, 0]","[0.8528394, 0.8355616, 0.74945796, 0.61383045, 0.59660834, 0.49812853, 0.4697652, 0.35680395, 0.3555976, 0.3264853, 0.3261941, 0.30035856, 0.2761287]","[[519.55, 240.28, 74.6, 21.75], [369.25, 187.03, 36.99, 59.82], [249.24, 168.87, 84.79, 112.1], [340.34, 187.87, 30.38, 45.58], [609.81, 175.16, 29.62, 104.78], [198.5, 156.45, 23.8, 64.95], [348.59, 238.38, 78.02, 10.88], [266.21, 158.92, 10.67, 15.25], [167.17, 152.79, 10.87, 25.76], [363.84, 157.62, 13.33, 36.7], [413.51, 155.26, 12.22, 31.48], [120.76, 151.23, 5.45, 8.91], [93.85, 144.61, 6.89, 9.82]]"
256,/home/pi/sambashare/BacArbeit/cocoval2017/000000528578.jpg,3.186589760999823,"['74: clock', '74: clock']","[74, 74]","[0.8472038, 0.84612703]","[[502.47, 197.94, 14.38, 18.71], [528.29, 197.98, 13.37, 18.15]]"
257,/home/pi/sambashare/BacArbeit/cocoval2017/000000301376.jpg,3.195390515000099,"['2: car', '0: person', '2: car', '2: car', '9: traffic light', '9: traffic light', '0: person', '9: traffic light', '1: bicycle', '2: car', '0: person', '9: traffic light', '0: person', '9: traffic light', '0: person', '2: car', '9: traffic light', '2: car', '2: car', '2: car']","[2, 0, 2, 2, 9, 9, 0, 9, 1, 2, 0, 9, 0, 9, 0, 2, 9, 2, 2, 2]","[0.9372955, 0.853583, 0.82412803, 0.80729645, 0.7611786, 0.7604651, 0.72896296, 0.67980963, 0.560164, 0.5486414, 0.5462064, 0.54070324, 0.5266484, 0.4909874, 0.44124958, 0.43906328, 0.36930102, 0.2881861, 0.28783163, 0.26374042]","[[1, 391.12, 94.76, 85.29], [292.4, 367.38, 39.18, 77.35], [233.89, 363.48, 23.04, 46.62], [271.79, 372.11, 32.21, 44.53], [66.13, 5.35, 31.97, 114.62], [263.44, 211.4, 19.07, 56.6], [183.93, 356.06, 17.88, 52.91], [210.77, 303.91, 4.59, 13.67], [307.76, 401.37, 15.7, 48.41], [247.54, 378.29, 12.69, 38.91], [196.17, 370.65, 10.32, 36.53], [309.4, 314.38, 4.12, 12.07], [179.76, 362.82, 11.87, 44.98], [263.55, 267.31, 14.36, 31.87], [173.85, 362.64, 7.88, 32.73], [322.74, 369.85, 10.26, 19.16], [80.11, 95.06, 31.92, 59.69], [280.72, 362.15, 35.56, 17.77], [218.64, 365.14, 22.58, 35.94], [326.0, 372.49, 7.0, 26.71]]"
258,/home/pi/sambashare/BacArbeit/cocoval2017/000000291664.jpg,3.195287301999997,"['16: dog', '10: fire hydrant']","[16, 10]","[0.9499902, 0.84783226]","[[279.75, 169.49, 213.17, 327.6], [128.78, 62.92, 188.42, 446.41]]"
259,/home/pi/sambashare/BacArbeit/cocoval2017/000000271116.jpg,3.19482290000019,"['27: tie', '0: person', '0: person', '41: cup', '67: cell phone', '27: tie', '40: wine glass', '0: person', '56: chair', '41: cup', '40: wine glass', '0: person', '60: dining table', '27: tie', '40: wine glass', '40: wine glass', '0: person', '0: person', '0: person', '27: tie', '56: chair', '0: person', '0: person', '0: person', '40: wine glass', '40: wine glass', '41: cup', '67: cell phone']","[27, 0, 0, 41, 67, 27, 40, 0, 56, 41, 40, 0, 60, 27, 40, 40, 0, 0, 0, 27, 56, 0, 0, 0, 40, 40, 41, 67]","[0.8944057, 0.88463444, 0.86216503, 0.8069407, 0.80626196, 0.7997492, 0.7977911, 0.75992477, 0.72418225, 0.71162, 0.69195515, 0.65355164, 0.65065974, 0.639123, 0.6260854, 0.5905587, 0.5519003, 0.53088504, 0.4999683, 0.4990007, 0.42292607, 0.39879924, 0.39348328, 0.38024154, 0.342096, 0.32133573, 0.30351192, 0.29594627]","[[460.33, 183.74, 94.87, 148.65], [273.58, 153.47, 73.11, 67.88], [345.0, 47.9, 295.0, 374.32], [337.79, 230.26, 28.65, 20.69], [116.16, 311.05, 35.31, 11.5], [143.3, 127.38, 46.67, 161.49], [424.0, 201.47, 22.61, 38.08], [378.18, 153.31, 78.29, 70.54], [552.15, 233.21, 87.53, 190.3], [284.89, 211.92, 14.58, 10.83], [463.82, 200.36, 24.9, 39.77], [30.91, 78.81, 65.26, 23.39], [246.86, 204.05, 234.1, 101.26], [308.62, 189.67, 11.93, 31.78], [260.91, 198.06, 15.32, 32.0], [328.42, 200.56, 23.25, 35.98], [237.28, 165.3, 33.86, 34.26], [1.81, 1, 343.59, 423], [284.18, 169.09, 18.5, 17.86], [410.29, 192.09, 11.58, 28.58], [1, 199.13, 123.98, 224.17], [444.23, 177.32, 30.64, 49.93], [380.92, 167.56, 28.17, 28.79], [249.69, 172.48, 21.9, 24.05], [241.4, 197.68, 15.06, 26.97], [313.67, 216.43, 18.52, 25.07], [404.69, 222.01, 20.19, 17.2], [370.99, 328.25, 25.96, 26.61]]"
260,/home/pi/sambashare/BacArbeit/cocoval2017/000000433134.jpg,3.1810617009998623,['16: dog'],[16],[0.7937433],"[[216.2, 15.19, 422.73, 460.59]]"
261,/home/pi/sambashare/BacArbeit/cocoval2017/000000080413.jpg,3.19242519799991,"['16: dog', '74: clock']","[16, 74]","[0.7506093, 0.33622187]","[[223.82, 111.6, 170.77, 150.55], [1, 113.2, 63.64, 144.37]]"
262,/home/pi/sambashare/BacArbeit/cocoval2017/000000213033.jpg,3.175953550000031,"['0: person', '25: umbrella', '8: boat', '2: car']","[0, 25, 8, 2]","[0.9526475, 0.7072505, 0.42808124, 0.28655016]","[[118.5, 197.88, 223.14, 440.17], [21.96, 139.49, 318.83, 159.34], [3.47, 263.51, 17.52, 6.88], [350.73, 265.32, 20.53, 7.63]]"
263,/home/pi/sambashare/BacArbeit/cocoval2017/000000460841.jpg,3.1878757049998967,"['16: dog', '39: bottle', '0: person']","[16, 39, 0]","[0.91812533, 0.7950946, 0.7745413]","[[54.64, 109.95, 121.7, 117.83], [38.57, 221.56, 236.04, 153.16], [82.83, 319.45, 110.84, 55.41]]"
264,/home/pi/sambashare/BacArbeit/cocoval2017/000000238410.jpg,3.1821170750001784,"['56: chair', '0: person', '0: person', '0: person', '56: chair', '0: person', '60: dining table', '40: wine glass', '40: wine glass', '40: wine glass', '0: person', '0: person', '25: umbrella', '0: person', '56: chair', '56: chair', '39: bottle', '0: person', '39: bottle', '40: wine glass', '0: person', '56: chair', '56: chair', '40: wine glass', '56: chair', '41: cup', '41: cup', '73: book', '0: person', '56: chair', '45: bowl', '41: cup', '40: wine glass', '0: person']","[56, 0, 0, 0, 56, 0, 60, 40, 40, 40, 0, 0, 25, 0, 56, 56, 39, 0, 39, 40, 0, 56, 56, 40, 56, 41, 41, 73, 0, 56, 45, 41, 40, 0]","[0.8744721, 0.865651, 0.8551729, 0.8383395, 0.76644194, 0.75225115, 0.7316811, 0.7089344, 0.70353055, 0.70170957, 0.62138104, 0.62023896, 0.61241645, 0.568582, 0.5534616, 0.5247899, 0.5200192, 0.5077449, 0.49080426, 0.4705343, 0.4681599, 0.46732965, 0.4148744, 0.40305328, 0.36964303, 0.3584579, 0.3431029, 0.328654, 0.3088495, 0.3034848, 0.2983465, 0.29205123, 0.2842345, 0.25252524]","[[382.31, 174.97, 83.01, 69.06], [8.63, 202.72, 239.0, 239.77], [1.03, 371.26, 221.9, 107.23], [367.74, 186.29, 138.37, 157.86], [1, 311.47, 168.4, 114.44], [293.3, 175.0, 69.16, 99.86], [227.19, 279.69, 155.02, 198.55], [95.23, 360.31, 37.02, 62.7], [485.84, 313.29, 42.75, 81.9], [456.27, 282.67, 25.61, 36.26], [368.98, 266.19, 269.74, 189.11], [168.31, 167.72, 92.07, 105.74], [356.79, 1.91, 53.22, 211.98], [557.85, 203.85, 81.99, 74.66], [491.84, 159.18, 30.76, 42.46], [245.13, 158.61, 35.71, 28.7], [303.03, 251.75, 14.65, 36.28], [73.85, 190.81, 59.92, 72.15], [334.86, 253.11, 15.45, 37.34], [296.87, 319.2, 18.5, 26.96], [377.42, 208.5, 201.11, 173.38], [218.77, 171.32, 71.76, 105.41], [368.97, 242.0, 50.17, 61.96], [316.88, 240.34, 17.56, 44.62], [146.4, 194.72, 84.02, 77.07], [259.21, 325.34, 19.93, 26.98], [298.44, 327.59, 20.19, 38.35], [118.84, 302.3, 77.26, 24.69], [443.62, 375.47, 195.58, 103.77], [348.33, 162.43, 61.07, 63.59], [270.22, 317.87, 28.36, 15.72], [328.72, 287.42, 19.11, 35.82], [122.91, 264.07, 20.05, 24.79], [481.23, 209.77, 95.36, 112.5]]"
265,/home/pi/sambashare/BacArbeit/cocoval2017/000000419882.jpg,3.1829024070000287,"['6: train', '6: train', '6: train', '6: train']","[6, 6, 6, 6]","[0.85177773, 0.63069755, 0.6077557, 0.5688265]","[[106.98, 208.3, 283.44, 385.39], [16.25, 212.21, 297.78, 145.3], [437.94, 212.43, 162.34, 114.85], [386.35, 210.59, 212.74, 382.86]]"
266,/home/pi/sambashare/BacArbeit/cocoval2017/000000311180.jpg,3.1945903289999933,"['76: scissors', '76: scissors']","[76, 76]","[0.81494933, 0.4817526]","[[92.74, 310.88, 374.71, 171.11], [7.48, 122.04, 429.01, 487.54]]"
267,/home/pi/sambashare/BacArbeit/cocoval2017/000000356261.jpg,3.192915010999968,['17: horse'],[17],[0.9518619],"[[35.83, 260.62, 294.9, 188.02]]"
268,/home/pi/sambashare/BacArbeit/cocoval2017/000000343496.jpg,3.1836637970000083,"['11: stop sign', '10: fire hydrant', '0: person', '2: car', '26: handbag', '26: handbag']","[11, 10, 0, 2, 26, 26]","[0.9150129, 0.8426748, 0.8307408, 0.81242853, 0.7126771, 0.43386516]","[[162.31, 78.99, 42.03, 44.53], [368.76, 230.75, 19.03, 38.64], [57.87, 202.04, 53.5, 117.26], [255.17, 198.48, 52.98, 27.26], [87.92, 263.94, 24.04, 36.96], [58.46, 218.23, 38.43, 69.54]]"
269,/home/pi/sambashare/BacArbeit/cocoval2017/000000418062.jpg,3.176638412000102,"['0: person', '0: person', '40: wine glass', '40: wine glass', '0: person', '0: person', '0: person', '0: person']","[0, 0, 40, 40, 0, 0, 0, 0]","[0.9353525, 0.9273836, 0.9208171, 0.9078616, 0.36088386, 0.2823713, 0.26128912, 0.26046792]","[[184.25, 169.24, 242.05, 467.67], [1, 149.03, 195.66, 489.49], [233.79, 461.16, 53.07, 112.08], [91.9, 513.37, 52.37, 126.22], [351.67, 208.67, 75.12, 110.65], [304.17, 245.78, 46.03, 46.04], [369.01, 308.5, 57.33, 207.58], [172.93, 244.76, 40.89, 83.94]]"
270,/home/pi/sambashare/BacArbeit/cocoval2017/000000185599.jpg,3.1908160940001835,"['47: apple', '47: apple', '75: vase', '49: orange']","[47, 47, 75, 49]","[0.6304349, 0.5597576, 0.5119921, 0.40075603]","[[416.77, 121.11, 221.22, 358.89], [333.36, 1, 304.18, 250.59], [1.73, 1.85, 243.17, 475.11], [171.02, 49.67, 169.0, 179.7]]"
271,/home/pi/sambashare/BacArbeit/cocoval2017/000000195918.jpg,3.1875009079999472,"['66: keyboard', '63: laptop', '64: mouse', '62: tv', '56: chair', '62: tv', '66: keyboard']","[66, 63, 64, 62, 56, 62, 66]","[0.9433032, 0.91908425, 0.8905447, 0.88654447, 0.88122314, 0.8799991, 0.46133846]","[[99.32, 295.41, 168.11, 42.32], [526.12, 188.04, 113.5, 146.7], [284.49, 284.95, 34.61, 17.7], [36.31, 120.22, 206.9, 163.27], [1.03, 379.66, 183.13, 47.9], [298.1, 121.81, 185.38, 129.95], [557.78, 283.53, 82.22, 35.21]]"
272,/home/pi/sambashare/BacArbeit/cocoval2017/000000576955.jpg,3.197250884999903,"['0: person', '0: person', '17: horse']","[0, 0, 17]","[0.73952806, 0.6018674, 0.57393366]","[[236.98, 19.5, 33.03, 99.91], [303.38, 53.57, 127.67, 213.13], [252.03, 102.59, 188.79, 239.28]]"
273,/home/pi/sambashare/BacArbeit/cocoval2017/000000219271.jpg,3.173189328000035,"['0: person', '2: car', '7: truck', '0: person', '0: person', '0: person', '0: person', '0: person', '0: person', '0: person', '0: person', '7: truck', '0: person', '0: person', '2: car', '0: person', '2: car', '0: person', '7: truck', '0: person']","[0, 2, 7, 0, 0, 0, 0, 0, 0, 0, 0, 7, 0, 0, 2, 0, 2, 0, 7, 0]","[0.87154704, 0.8057304, 0.7373129, 0.73081255, 0.72142965, 0.6706755, 0.65888125, 0.65827936, 0.6023197, 0.59845275, 0.5695334, 0.5436989, 0.39563102, 0.3682219, 0.3561994, 0.34653696, 0.33727992, 0.33468726, 0.29131675, 0.28257173]","[[128.14, 423.42, 68.04, 76.24], [319.12, 264.03, 23.73, 34.43], [1.68, 319.89, 196.5, 149.61], [310.05, 375.58, 39.58, 90.17], [217.09, 387.89, 26.45, 94.39], [115.59, 430.33, 31.74, 69.49], [247.32, 358.54, 21.22, 58.24], [335.35, 317.26, 14.55, 40.14], [181.67, 405.51, 32.76, 93.85], [265.6, 354.73, 17.65, 59.89], [240.22, 399.78, 21.21, 37.56], [264.78, 273.91, 58.76, 59.06], [1, 374.23, 13.78, 56.55], [95.8, 439.76, 24.78, 56.18], [332.4, 259.95, 17.6, 27.6], [299.89, 331.9, 22.81, 48.57], [1, 454.39, 6.35, 30.19], [165.14, 404.85, 33.5, 62.82], [188.96, 280.93, 99.68, 107.31], [1, 467.41, 79.06, 32.25]]"
274,/home/pi/sambashare/BacArbeit/cocoval2017/000000227985.jpg,3.185162986000023,"['43: knife', '48: sandwich']","[43, 48]","[0.9056579, 0.3947379]","[[542.17, 54.39, 97.31, 87.34], [325.99, 131.21, 250.56, 246.62]]"
275,/home/pi/sambashare/BacArbeit/cocoval2017/000000512564.jpg,3.183976810999866,"['5: bus', '5: bus', '2: car', '2: car', '2: car', '0: person', '9: traffic light', '0: person']","[5, 5, 2, 2, 2, 0, 9, 0]","[0.92195046, 0.9127574, 0.8321, 0.81817234, 0.5477522, 0.51814204, 0.50473833, 0.4180303]","[[379.91, 276.53, 70.77, 72.91], [119.5, 339.41, 57.73, 58.44], [123.84, 287.36, 36.32, 30.88], [254.44, 255.13, 23.2, 16.87], [197.91, 217.21, 16.67, 7.85], [123.02, 246.22, 8.16, 15.57], [148.09, 229.91, 31.31, 21.08], [92.7, 266.6, 12.25, 18.16]]"
276,/home/pi/sambashare/BacArbeit/cocoval2017/000000437514.jpg,3.180111261000093,"['58: potted plant', '13: bench', '73: book']","[58, 13, 73]","[0.75958955, 0.7252532, 0.27189082]","[[368.15, 1, 270.54, 530.91], [20.03, 196.43, 414.41, 291.69], [167.79, 154.02, 70.89, 55.22]]"
277,/home/pi/sambashare/BacArbeit/cocoval2017/000000420916.jpg,3.182454499000187,"['0: person', '0: person', '13: bench', '0: person', '24: backpack', '14: bird', '0: person', '0: person']","[0, 0, 13, 0, 24, 14, 0, 0]","[0.8646343, 0.7895958, 0.74120885, 0.7356074, 0.42811188, 0.363877, 0.30766216, 0.29122457]","[[286.2, 195.63, 173.28, 158.77], [527.96, 174.68, 84.83, 139.6], [219.36, 246.12, 412.01, 153.42], [448.77, 187.11, 92.33, 148.15], [202.41, 345.08, 80.58, 54.92], [474.01, 153.23, 8.34, 5.04], [98.86, 99.77, 13.01, 5.74], [451.21, 150.14, 8.02, 7.91]]"
278,/home/pi/sambashare/BacArbeit/cocoval2017/000000540502.jpg,3.185293449000028,"['72: refrigerator', '68: microwave', '45: bowl', '58: potted plant', '69: oven', '56: chair', '56: chair', '71: sink', '45: bowl', '60: dining table', '56: chair', '41: cup', '75: vase', '41: cup', '74: clock']","[72, 68, 45, 58, 69, 56, 56, 71, 45, 60, 56, 41, 75, 41, 74]","[0.8965046, 0.8528825, 0.8284263, 0.6646888, 0.64947253, 0.59660846, 0.5320484, 0.52148396, 0.51856714, 0.5125806, 0.4380592, 0.4377237, 0.40321195, 0.31365272, 0.26964423]","[[68.13, 109.38, 152.35, 251.3], [325.81, 126.71, 68.77, 32.24], [422.2, 274.31, 61.92, 27.32], [11.9, 94.15, 28.86, 31.92], [318.89, 175.29, 77.0, 44.58], [409.13, 384.91, 180.78, 41.61], [23.52, 234.19, 25.98, 80.94], [216.85, 202.19, 24.74, 6.12], [339.69, 212.86, 42.61, 19.46], [109.44, 246.86, 473.78, 178.68], [521.18, 383.56, 68.96, 43.44], [434.42, 212.58, 20.28, 11.14], [256.16, 180.34, 9.89, 18.71], [423.75, 211.35, 11.85, 12.42], [281.66, 117.92, 6.35, 13.01]]"
279,/home/pi/sambashare/BacArbeit/cocoval2017/000000574425.jpg,3.1778949640001883,"['7: truck', '2: car']","[7, 2]","[0.93255544, 0.86615735]","[[159.83, 23.21, 473.81, 361.75], [68.01, 144.66, 107.61, 97.56]]"
280,/home/pi/sambashare/BacArbeit/cocoval2017/000000396863.jpg,3.180183002999911,"['17: horse', '0: person', '0: person']","[17, 0, 0]","[0.9286748, 0.8031985, 0.65830666]","[[94.94, 108.11, 182.9, 310.92], [113.92, 22.79, 91.53, 230.01], [538.98, 18.45, 99.67, 404.59]]"
281,/home/pi/sambashare/BacArbeit/cocoval2017/000000529966.jpg,3.1787144150000586,"['45: bowl', '45: bowl', '45: bowl', '49: orange']","[45, 45, 45, 49]","[0.8717534, 0.85590714, 0.6867057, 0.26721376]","[[31.75, 104.21, 270.32, 257.23], [342.79, 35.24, 267.69, 228.71], [1, 293.25, 28.95, 99.15], [48.17, 190.6, 89.43, 91.68]]"
282,/home/pi/sambashare/BacArbeit/cocoval2017/000000399462.jpg,3.19163724200007,"['0: person', '0: person', '33: kite', '0: person']","[0, 0, 33, 0]","[0.90116775, 0.8583353, 0.5050005, 0.37212756]","[[18.52, 1, 39.76, 83.78], [79.04, 1, 28.65, 76.99], [1, 100.37, 153.45, 93.52], [99.45, 33.91, 180.81, 260.68]]"
283,/home/pi/sambashare/BacArbeit/cocoval2017/000000262938.jpg,3.183874228999912,"['77: teddy bear', '73: book', '73: book', '77: teddy bear']","[77, 73, 73, 77]","[0.5978767, 0.51402044, 0.5139065, 0.5105087]","[[1, 18.45, 305.24, 230.48], [1, 214.61, 638.47, 251.18], [555.4, 1, 83.33, 91.45], [255.35, 13.32, 384.65, 249.11]]"
284,/home/pi/sambashare/BacArbeit/cocoval2017/000000509451.jpg,3.1865257229999315,"['0: person', '0: person', '0: person', '0: person', '0: person', '0: person', '0: person', '39: bottle', '27: tie', '39: bottle', '0: person', '27: tie', '0: person', '0: person']","[0, 0, 0, 0, 0, 0, 0, 39, 27, 39, 0, 27, 0, 0]","[0.8949688, 0.8936061, 0.87529165, 0.82143307, 0.7697074, 0.70281, 0.61889416, 0.53759545, 0.50327027, 0.4890247, 0.47340304, 0.37410256, 0.3415656, 0.26746163]","[[1, 52.8, 130.79, 321.76], [149.74, 98.15, 138.25, 276.85], [50.38, 1, 74.01, 189.65], [244.12, 71.08, 116.91, 302.08], [128.99, 1, 70.6, 90.7], [94.72, 62.17, 108.61, 309.01], [359.31, 41.82, 140.69, 324.69], [446.35, 346.38, 48.82, 28.56], [88.31, 34.15, 19.08, 31.94], [144.07, 279.19, 21.96, 36.29], [306.18, 15.06, 114.25, 344.29], [325.86, 105.49, 42.83, 72.03], [379.01, 265.46, 120.46, 107.78], [397.83, 265.27, 101.47, 52.46]]"
285,/home/pi/sambashare/BacArbeit/cocoval2017/000000266206.jpg,3.1666381459999684,['39: bottle'],[39],[0.36816582],"[[256.02, 301.04, 8.92, 31.7]]"
286,/home/pi/sambashare/BacArbeit/cocoval2017/000000359219.jpg,3.184295771000052,"['42: fork', '45: bowl', '43: knife']","[42, 45, 43]","[0.8050148, 0.7257698, 0.66928107]","[[385.6, 131.93, 46.81, 262.39], [1.03, 89.44, 333.26, 379.32], [456.5, 14.71, 183.08, 371.64]]"
287,/home/pi/sambashare/BacArbeit/cocoval2017/000000162415.jpg,3.181440002000045,"['0: person', '35: baseball glove']","[0, 35]","[0.9282314, 0.8247368]","[[25.66, 107.99, 456.39, 528.19], [261.94, 291.72, 217.71, 231.06]]"
288,/home/pi/sambashare/BacArbeit/cocoval2017/000000140658.jpg,3.195906685999944,['74: clock'],[74],[0.9211305],"[[144.58, 123.77, 39.96, 37.1]]"
289,/home/pi/sambashare/BacArbeit/cocoval2017/000000376264.jpg,3.19974428799992,"['63: laptop', '73: book', '67: cell phone', '73: book', '39: bottle', '45: bowl', '39: bottle', '41: cup']","[63, 73, 67, 73, 39, 45, 39, 41]","[0.7906401, 0.61270076, 0.46860003, 0.43921024, 0.38793993, 0.33377925, 0.29635257, 0.27523446]","[[378.59, 186.0, 259.96, 294.62], [96.19, 20.01, 172.78, 162.36], [261.96, 176.31, 45.27, 62.46], [260.55, 222.05, 167.31, 176.82], [20.17, 25.68, 83.63, 83.59], [1, 282.12, 126.83, 182.75], [1, 24.73, 41.63, 78.24], [203.65, 389.67, 91.73, 82.36]]"
290,/home/pi/sambashare/BacArbeit/cocoval2017/000000256916.jpg,3.178642754000066,"['43: knife', '43: knife', '55: cake', '56: chair', '39: bottle', '55: cake', '55: cake', '60: dining table', '43: knife', '43: knife', '39: bottle', '55: cake']","[43, 43, 55, 56, 39, 55, 55, 60, 43, 43, 39, 55]","[0.7949657, 0.72937876, 0.72030294, 0.64029247, 0.63337535, 0.6332988, 0.36419195, 0.31585118, 0.30571285, 0.30412582, 0.28894755, 0.255666]","[[105.68, 125.62, 108.81, 32.5], [204.46, 410.45, 65.21, 69.26], [149.85, 34.02, 243.62, 152.69], [556.76, 36.02, 82.82, 141.65], [24.43, 1, 46.95, 41.15], [1, 51.49, 99.97, 79.91], [77.94, 208.99, 361.48, 256.58], [1, 15.69, 637.89, 461.15], [385.48, 152.87, 95.78, 116.24], [359.11, 154.67, 76.82, 81.37], [1, 1, 30.88, 33.29], [537.37, 174.83, 102.08, 283.96]]"
291,/home/pi/sambashare/BacArbeit/cocoval2017/000000503855.jpg,3.1891359549999834,"['25: umbrella', '25: umbrella', '25: umbrella', '25: umbrella', '25: umbrella', '0: person', '0: person', '0: person', '0: person', '25: umbrella', '0: person', '0: person', '0: person', '0: person', '26: handbag']","[25, 25, 25, 25, 25, 0, 0, 0, 0, 25, 0, 0, 0, 0, 26]","[0.9337191, 0.9081528, 0.8533684, 0.8199535, 0.8133286, 0.81033605, 0.79086614, 0.787659, 0.787312, 0.7861135, 0.76836663, 0.736611, 0.6999747, 0.67133105, 0.57231414]","[[553.87, 230.18, 81.95, 70.23], [241.4, 206.57, 65.71, 44.19], [80.1, 188.82, 54.91, 37.51], [318.98, 264.7, 129.14, 75.82], [1, 193.35, 24.62, 31.47], [354.16, 122.45, 20.65, 42.8], [249.61, 125.9, 15.86, 34.7], [161.26, 113.31, 20.71, 48.97], [138.58, 120.19, 24.82, 68.72], [1, 227.43, 69.68, 60.98], [215.21, 116.55, 16.86, 41.95], [189.24, 130.17, 18.73, 32.38], [530.28, 110.06, 19.32, 36.06], [65.11, 117.37, 21.31, 47.95], [46.31, 179.65, 21.27, 17.65]]"
292,/home/pi/sambashare/BacArbeit/cocoval2017/000000404479.jpg,3.192126701999996,['4: airplane'],[4],[0.908482],"[[185.02, 232.05, 442.53, 134.39]]"
293,/home/pi/sambashare/BacArbeit/cocoval2017/000000190140.jpg,3.1810318339998958,"['16: dog', '0: person', '8: boat', '16: dog']","[16, 0, 8, 16]","[0.92249733, 0.8632882, 0.81464916, 0.26465514]","[[356.23, 155.7, 80.11, 148.09], [157.8, 142.13, 118.12, 162.03], [7.96, 154.48, 529.78, 225.5], [230.18, 245.38, 72.52, 38.22]]"
294,/home/pi/sambashare/BacArbeit/cocoval2017/000000079651.jpg,3.1775753320000604,"['39: bottle', '39: bottle', '39: bottle', '46: banana', '46: banana']","[39, 39, 39, 46, 46]","[0.90797687, 0.8874648, 0.8696696, 0.8644733, 0.8493915]","[[149.13, 6.64, 112.46, 375.58], [398.46, 5.17, 115.65, 367.41], [277.78, 2.34, 106.86, 363.96], [295.34, 347.17, 338.1, 110.84], [174.64, 364.33, 316.28, 113.03]]"
295,/home/pi/sambashare/BacArbeit/cocoval2017/000000032081.jpg,3.1828139119998013,"['0: person', '38: tennis racket']","[0, 38]","[0.93065315, 0.89268464]","[[111.57, 74.08, 140.81, 400.28], [75.06, 129.14, 49.75, 108.93]]"
296,/home/pi/sambashare/BacArbeit/cocoval2017/000000257478.jpg,3.1866867710000406,"['0: person', '35: baseball glove', '32: sports ball']","[0, 35, 32]","[0.91620314, 0.7758051, 0.39767027]","[[253.83, 26.17, 176.28, 344.03], [367.54, 164.8, 48.92, 40.53], [253.73, 60.42, 21.45, 18.65]]"
297,/home/pi/sambashare/BacArbeit/cocoval2017/000000218249.jpg,3.188205987000174,"['45: bowl', '55: cake']","[45, 55]","[0.58561134, 0.48518804]","[[1, 273.42, 101.06, 89.26], [201.54, 67.44, 333.04, 242.08]]"
298,/home/pi/sambashare/BacArbeit/cocoval2017/000000211042.jpg,3.1771763099998225,"['15: cat', '61: toilet']","[15, 61]","[0.91707164, 0.7739657]","[[160.98, 187.61, 117.72, 349.83], [123.45, 47.92, 252.11, 371.7]]"
299,/home/pi/sambashare/BacArbeit/cocoval2017/000000028809.jpg,3.1865201330001582,"['46: banana', '79: toothbrush', '46: banana', '79: toothbrush']","[46, 79, 46, 79]","[0.69455206, 0.6011671, 0.46041206, 0.28218535]","[[214.93, 260.06, 281.95, 212.61], [225.2, 6.98, 272.1, 161.41], [252.34, 160.32, 244.59, 124.71], [339.53, 1, 104.72, 28.3]]"
300,/home/pi/sambashare/BacArbeit/cocoval2017/000000423104.jpg,3.1892229659999884,"['0: person', '29: frisbee', '0: person', '0: person', '0: person', '56: chair', '0: person']","[0, 29, 0, 0, 0, 56, 0]","[0.8981674, 0.8967054, 0.50509584, 0.37196225, 0.36721224, 0.28024277, 0.26253068]","[[167.95, 237.64, 95.98, 175.3], [208.89, 217.1, 17.56, 24.88], [211.08, 283.61, 12.4, 49.95], [210.99, 279.94, 17.55, 93.46], [203.55, 274.15, 29.77, 72.93], [28.79, 301.78, 16.65, 26.5], [51.62, 300.97, 16.79, 27.57]]"
301,/home/pi/sambashare/BacArbeit/cocoval2017/000000517056.jpg,3.1748973200001274,"['0: person', '0: person', '55: cake', '56: chair', '43: knife', '55: cake', '55: cake', '43: knife', '56: chair', '71: sink', '41: cup', '60: dining table', '55: cake', '56: chair']","[0, 0, 55, 56, 43, 55, 55, 43, 56, 71, 41, 60, 55, 56]","[0.9263377, 0.92363685, 0.8538875, 0.8391022, 0.70792496, 0.52520716, 0.47190848, 0.4704049, 0.45014083, 0.40281245, 0.39799926, 0.35339996, 0.3146454, 0.28141153]","[[258.94, 39.54, 191.7, 321.62], [52.18, 98.71, 204.39, 314.51], [173.84, 358.95, 358.87, 121.05], [1, 228.05, 78.04, 207.59], [183.24, 407.6, 111.19, 27.75], [545.64, 392.82, 32.38, 33.11], [543.26, 255.91, 96.25, 80.01], [92.44, 434.61, 101.77, 21.12], [494.28, 393.53, 145.26, 86.06], [397.82, 156.19, 91.01, 26.45], [594.16, 165.25, 14.79, 18.45], [6.24, 318.3, 621.37, 161.7], [399.34, 277.46, 66.75, 37.29], [214.2, 200.33, 39.37, 149.87]]"
302,/home/pi/sambashare/BacArbeit/cocoval2017/000000354753.jpg,3.18515090599999,"['2: car', '9: traffic light', '9: traffic light', '9: traffic light', '9: traffic light']","[2, 9, 9, 9, 9]","[0.46368507, 0.35181278, 0.34290117, 0.3328636, 0.32305658]","[[316.63, 211.43, 51.63, 24.17], [366.83, 137.31, 19.98, 23.95], [424.65, 135.35, 17.95, 15.49], [485.64, 132.53, 18.68, 15.59], [306.92, 140.64, 20.23, 21.22]]"
303,/home/pi/sambashare/BacArbeit/cocoval2017/000000557916.jpg,3.1856754349998937,"['75: vase', '77: teddy bear', '0: person']","[75, 77, 0]","[0.89390284, 0.7179002, 0.7149903]","[[398.21, 1, 68.89, 74.59], [108.1, 89.46, 75.83, 91.43], [143.61, 70.26, 388.24, 350.96]]"
304,/home/pi/sambashare/BacArbeit/cocoval2017/000000417608.jpg,3.17856749900011,"['41: cup', '44: spoon', '48: sandwich', '41: cup', '39: bottle', '56: chair', '0: person', '41: cup']","[41, 44, 48, 41, 39, 56, 0, 41]","[0.75952643, 0.6719166, 0.5999059, 0.49929017, 0.4127882, 0.39789754, 0.37458608, 0.3436919]","[[13.43, 25.7, 164.85, 88.76], [1, 1, 68.9, 42.03], [8.69, 61.19, 628.21, 353.36], [44.49, 1, 126.98, 34.26], [254.06, 1, 115.3, 93.53], [598.66, 22.8, 41.14, 140.6], [566.89, 1, 53.67, 53.67], [171.44, 1, 84.74, 50.22]]"
305,/home/pi/sambashare/BacArbeit/cocoval2017/000000105014.jpg,3.188684225000088,"['44: spoon', '45: bowl', '50: broccoli']","[44, 45, 50]","[0.9386854, 0.7080441, 0.54861206]","[[217.23, 426.78, 142.54, 212.04], [27.43, 73.28, 308.35, 397.75], [260.18, 195.51, 77.38, 91.87]]"
306,/home/pi/sambashare/BacArbeit/cocoval2017/000000530061.jpg,3.187093784000126,"['45: bowl', '0: person', '0: person', '56: chair', '44: spoon', '60: dining table']","[45, 0, 0, 56, 44, 60]","[0.9204217, 0.7586904, 0.7084059, 0.6576386, 0.61056465, 0.32597774]","[[88.51, 246.73, 239.91, 165.09], [80.08, 21.69, 506.98, 392.45], [1, 81.07, 137.27, 190.45], [503.23, 228.81, 136.31, 216.3], [166.5, 250.39, 24.35, 56.48], [1, 342.22, 634.97, 110.6]]"
307,/home/pi/sambashare/BacArbeit/cocoval2017/000000244833.jpg,3.182651312999951,"['0: person', '3: motorcycle', '56: chair', '56: chair', '56: chair']","[0, 3, 56, 56, 56]","[0.57098013, 0.3966663, 0.30620748, 0.26590857, 0.25523964]","[[547.42, 1, 67.55, 125.35], [397.16, 23.89, 241.44, 396.81], [1, 242.44, 93.86, 185.08], [64.54, 73.03, 74.37, 57.23], [113.92, 68.99, 80.12, 73.88]]"
308,/home/pi/sambashare/BacArbeit/cocoval2017/000000476415.jpg,3.1881658419999894,"['27: tie', '0: person']","[27, 0]","[0.79174083, 0.61666715]","[[212.71, 25.12, 83.99, 449.65], [65.44, 19.38, 356.84, 610.66]]"
309,/home/pi/sambashare/BacArbeit/cocoval2017/000000419098.jpg,3.1890875139999935,['76: scissors'],[76],[0.30683678],"[[1, 5.13, 637.08, 547.8]]"
310,/home/pi/sambashare/BacArbeit/cocoval2017/000000357978.jpg,3.183516167000107,"['0: person', '0: person', '0: person', '57: couch', '0: person', '0: person', '38: tennis racket', '56: chair']","[0, 0, 0, 57, 0, 0, 38, 56]","[0.9252509, 0.92342484, 0.9163751, 0.8793083, 0.8373015, 0.38996452, 0.35881588, 0.251933]","[[239.36, 121.85, 90.72, 251.26], [152.78, 100.49, 104.82, 273.3], [95.97, 106.59, 63.72, 179.87], [1, 176.18, 93.23, 84.01], [30.67, 120.3, 27.48, 68.37], [393.5, 93.22, 24.34, 8.41], [122.79, 271.91, 82.44, 75.75], [145.43, 166.58, 29.22, 64.63]]"
311,/home/pi/sambashare/BacArbeit/cocoval2017/000000333772.jpg,3.1897758899999644,"['64: mouse', '41: cup', '62: tv', '15: cat', '65: remote', '56: chair']","[64, 41, 62, 15, 65, 56]","[0.9190509, 0.9106989, 0.90309274, 0.8787821, 0.77319306, 0.58704174]","[[287.42, 283.04, 47.71, 37.88], [91.95, 119.5, 55.97, 57.0], [154.64, 1, 254.71, 132.34], [62.98, 124.38, 382.9, 227.7], [71.06, 190.85, 61.67, 50.53], [444.53, 333.82, 55.09, 40.9]]"
312,/home/pi/sambashare/BacArbeit/cocoval2017/000000447088.jpg,3.1952821630000017,"['0: person', '34: baseball bat', '0: person', '34: baseball bat']","[0, 34, 0, 34]","[0.9049517, 0.8317764, 0.7953622, 0.6750977]","[[138.54, 13.52, 111.32, 297.8], [75.78, 61.15, 69.6, 66.93], [276.25, 15.7, 160.46, 307.29], [426.47, 106.56, 26.36, 30.33]]"
313,/home/pi/sambashare/BacArbeit/cocoval2017/000000039405.jpg,3.1900583039998764,"['0: person', '38: tennis racket', '0: person', '56: chair', '24: backpack', '56: chair', '0: person', '0: person', '0: person', '0: person', '0: person', '0: person', '56: chair', '0: person', '24: backpack', '0: person', '24: backpack', '0: person', '0: person', '32: sports ball', '0: person', '25: umbrella', '0: person', '0: person', '0: person', '0: person']","[0, 38, 0, 56, 24, 56, 0, 0, 0, 0, 0, 0, 56, 0, 24, 0, 24, 0, 0, 32, 0, 25, 0, 0, 0, 0]","[0.86044955, 0.8298431, 0.7691173, 0.73267084, 0.707399, 0.65244746, 0.5900057, 0.5419383, 0.47605616, 0.47428793, 0.46399796, 0.43976226, 0.43307737, 0.41358104, 0.39148045, 0.37962767, 0.33527437, 0.32569325, 0.30585435, 0.2916637, 0.27658036, 0.26713395, 0.26134908, 0.25960082, 0.2532913, 0.2512332]","[[204.79, 196.99, 35.31, 86.39], [185.19, 218.9, 23.9, 13.68], [452.91, 156.29, 39.53, 52.74], [206.23, 329.12, 33.82, 44.39], [155.98, 350.28, 28.02, 27.72], [178.86, 327.96, 29.94, 43.66], [21.14, 320.82, 24.82, 61.83], [229.71, 86.79, 21.35, 21.83], [118.85, 313.94, 29.72, 63.25], [523.9, 387.63, 30.73, 41.02], [257.78, 89.18, 15.1, 19.69], [432.56, 90.14, 17.11, 19.74], [1, 341.59, 5.6, 38.44], [461.72, 91.67, 18.8, 18.85], [237.1, 352.61, 25.38, 21.73], [70.67, 218.67, 40.38, 44.03], [5.92, 360.06, 29.86, 29.17], [41.7, 92.28, 25.71, 19.77], [569.23, 84.88, 22.69, 22.34], [174.73, 161.68, 6.79, 4.18], [478.74, 444.23, 30.85, 35.47], [330.35, 459.89, 76.76, 20.03], [169.19, 92.18, 18.44, 17.54], [590.74, 85.33, 21.17, 23.58], [300.06, 87.13, 21.04, 20.57], [448.52, 399.13, 40.78, 39.28]]"
314,/home/pi/sambashare/BacArbeit/cocoval2017/000000409630.jpg,3.2006902240000272,"['64: mouse', '66: keyboard', '63: laptop', '66: keyboard']","[64, 66, 63, 66]","[0.9247251, 0.9220084, 0.8984051, 0.27836096]","[[385.02, 148.67, 84.97, 122.9], [26.23, 142.2, 362.95, 144.34], [48.3, 1, 351.14, 118.46], [113.15, 1, 237.87, 43.36]]"
315,/home/pi/sambashare/BacArbeit/cocoval2017/000000417465.jpg,3.1766581880001468,['21: bear'],[21],[0.78661263],"[[65.31, 20.01, 461.71, 397.92]]"
316,/home/pi/sambashare/BacArbeit/cocoval2017/000000361142.jpg,3.177615066999806,"['2: car', '2: car', '2: car', '2: car', '74: clock', '2: car', '2: car', '2: car', '2: car', '74: clock', '0: person', '0: person', '2: car', '0: person']","[2, 2, 2, 2, 74, 2, 2, 2, 2, 74, 0, 0, 2, 0]","[0.94492596, 0.9284194, 0.91609204, 0.90228117, 0.855119, 0.8127398, 0.6944962, 0.6881364, 0.66281545, 0.48820186, 0.45586017, 0.33902615, 0.33878237, 0.28413403]","[[289.76, 512.33, 172.34, 118.9], [47.11, 528.38, 138.94, 88.38], [154.95, 499.02, 96.12, 64.65], [1, 520.76, 56.27, 57.34], [142.02, 251.57, 21.0, 20.69], [51.79, 515.12, 60.11, 39.53], [121.25, 512.96, 42.06, 19.91], [102.32, 509.92, 33.38, 18.18], [296.81, 511.25, 24.83, 22.78], [109.18, 258.2, 7.5, 18.81], [243.13, 487.1, 9.43, 22.28], [244.24, 505.5, 7.2, 23.98], [138.14, 504.83, 24.0, 9.79], [248.27, 505.1, 8.28, 28.1]]"
317,/home/pi/sambashare/BacArbeit/cocoval2017/000000009914.jpg,3.1715390199999547,"['45: bowl', '43: knife', '45: bowl', '41: cup', '55: cake', '54: donut']","[45, 43, 45, 41, 55, 54]","[0.7475608, 0.58928585, 0.484722, 0.33082283, 0.3132418, 0.31130835]","[[1, 149.5, 200.62, 211.11], [422.33, 209.89, 170.84, 269.2], [135.41, 1, 121.47, 89.17], [1.48, 42.21, 157.64, 123.34], [524.75, 185.55, 114.23, 282.35], [158.11, 189.12, 330.82, 288.85]]"
318,/home/pi/sambashare/BacArbeit/cocoval2017/000000442836.jpg,3.187736158000007,"['0: person', '0: person', '0: person', '29: frisbee']","[0, 0, 0, 29]","[0.93333703, 0.90362394, 0.89193505, 0.8842728]","[[290.56, 141.93, 160.93, 272.58], [44.37, 150.53, 69.75, 199.98], [131.67, 28.97, 125.45, 386.62], [402.63, 270.66, 49.04, 44.07]]"
319,/home/pi/sambashare/BacArbeit/cocoval2017/000000065288.jpg,3.195670611999958,"['1: bicycle', '14: bird', '14: bird', '0: person', '0: person', '58: potted plant', '56: chair', '0: person', '0: person', '56: chair', '0: person', '14: bird', '56: chair', '0: person', '56: chair', '56: chair', '0: person', '0: person', '0: person', '58: potted plant', '56: chair', '58: potted plant', '0: person', '0: person', '56: chair', '60: dining table', '0: person', '0: person', '0: person']","[1, 14, 14, 0, 0, 58, 56, 0, 0, 56, 0, 14, 56, 0, 56, 56, 0, 0, 0, 58, 56, 58, 0, 0, 56, 60, 0, 0, 0]","[0.8758445, 0.8647998, 0.86155915, 0.81501806, 0.79249847, 0.7778617, 0.76716304, 0.7380475, 0.71140695, 0.65024126, 0.6035218, 0.59591883, 0.5537434, 0.5481536, 0.5229584, 0.46260092, 0.44972393, 0.44815248, 0.44295415, 0.41812342, 0.3958801, 0.39184728, 0.35364774, 0.34756258, 0.34347907, 0.33230215, 0.29136753, 0.27467954, 0.25084558]","[[14.19, 80.06, 39.8, 35.13], [26.05, 393.59, 54.49, 33.15], [225.08, 188.95, 122.62, 72.79], [274.04, 59.45, 73.89, 116.86], [129.74, 67.29, 35.87, 35.73], [41.85, 94.02, 151.58, 89.66], [309.45, 100.5, 75.73, 78.01], [187.57, 60.9, 82.55, 109.34], [71.11, 53.49, 22.54, 53.36], [477.91, 135.54, 153.75, 85.22], [166.59, 72.68, 35.16, 51.12], [104.69, 125.15, 48.28, 52.44], [164.41, 226.41, 468.13, 199.53], [332.07, 44.72, 37.85, 55.74], [211.22, 97.66, 75.8, 76.04], [396.38, 94.9, 64.44, 76.74], [197.2, 66.06, 28.31, 54.22], [341.22, 66.01, 55.76, 65.93], [475.03, 65.34, 50.76, 46.58], [1, 140.5, 47.86, 119.13], [182.33, 97.99, 43.79, 32.39], [553.72, 73.12, 52.99, 41.51], [286.12, 36.73, 40.2, 37.95], [154.05, 53.46, 26.24, 46.08], [187.29, 81.42, 56.22, 62.11], [483.05, 107.97, 139.2, 25.07], [257.82, 55.98, 18.07, 39.43], [396.38, 78.0, 26.59, 40.21], [227.85, 63.6, 15.88, 36.53]]"
320,/home/pi/sambashare/BacArbeit/cocoval2017/000000369757.jpg,3.1851407399999516,"['53: pizza', '41: cup', '53: pizza', '41: cup', '41: cup', '41: cup', '41: cup', '53: pizza']","[53, 41, 53, 41, 41, 41, 41, 53]","[0.7974128, 0.72938955, 0.69934505, 0.6180077, 0.58486265, 0.5413921, 0.2868298, 0.2505983]","[[37.62, 120.57, 261.1, 87.48], [442.07, 27.14, 18.94, 30.3], [290.08, 132.61, 237.15, 85.9], [488.82, 5.71, 27.1, 37.11], [457.44, 31.54, 22.19, 30.4], [54.14, 1, 104.1, 69.25], [383.25, 39.96, 45.75, 21.61], [107.77, 207.14, 208.75, 38.72]]"
321,/home/pi/sambashare/BacArbeit/cocoval2017/000000343803.jpg,3.1779344699998546,"['0: person', '29: frisbee']","[0, 29]","[0.9133824, 0.73380846]","[[10.68, 128.27, 326.46, 484.89], [211.7, 298.63, 76.34, 36.09]]"
322,/home/pi/sambashare/BacArbeit/cocoval2017/000000269632.jpg,3.174338175999992,"['5: bus', '2: car', '2: car', '2: car', '0: person', '0: person']","[5, 2, 2, 2, 0, 0]","[0.94810665, 0.9367093, 0.83407897, 0.73909783, 0.5829717, 0.4047283]","[[97.42, 57.35, 397.79, 299.51], [553.86, 237.22, 85.52, 108.26], [493.48, 268.35, 37.3, 56.74], [58.85, 244.71, 37.65, 31.11], [40.55, 229.51, 23.24, 74.49], [1, 160.56, 42.66, 262.21]]"
323,/home/pi/sambashare/BacArbeit/cocoval2017/000000137727.jpg,3.184775375000072,"['0: person', '28: suitcase', '28: suitcase', '6: train', '28: suitcase', '28: suitcase', '28: suitcase', '28: suitcase', '28: suitcase', '28: suitcase', '28: suitcase', '28: suitcase', '26: handbag', '28: suitcase', '28: suitcase', '28: suitcase', '28: suitcase']","[0, 28, 28, 6, 28, 28, 28, 28, 28, 28, 28, 28, 26, 28, 28, 28, 28]","[0.822578, 0.80956334, 0.78547335, 0.73433095, 0.70351166, 0.6697654, 0.5093837, 0.46394017, 0.43687993, 0.42154145, 0.42150393, 0.41591305, 0.40107056, 0.38562602, 0.37741742, 0.32872224, 0.27773347]","[[240.89, 185.44, 42.3, 53.92], [331.74, 228.75, 21.45, 31.52], [253.43, 234.14, 23.39, 33.91], [2.87, 97.69, 592.77, 171.42], [206.22, 231.82, 26.02, 42.95], [275.38, 251.68, 27.27, 15.7], [225.93, 232.42, 27.53, 39.67], [285.07, 229.7, 24.51, 25.16], [301.62, 197.52, 16.59, 25.02], [365.06, 205.02, 17.32, 16.95], [286.86, 207.89, 12.66, 15.1], [388.93, 206.68, 12.5, 15.16], [431.2, 236.82, 49.43, 59.02], [313.79, 248.09, 18.4, 15.12], [356.22, 209.01, 11.68, 13.11], [399.77, 206.52, 11.05, 15.38], [381.11, 206.05, 16.59, 15.8]]"
324,/home/pi/sambashare/BacArbeit/cocoval2017/000000524456.jpg,3.193574333000015,"['64: mouse', '63: laptop', '0: person', '0: person', '56: chair']","[64, 63, 0, 0, 56]","[0.7722884, 0.7132395, 0.464978, 0.43633184, 0.31003717]","[[369.07, 353.45, 194.62, 87.53], [1, 1, 384.16, 260.94], [370.47, 270.33, 269.17, 171.83], [153.49, 1, 484.15, 455.09], [317.23, 1, 215.75, 29.84]]"
325,/home/pi/sambashare/BacArbeit/cocoval2017/000000212895.jpg,3.193017753000049,['23: giraffe'],[23],[0.9258253],"[[184.36, 24.12, 113.2, 613.29]]"
326,/home/pi/sambashare/BacArbeit/cocoval2017/000000391140.jpg,3.190073861999963,"['0: person', '65: remote', '65: remote']","[0, 65, 65]","[0.9572719, 0.43299815, 0.3491046]","[[77.52, 82.02, 322.75, 396.33], [118.78, 88.39, 47.12, 63.52], [313.8, 328.59, 18.7, 20.8]]"
327,/home/pi/sambashare/BacArbeit/cocoval2017/000000447313.jpg,3.1971598410000297,"['22: zebra', '22: zebra']","[22, 22]","[0.92221886, 0.8597466]","[[145.26, 201.76, 116.1, 126.35], [284.67, 150.23, 225.27, 200.79]]"
328,/home/pi/sambashare/BacArbeit/cocoval2017/000000312192.jpg,3.181263462000061,"['39: bottle', '40: wine glass', '40: wine glass', '40: wine glass', '42: fork', '60: dining table', '45: bowl', '42: fork']","[39, 40, 40, 40, 42, 60, 45, 42]","[0.8996683, 0.8814451, 0.6524772, 0.38887277, 0.3358158, 0.33222312, 0.28536156, 0.2689674]","[[33.92, 1, 114.41, 218.05], [1, 17.57, 87.53, 237.91], [181.37, 1, 64.84, 89.87], [133.48, 1, 45.33, 104.02], [238.42, 69.36, 65.19, 36.55], [1, 6.56, 636.35, 453.14], [1, 212.09, 17.66, 52.07], [141.48, 91.84, 63.28, 23.16]]"
329,/home/pi/sambashare/BacArbeit/cocoval2017/000000463802.jpg,3.1948836300000494,"['0: person', '0: person']","[0, 0]","[0.40422273, 0.32192698]","[[281.55, 7.84, 352.13, 465.74], [2.73, 1, 370.93, 405.65]]"
330,/home/pi/sambashare/BacArbeit/cocoval2017/000000532855.jpg,3.1806866090000767,"['0: person', '36: skateboard', '0: person']","[0, 36, 0]","[0.6801891, 0.5715076, 0.49144083]","[[102.27, 1, 241.0, 229.65], [235.64, 186.89, 111.23, 59.37], [224.6, 1, 107.42, 130.2]]"
331,/home/pi/sambashare/BacArbeit/cocoval2017/000000240940.jpg,3.1840741290000096,"['15: cat', '72: refrigerator', '62: tv', '73: book', '73: book']","[15, 72, 62, 73, 73]","[0.9239789, 0.81540287, 0.7839505, 0.31422377, 0.29261902]","[[114.83, 308.77, 92.52, 191.23], [1, 1.35, 94.43, 295.74], [103.05, 1, 187.23, 143.58], [320.31, 277.12, 26.03, 62.61], [338.53, 182.76, 17.81, 49.25]]"
332,/home/pi/sambashare/BacArbeit/cocoval2017/000000439522.jpg,3.1808092349999697,"['0: person', '31: snowboard']","[0, 31]","[0.8174545, 0.28500155]","[[41.42, 26.27, 383.42, 584.19], [203.45, 579.07, 223.43, 60.28]]"
333,/home/pi/sambashare/BacArbeit/cocoval2017/000000205289.jpg,3.195208556000125,"['0: person', '7: truck']","[0, 7]","[0.76562214, 0.35077226]","[[258.45, 145.1, 55.31, 68.51], [151.51, 120.32, 330.9, 158.21]]"
334,/home/pi/sambashare/BacArbeit/cocoval2017/000000521052.jpg,3.1854149839998627,"['2: car', '7: truck', '22: zebra', '2: car', '22: zebra']","[2, 7, 22, 2, 22]","[0.7484724, 0.7423473, 0.5935576, 0.33570307, 0.2982265]","[[11.89, 284.27, 66.42, 56.31], [72.79, 68.76, 532.73, 408.38], [455.33, 129.58, 131.66, 81.97], [12.77, 259.99, 52.34, 38.29], [261.43, 76.22, 191.26, 241.74]]"
335,/home/pi/sambashare/BacArbeit/cocoval2017/000000205324.jpg,3.192641968000089,"['0: person', '29: frisbee', '0: person']","[0, 29, 0]","[0.91914964, 0.91159356, 0.36459902]","[[1.66, 22.46, 238.93, 254.96], [303.34, 216.15, 60.85, 16.53], [79.85, 1, 116.11, 115.8]]"
336,/home/pi/sambashare/BacArbeit/cocoval2017/000000347254.jpg,3.1886894470001153,"['41: cup', '0: person', '0: person', '0: person', '0: person', '0: person', '27: tie', '0: person', '60: dining table', '0: person']","[41, 0, 0, 0, 0, 0, 27, 0, 60, 0]","[0.8711076, 0.8666461, 0.7840723, 0.598279, 0.5897283, 0.56950176, 0.3446129, 0.34455907, 0.29616436, 0.25589496]","[[242.86, 234.7, 59.12, 104.92], [255.15, 156.28, 59.53, 79.83], [1.97, 27.41, 322.34, 471.68], [300.81, 135.91, 74.12, 302.11], [246.36, 128.2, 35.41, 77.2], [237.62, 127.16, 26.95, 108.78], [75.81, 203.05, 177.15, 296.73], [1, 136.36, 28.08, 53.38], [334.07, 341.13, 40.43, 156.07], [177.36, 178.47, 71.74, 65.86]]"
337,/home/pi/sambashare/BacArbeit/cocoval2017/000000269113.jpg,3.1820302690000517,"['16: dog', '16: dog', '16: dog']","[16, 16, 16]","[0.9629863, 0.93924797, 0.93237406]","[[432.54, 156.13, 176.71, 211.41], [304.94, 97.59, 98.85, 116.07], [30.66, 77.88, 138.15, 210.05]]"
338,/home/pi/sambashare/BacArbeit/cocoval2017/000000520264.jpg,3.185476172000108,"['68: microwave', '0: person', '0: person', '40: wine glass', '39: bottle', '40: wine glass', '39: bottle', '40: wine glass', '39: bottle', '39: bottle', '39: bottle']","[68, 0, 0, 40, 39, 40, 39, 40, 39, 39, 39]","[0.9536152, 0.93944573, 0.9201809, 0.8596356, 0.8039685, 0.75108284, 0.68628174, 0.49037063, 0.47632265, 0.31531876, 0.27417442]","[[97.04, 316.36, 150.87, 103.9], [403.36, 166.61, 150.82, 312.51], [317.95, 197.97, 119.1, 280.17], [459.98, 322.5, 28.55, 51.49], [243.24, 302.55, 20.41, 72.9], [261.97, 335.43, 19.97, 42.64], [272.65, 293.79, 15.32, 48.3], [1, 428.65, 24.69, 48.21], [259.79, 295.78, 17.56, 42.62], [287.89, 307.66, 8.17, 28.33], [238.46, 305.35, 11.81, 22.65]]"
339,/home/pi/sambashare/BacArbeit/cocoval2017/000000283318.jpg,3.181639190999931,"['2: car', '10: fire hydrant', '2: car', '2: car', '0: person']","[2, 10, 2, 2, 0]","[0.923411, 0.86512005, 0.82699096, 0.37808594, 0.2925655]","[[479.35, 280.64, 100.49, 72.92], [507.59, 335.11, 26.16, 65.81], [464.81, 273.71, 59.43, 55.79], [441.9, 269.23, 40.84, 55.31], [369.15, 265.7, 8.28, 19.84]]"
340,/home/pi/sambashare/BacArbeit/cocoval2017/000000347174.jpg,3.1980913069999133,['59: bed'],[59],[0.50787663],"[[157.0, 6.6, 267.92, 629.71]]"
341,/home/pi/sambashare/BacArbeit/cocoval2017/000000093965.jpg,3.1691670870000053,"['22: zebra', '22: zebra']","[22, 22]","[0.938858, 0.9358753]","[[420.42, 42.69, 130.47, 177.4], [58.42, 101.61, 374.92, 320.11]]"
342,/home/pi/sambashare/BacArbeit/cocoval2017/000000485480.jpg,3.1750836349999645,"['0: person', '0: person', '0: person', '26: handbag']","[0, 0, 0, 26]","[0.94631064, 0.91299534, 0.9111422, 0.58822995]","[[267.9, 50.82, 166.27, 162.11], [1, 90.97, 86.7, 162.36], [63.59, 114.89, 165.92, 144.61], [204.05, 142.15, 26.78, 40.4]]"
343,/home/pi/sambashare/BacArbeit/cocoval2017/000000262682.jpg,3.1746716089999154,"['69: oven', '44: spoon', '71: sink', '39: bottle', '71: sink', '45: bowl', '45: bowl', '71: sink']","[69, 44, 71, 39, 71, 45, 45, 71]","[0.72737616, 0.6062257, 0.56275654, 0.49619764, 0.4784665, 0.360182, 0.33729488, 0.2986724]","[[39.14, 387.38, 85.68, 104.64], [266.69, 218.9, 13.59, 48.24], [220.85, 382.21, 85.53, 34.88], [252.12, 337.84, 12.42, 42.37], [275.19, 403.81, 72.95, 36.88], [110.84, 348.32, 30.09, 20.41], [367.04, 375.56, 28.09, 22.29], [220.99, 382.62, 127.79, 52.36]]"
344,/home/pi/sambashare/BacArbeit/cocoval2017/000000377882.jpg,3.1953931929999726,"['8: boat', '8: boat', '8: boat']","[8, 8, 8]","[0.59620667, 0.50535506, 0.44374496]","[[470.81, 121.12, 167.93, 170.98], [488.03, 266.02, 150.81, 154.38], [1, 216.47, 442.44, 103.74]]"
345,/home/pi/sambashare/BacArbeit/cocoval2017/000000522889.jpg,3.1790874840000924,"['0: person', '0: person', '56: chair', '0: person', '38: tennis racket', '74: clock', '32: sports ball']","[0, 0, 56, 0, 38, 74, 32]","[0.9263857, 0.90107906, 0.8976732, 0.85747504, 0.77132845, 0.63254386, 0.495963]","[[245.09, 19.38, 92.73, 186.96], [150.19, 201.11, 205.49, 415.5], [339.6, 88.35, 73.3, 85.23], [216.54, 1, 72.54, 174.6], [65.71, 149.08, 93.33, 107.11], [72.93, 74.1, 86.62, 56.05], [234.36, 109.16, 8.52, 18.01]]"
346,/home/pi/sambashare/BacArbeit/cocoval2017/000000149568.jpg,3.1808347649998723,"['29: frisbee', '16: dog', '16: dog', '0: person']","[29, 16, 16, 0]","[0.89394295, 0.876402, 0.46552387, 0.4632622]","[[80.71, 161.43, 50.68, 31.96], [114.36, 116.23, 345.32, 355.47], [104.23, 116.93, 92.8, 168.92], [141.94, 2.04, 191.68, 226.2]]"
347,/home/pi/sambashare/BacArbeit/cocoval2017/000000327890.jpg,3.1921963239999513,"['13: bench', '13: bench', '62: tv', '13: bench', '58: potted plant']","[13, 13, 62, 13, 58]","[0.7090956, 0.58919287, 0.51647073, 0.46991968, 0.28788874]","[[456.9, 229.5, 53.03, 20.81], [108.27, 269.38, 307.32, 146.36], [1, 344.87, 191.22, 135.13], [17.82, 253.13, 102.13, 86.62], [150.8, 308.9, 192.06, 170.45]]"
348,/home/pi/sambashare/BacArbeit/cocoval2017/000000013004.jpg,3.174076348999961,['45: bowl'],[45],[0.2899246],"[[3.52, 60.23, 371.48, 350.45]]"
349,/home/pi/sambashare/BacArbeit/cocoval2017/000000249550.jpg,3.188246265999851,"['59: bed', '58: potted plant']","[59, 58]","[0.8684528, 0.78646183]","[[1, 188.56, 255.98, 432.05], [305.7, 222.9, 81.92, 148.84]]"
350,/home/pi/sambashare/BacArbeit/cocoval2017/000000308394.jpg,3.180408939000017,"['0: person', '26: handbag', '13: bench']","[0, 26, 13]","[0.9161089, 0.8184818, 0.49558848]","[[71.68, 157.08, 150.24, 270.92], [208.55, 255.93, 85.59, 117.69], [176.39, 255.62, 333.04, 172.1]]"
351,/home/pi/sambashare/BacArbeit/cocoval2017/000000033707.jpg,3.1948305779999373,['23: giraffe'],[23],[0.905823],"[[154.52, 157.42, 308.44, 369.86]]"
352,/home/pi/sambashare/BacArbeit/cocoval2017/000000532761.jpg,3.182089883999879,"['57: couch', '56: chair', '62: tv', '58: potted plant', '65: remote', '74: clock', '65: remote', '41: cup']","[57, 56, 62, 58, 65, 74, 65, 41]","[0.9503637, 0.94323987, 0.91286254, 0.8045575, 0.7971014, 0.7705347, 0.3047749, 0.27442566]","[[1, 232.64, 225.15, 246.15], [376.89, 201.44, 158.69, 139.01], [541.08, 151.77, 98.67, 192.24], [118.34, 190.39, 59.79, 47.57], [213.26, 356.14, 41.18, 11.47], [418.88, 62.16, 46.33, 48.01], [264.96, 346.89, 20.63, 13.69], [287.65, 351.34, 20.68, 17.44]]"
353,/home/pi/sambashare/BacArbeit/cocoval2017/000000149406.jpg,3.1770446730001822,['3: motorcycle'],[3],[0.94910645],"[[84.29, 340.76, 395.64, 263.91]]"
354,/home/pi/sambashare/BacArbeit/cocoval2017/000000493905.jpg,3.1872044760000335,"['0: person', '0: person', '0: person', '0: person', '32: sports ball', '0: person', '38: tennis racket', '0: person', '56: chair', '0: person', '56: chair', '0: person', '56: chair', '0: person', '56: chair', '56: chair', '0: person', '0: person', '56: chair', '56: chair', '0: person', '0: person', '56: chair', '0: person', '56: chair', '56: chair', '56: chair', '0: person', '0: person', '0: person', '0: person', '0: person']","[0, 0, 0, 0, 32, 0, 38, 0, 56, 0, 56, 0, 56, 0, 56, 56, 0, 0, 56, 56, 0, 0, 56, 0, 56, 56, 56, 0, 0, 0, 0, 0]","[0.91794187, 0.8362302, 0.82874644, 0.8058131, 0.7781916, 0.76016194, 0.7041322, 0.67813003, 0.6438737, 0.6362221, 0.60131806, 0.5832736, 0.57878107, 0.5771861, 0.5631187, 0.5300264, 0.51695627, 0.5039331, 0.50154483, 0.49946496, 0.48645917, 0.41923118, 0.39949152, 0.3946286, 0.3908407, 0.3698246, 0.36727476, 0.3633282, 0.34512666, 0.3179938, 0.30077893, 0.2893147]","[[236.58, 122.92, 150.6, 360.0], [338.84, 106.83, 62.55, 68.78], [399.97, 116.16, 62.22, 61.86], [170.87, 68.83, 61.56, 88.62], [200.39, 63.76, 13.11, 12.41], [119.67, 72.34, 52.96, 97.53], [231.42, 43.88, 19.23, 96.4], [231.63, 73.11, 61.49, 95.75], [519.98, 122.27, 51.02, 42.97], [117.06, 26.77, 62.67, 80.54], [171.04, 153.6, 54.82, 18.33], [394.8, 1, 50.27, 88.56], [1.93, 30.86, 54.75, 45.53], [1, 76.49, 52.48, 77.9], [342.93, 76.18, 57.03, 70.82], [517.87, 157.24, 53.13, 22.63], [409.64, 71.45, 63.5, 89.04], [55.04, 68.74, 73.62, 96.29], [54.86, 148.52, 56.43, 22.01], [1, 147.46, 52.35, 21.64], [289.14, 81.16, 51.77, 81.55], [463.42, 130.6, 52.69, 48.58], [228.71, 155.4, 36.86, 18.12], [245.18, 28.54, 53.76, 86.72], [515.01, 79.41, 52.57, 36.0], [400.84, 77.63, 30.92, 48.05], [1.88, 72.44, 55.75, 37.63], [335.55, 1, 62.39, 81.93], [461.82, 64.85, 61.53, 95.03], [293.79, 28.96, 51.92, 96.53], [446.3, 1, 57.72, 91.66], [172.03, 25.72, 58.41, 75.6]]"
355,/home/pi/sambashare/BacArbeit/cocoval2017/000000265518.jpg,3.189451070999894,"['41: cup', '42: fork', '50: broccoli']","[41, 42, 50]","[0.94305456, 0.9380922, 0.83964986]","[[55.22, 48.04, 156.67, 140.95], [101.54, 403.68, 286.7, 160.41], [255.31, 192.26, 205.82, 183.0]]"
356,/home/pi/sambashare/BacArbeit/cocoval2017/000000427997.jpg,3.169393045000106,"['0: person', '38: tennis racket', '0: person', '0: person']","[0, 38, 0, 0]","[0.8829077, 0.7986003, 0.7326502, 0.37952936]","[[242.46, 64.41, 95.45, 205.11], [333.04, 92.73, 48.51, 36.57], [509.67, 130.9, 30.09, 61.53], [460.81, 125.26, 25.16, 30.32]]"
357,/home/pi/sambashare/BacArbeit/cocoval2017/000000121506.jpg,3.1991567369998393,"['13: bench', '2: car', '13: bench', '60: dining table', '60: dining table', '13: bench', '25: umbrella', '60: dining table', '25: umbrella', '58: potted plant', '58: potted plant']","[13, 2, 13, 60, 60, 13, 25, 60, 25, 58, 58]","[0.8567966, 0.75114274, 0.72166663, 0.62299305, 0.6056281, 0.4640274, 0.4453524, 0.40619248, 0.35764894, 0.32721817, 0.3012523]","[[63.32, 381.82, 114.17, 72.93], [410.2, 258.9, 118.55, 43.46], [23.04, 444.36, 317.36, 141.65], [191.83, 429.04, 220.88, 155.76], [23.28, 357.75, 122.99, 95.98], [411.21, 466.54, 136.98, 120.75], [85.01, 50.1, 484.29, 470.63], [23.53, 357.68, 123.7, 41.63], [89.08, 56.06, 474.95, 193.41], [449.79, 390.71, 138.44, 97.17], [337.4, 261.02, 49.01, 46.66]]"
358,/home/pi/sambashare/BacArbeit/cocoval2017/000000241668.jpg,3.1928398049999487,"['0: person', '55: cake', '0: person', '27: tie', '56: chair', '60: dining table']","[0, 55, 0, 27, 56, 60]","[0.8065517, 0.74843735, 0.7088571, 0.5410952, 0.31787622, 0.28857404]","[[35.57, 19.57, 266.05, 620.43], [291.82, 429.95, 62.29, 49.38], [218.25, 87.1, 168.27, 551.42], [256.51, 278.45, 36.48, 25.88], [328.42, 586.39, 130.65, 53.61], [316.97, 506.99, 142.4, 130.68]]"
359,/home/pi/sambashare/BacArbeit/cocoval2017/000000536038.jpg,3.182606518000057,"['59: bed', '63: laptop', '59: bed']","[59, 63, 59]","[0.52245045, 0.3314424, 0.32248303]","[[17.34, 373.92, 337.84, 263.38], [126.11, 223.08, 148.13, 166.03], [2.0, 46.6, 356.0, 582.12]]"
360,/home/pi/sambashare/BacArbeit/cocoval2017/000000334719.jpg,3.1831785389999823,"['0: person', '0: person', '0: person', '0: person', '32: sports ball', '0: person', '34: baseball bat', '29: frisbee', '0: person', '39: bottle']","[0, 0, 0, 0, 32, 0, 34, 29, 0, 39]","[0.9265837, 0.87281954, 0.859072, 0.8305403, 0.7356395, 0.4552953, 0.43735543, 0.36090547, 0.3437705, 0.32798874]","[[208.83, 137.49, 91.4, 160.08], [112.78, 154.87, 37.55, 112.69], [304.55, 173.32, 37.47, 103.15], [551.35, 77.16, 15.39, 35.2], [561.74, 338.92, 27.59, 15.76], [601.85, 142.87, 24.27, 58.09], [234.46, 356.86, 107.11, 33.89], [294.42, 238.02, 22.55, 12.08], [579.95, 149.3, 20.84, 50.8], [83.24, 246.41, 11.73, 14.74]]"
361,/home/pi/sambashare/BacArbeit/cocoval2017/000000239843.jpg,3.1812867070000266,['11: stop sign'],[11],[0.3337162],"[[198.31, 164.53, 81.15, 210.47]]"
362,/home/pi/sambashare/BacArbeit/cocoval2017/000000286422.jpg,3.1730636019999565,"['0: person', '8: boat', '0: person', '0: person']","[0, 8, 0, 0]","[0.83765584, 0.5598542, 0.3011161, 0.29850382]","[[372.62, 223.45, 25.49, 78.0], [96.64, 2.17, 466.88, 368.42], [135.61, 275.46, 25.12, 28.01], [223.41, 294.28, 13.64, 13.12]]"
363,/home/pi/sambashare/BacArbeit/cocoval2017/000000489924.jpg,3.176501604000123,"['36: skateboard', '0: person']","[36, 0]","[0.74687666, 0.6789667]","[[253.79, 406.71, 193.25, 166.62], [78.27, 3.41, 474.07, 574.92]]"
364,/home/pi/sambashare/BacArbeit/cocoval2017/000000057150.jpg,3.195370206000007,"['0: person', '0: person', '77: teddy bear', '24: backpack', '0: person', '0: person', '0: person', '24: backpack', '0: person', '0: person', '0: person', '0: person', '0: person', '26: handbag', '24: backpack', '0: person', '0: person', '0: person']","[0, 0, 77, 24, 0, 0, 0, 24, 0, 0, 0, 0, 0, 26, 24, 0, 0, 0]","[0.8361748, 0.80973727, 0.75161445, 0.74401975, 0.6494851, 0.6225787, 0.5613169, 0.5313936, 0.50373703, 0.49700007, 0.48076642, 0.4688193, 0.42812607, 0.4118134, 0.3966496, 0.31302524, 0.28508434, 0.26930073]","[[38.7, 83.23, 87.58, 184.3], [15.28, 21.58, 49.8, 150.76], [95.67, 88.3, 119.56, 173.51], [31.72, 262.38, 81.94, 57.34], [1, 28.66, 27.5, 98.59], [193.91, 53.73, 45.99, 210.12], [150.2, 12.34, 33.79, 78.13], [39.8, 63.95, 36.88, 50.21], [48.73, 29.34, 28.24, 56.64], [172.45, 24.77, 57.3, 113.88], [70.59, 21.82, 19.79, 72.93], [127.38, 6.24, 27.78, 82.41], [217.84, 15.93, 22.08, 51.54], [200.48, 223.41, 39.35, 96.5], [48.52, 105.52, 47.98, 47.1], [1, 52.52, 23.96, 43.24], [54.77, 1, 11.76, 22.49], [82.16, 34.48, 27.38, 65.21]]"
365,/home/pi/sambashare/BacArbeit/cocoval2017/000000020992.jpg,3.1734485520000817,['0: person'],[0],[0.45950744],"[[4.26, 1, 493.01, 331.05]]"
366,/home/pi/sambashare/BacArbeit/cocoval2017/000000196442.jpg,3.1825589019999825,"['33: kite', '0: person', '0: person', '30: skis', '33: kite', '0: person', '33: kite', '33: kite', '0: person', '0: person', '0: person', '33: kite', '0: person', '33: kite', '33: kite', '33: kite']","[33, 0, 0, 30, 33, 0, 33, 33, 0, 0, 0, 33, 0, 33, 33, 33]","[0.8489503, 0.79066426, 0.7503991, 0.71808666, 0.70381254, 0.59203434, 0.49212635, 0.4627584, 0.4354609, 0.4345521, 0.40771514, 0.3453961, 0.34196675, 0.3388315, 0.30556908, 0.26870635]","[[285.65, 281.82, 26.12, 32.45], [322.36, 340.45, 12.56, 19.41], [133.04, 152.57, 63.43, 109.94], [97.17, 231.04, 135.76, 57.63], [270.5, 266.99, 13.25, 15.31], [546.2, 347.21, 6.94, 9.47], [520.1, 325.25, 18.18, 24.17], [172.7, 330.42, 8.87, 11.86], [284.09, 341.45, 4.21, 7.14], [76.84, 345.49, 4.44, 6.01], [189.31, 345.78, 4.0, 5.88], [59.6, 335.46, 9.18, 13.42], [342.19, 345.1, 4.6, 7.07], [122.52, 332.4, 7.62, 6.71], [425.22, 337.1, 5.11, 5.22], [153.46, 323.96, 8.29, 13.15]]"
367,/home/pi/sambashare/BacArbeit/cocoval2017/000000245320.jpg,3.191360442999894,"['0: person', '36: skateboard', '0: person']","[0, 36, 0]","[0.94740045, 0.8845025, 0.4110931]","[[182.7, 94.22, 197.16, 197.34], [227.03, 267.4, 111.89, 53.48], [412.64, 250.75, 11.26, 59.69]]"
368,/home/pi/sambashare/BacArbeit/cocoval2017/000000245311.jpg,3.1905072099998506,"['45: bowl', '0: person', '0: person', '54: donut', '54: donut', '54: donut', '45: bowl', '54: donut']","[45, 0, 0, 54, 54, 54, 45, 54]","[0.8151951, 0.8103712, 0.623839, 0.5422465, 0.48638174, 0.47059947, 0.3919753, 0.37709698]","[[279.57, 313.68, 259.23, 99.86], [180.55, 88.29, 173.67, 311.8], [426.3, 172.95, 54.74, 69.72], [211.97, 390.4, 36.16, 28.56], [248.68, 403.48, 38.39, 30.25], [193.87, 381.92, 35.06, 28.88], [300.02, 400.51, 285.89, 117.47], [229.42, 397.73, 36.72, 31.44]]"
369,/home/pi/sambashare/BacArbeit/cocoval2017/000000127987.jpg,3.193650741000056,"['64: mouse', '66: keyboard']","[64, 66]","[0.34300116, 0.28475767]","[[602.88, 274.43, 36.91, 27.5], [345.51, 237.66, 293.23, 146.16]]"
370,/home/pi/sambashare/BacArbeit/cocoval2017/000000463283.jpg,3.1722437359999276,"['41: cup', '44: spoon', '39: bottle', '41: cup', '39: bottle']","[41, 44, 39, 41, 39]","[0.80214465, 0.7620551, 0.56444323, 0.5009459, 0.36415702]","[[477.79, 1, 130.8, 149.07], [44.87, 1, 110.84, 152.29], [341.74, 1, 62.8, 100.94], [23.13, 56.67, 559.29, 533.1], [417.5, 1, 60.89, 87.82]]"
371,/home/pi/sambashare/BacArbeit/cocoval2017/000000121242.jpg,3.1858794950001084,"['17: horse', '0: person', '0: person', '2: car', '7: truck', '0: person', '2: car']","[17, 0, 0, 2, 7, 0, 2]","[0.95184505, 0.8926811, 0.8327091, 0.83206475, 0.5476213, 0.49087983, 0.3618461]","[[313.66, 144.11, 222.74, 190.06], [228.42, 102.92, 68.05, 109.23], [59.32, 206.41, 47.32, 96.67], [616.07, 191.67, 23.78, 15.02], [616.96, 182.41, 21.81, 8.83], [109.26, 164.61, 38.87, 53.47], [567.24, 179.76, 37.78, 19.17]]"
372,/home/pi/sambashare/BacArbeit/cocoval2017/000000270474.jpg,3.182988769000076,"['0: person', '34: baseball bat']","[0, 34]","[0.9184936, 0.8064177]","[[188.51, 15.6, 136.35, 359.4], [287.31, 127.2, 193.16, 110.07]]"
373,/home/pi/sambashare/BacArbeit/cocoval2017/000000550322.jpg,3.178851008000038,"['76: scissors', '44: spoon', '44: spoon', '41: cup', '73: book', '44: spoon']","[76, 44, 44, 41, 73, 44]","[0.8842522, 0.8439715, 0.5984147, 0.44356266, 0.42604733, 0.3717033]","[[77.95, 162.09, 145.62, 229.58], [209.27, 212.24, 183.82, 169.85], [171.99, 126.4, 87.31, 262.87], [65.28, 307.97, 206.59, 234.11], [1, 466.45, 206.25, 173.37], [205.15, 129.17, 86.45, 251.95]]"
374,/home/pi/sambashare/BacArbeit/cocoval2017/000000222455.jpg,3.1953763300000446,['72: refrigerator'],[72],[0.27188697],"[[6.35, 5.35, 599.3, 591.44]]"
375,/home/pi/sambashare/BacArbeit/cocoval2017/000000197658.jpg,3.1980151719999412,"['0: person', '35: baseball glove']","[0, 35]","[0.9473646, 0.88396007]","[[162.58, 140.31, 399.86, 439.86], [152.32, 393.36, 89.88, 68.4]]"
376,/home/pi/sambashare/BacArbeit/cocoval2017/000000568195.jpg,3.1717090930001177,"['0: person', '55: cake', '45: bowl', '0: person', '0: person', '42: fork', '43: knife', '74: clock', '39: bottle', '60: dining table', '0: person', '56: chair']","[0, 55, 45, 0, 0, 42, 43, 74, 39, 60, 0, 56]","[0.94372195, 0.8990269, 0.87448907, 0.8634876, 0.85866416, 0.7871629, 0.7040135, 0.65684515, 0.58831906, 0.5736165, 0.5064104, 0.4116436]","[[121.65, 131.46, 235.38, 317.34], [198.29, 415.2, 119.65, 83.49], [24.74, 468.46, 173.34, 146.93], [289.68, 137.5, 136.86, 304.23], [1, 76.24, 157.08, 499.34], [332.78, 493.88, 89.67, 24.41], [182.58, 398.6, 36.13, 31.24], [40.09, 1, 51.97, 44.45], [288.58, 592.69, 26.88, 46.82], [1, 418.43, 424.13, 218.28], [409.21, 385.71, 17.53, 80.01], [138.09, 399.76, 67.85, 51.17]]"
377,/home/pi/sambashare/BacArbeit/cocoval2017/000000015278.jpg,3.1729936810002073,"['50: broccoli', '50: broccoli', '50: broccoli']","[50, 50, 50]","[0.62001413, 0.47279412, 0.3656395]","[[25.74, 280.07, 177.59, 182.15], [196.6, 222.85, 303.04, 244.45], [1, 299.97, 45.66, 58.85]]"
378,/home/pi/sambashare/BacArbeit/cocoval2017/000000370208.jpg,3.182597974999908,"['1: bicycle', '0: person', '12: parking meter', '0: person', '58: potted plant']","[1, 0, 12, 0, 58]","[0.8997909, 0.8075267, 0.7517073, 0.606903, 0.27424216]","[[53.23, 91.65, 385.81, 237.54], [1, 196.46, 49.56, 62.16], [180.68, 18.38, 91.21, 86.9], [313.4, 369.02, 6.22, 5.82], [361.34, 5.41, 137.49, 72.86]]"
379,/home/pi/sambashare/BacArbeit/cocoval2017/000000454978.jpg,3.1668772390000868,['3: motorcycle'],[3],[0.9182226],"[[120.06, 195.02, 112.19, 181.33]]"
380,/home/pi/sambashare/BacArbeit/cocoval2017/000000382125.jpg,3.177323260000094,"['0: person', '41: cup', '41: cup', '0: person', '55: cake', '0: person', '0: person', '0: person', '56: chair', '41: cup', '0: person', '0: person', '41: cup', '56: chair', '56: chair', '56: chair', '0: person', '60: dining table', '56: chair', '41: cup', '60: dining table', '56: chair']","[0, 41, 41, 0, 55, 0, 0, 0, 56, 41, 0, 0, 41, 56, 56, 56, 0, 60, 56, 41, 60, 56]","[0.9423868, 0.9239806, 0.91277003, 0.9117763, 0.85663724, 0.8528512, 0.8359329, 0.7960801, 0.7921255, 0.78954566, 0.7728725, 0.77266145, 0.6621031, 0.6136579, 0.5898912, 0.5849138, 0.55296206, 0.52108586, 0.4655606, 0.457025, 0.4167684, 0.2728708]","[[349.79, 103.0, 283.39, 361.77], [493.86, 414.24, 113.45, 65.48], [409.12, 427.57, 65.24, 52.27], [1, 114.44, 351.18, 365.24], [195.12, 338.52, 109.03, 71.07], [36.78, 155.51, 110.03, 154.83], [503.11, 156.54, 121.85, 179.97], [580.44, 175.39, 59.4, 105.15], [1, 316.27, 45.92, 99.23], [180.87, 461.01, 74.69, 18.99], [1, 156.85, 32.19, 82.23], [114.51, 162.67, 46.77, 75.77], [2.59, 221.84, 18.39, 21.94], [619.34, 270.43, 20.54, 67.07], [151.39, 222.1, 25.87, 31.65], [71.3, 231.34, 79.09, 53.96], [366.99, 173.88, 49.39, 101.45], [1, 239.48, 54.86, 78.56], [615.92, 335.51, 24.01, 112.68], [29.98, 219.17, 18.36, 24.23], [346.64, 416.63, 289.57, 62.7], [325.14, 248.14, 27.64, 18.48]]"
381,/home/pi/sambashare/BacArbeit/cocoval2017/000000065736.jpg,3.1855070419999265,"['38: tennis racket', '0: person', '32: sports ball']","[38, 0, 32]","[0.8822174, 0.85208786, 0.80324334]","[[275.3, 24.82, 117.84, 82.29], [187.78, 7.91, 189.93, 411.67], [335.19, 62.11, 22.58, 19.64]]"
382,/home/pi/sambashare/BacArbeit/cocoval2017/000000367195.jpg,3.1925708149999537,"['57: couch', '19: cow', '16: dog', '18: sheep']","[57, 19, 16, 18]","[0.7952385, 0.5661095, 0.47387278, 0.33311448]","[[297.17, 6.19, 201.94, 158.37], [1, 67.49, 88.43, 83.81], [1, 64.17, 311.9, 125.69], [2.5, 146.08, 496.16, 164.18]]"
383,/home/pi/sambashare/BacArbeit/cocoval2017/000000450075.jpg,3.180356657999937,"['0: person', '0: person', '0: person']","[0, 0, 0]","[0.7380991, 0.73297787, 0.52002966]","[[127.84, 144.62, 222.31, 335.38], [1, 199.65, 47.65, 279.89], [258.09, 14.25, 379.2, 464.64]]"
384,/home/pi/sambashare/BacArbeit/cocoval2017/000000150224.jpg,3.189765379000164,"['0: person', '56: chair', '24: backpack', '25: umbrella', '26: handbag', '24: backpack', '0: person', '0: person', '37: surfboard', '0: person', '24: backpack', '24: backpack', '0: person', '25: umbrella', '56: chair', '0: person']","[0, 56, 24, 25, 26, 24, 0, 0, 37, 0, 24, 24, 0, 25, 56, 0]","[0.8285276, 0.8178934, 0.7174641, 0.70486957, 0.6993718, 0.64347684, 0.61860454, 0.6069887, 0.5884977, 0.5830423, 0.4527528, 0.41587225, 0.39343473, 0.3581499, 0.33686793, 0.30066156]","[[346.0, 221.4, 88.22, 171.95], [431.01, 312.24, 126.76, 107.54], [166.38, 371.85, 57.06, 39.54], [39.1, 111.25, 283.7, 261.95], [274.71, 360.15, 75.36, 53.09], [582.53, 368.97, 57.2, 53.0], [425.57, 283.51, 47.82, 67.8], [382.9, 265.58, 155.73, 146.48], [209.9, 289.53, 81.24, 119.74], [585.9, 337.55, 53.86, 40.5], [82.95, 377.43, 67.53, 48.62], [535.82, 363.48, 35.99, 55.66], [416.07, 241.8, 37.83, 108.41], [38.28, 107.56, 285.1, 96.74], [1, 389.31, 39.38, 37.39], [312.8, 335.47, 24.68, 27.2]]"
385,/home/pi/sambashare/BacArbeit/cocoval2017/000000216516.jpg,3.195247386000119,"['0: person', '30: skis']","[0, 30]","[0.8565622, 0.75455225]","[[135.99, 125.29, 111.15, 462.7], [29.62, 530.38, 379.5, 79.23]]"
386,/home/pi/sambashare/BacArbeit/cocoval2017/000000189226.jpg,3.1760334820000935,['10: fire hydrant'],[10],[0.94178164],"[[365.2, 187.61, 90.31, 202.59]]"
387,/home/pi/sambashare/BacArbeit/cocoval2017/000000058384.jpg,3.2006873939999423,"['20: elephant', '20: elephant', '6: train', '20: elephant']","[20, 20, 6, 20]","[0.92370653, 0.90224487, 0.8442985, 0.79597294]","[[328.69, 180.13, 55.15, 88.78], [271.38, 188.45, 44.16, 81.85], [1.05, 178.82, 212.11, 45.49], [305.84, 205.63, 31.33, 64.4]]"
388,/home/pi/sambashare/BacArbeit/cocoval2017/000000471023.jpg,3.1833014900000762,"['0: person', '0: person', '0: person', '0: person', '0: person', '0: person', '0: person', '0: person', '0: person', '0: person', '0: person', '0: person', '0: person', '0: person', '0: person']","[0, 0, 0, 0, 0, 0, 0, 0, 0, 0, 0, 0, 0, 0, 0]","[0.8350788, 0.8128342, 0.76586497, 0.7335032, 0.5740121, 0.5721581, 0.5103079, 0.4666573, 0.42820188, 0.40148193, 0.38448614, 0.297365, 0.28647608, 0.2655789, 0.263771]","[[314.8, 211.79, 16.32, 39.92], [590.41, 140.42, 49.27, 69.94], [151.18, 225.13, 29.58, 36.53], [295.76, 216.97, 14.27, 47.09], [250.9, 234.63, 16.06, 39.59], [259.17, 217.84, 24.28, 42.56], [192.28, 221.55, 17.64, 28.39], [336.12, 209.21, 11.69, 22.27], [593.86, 174.61, 18.64, 14.74], [372.01, 203.17, 7.25, 13.22], [272.74, 218.15, 13.71, 40.78], [213.36, 225.52, 23.34, 33.15], [209.83, 222.67, 16.85, 26.96], [386.24, 205.54, 7.87, 9.21], [196.22, 222.79, 35.5, 32.23]]"
389,/home/pi/sambashare/BacArbeit/cocoval2017/000000426297.jpg,3.1808091329999115,['22: zebra'],[22],[0.87548155],"[[128.3, 14.53, 509.44, 410.47]]"
390,/home/pi/sambashare/BacArbeit/cocoval2017/000000366141.jpg,3.1786025849999078,"['57: couch', '15: cat', '62: tv', '56: chair', '65: remote']","[57, 15, 62, 56, 65]","[0.9369265, 0.87787676, 0.8586343, 0.7706411, 0.37463048]","[[147.69, 203.03, 275.27, 134.04], [85.42, 218.09, 53.76, 44.19], [423.99, 173.57, 119.54, 76.83], [41.09, 263.92, 246.74, 172.24], [163.1, 278.47, 31.89, 8.87]]"
391,/home/pi/sambashare/BacArbeit/cocoval2017/000000470952.jpg,3.173738942,"['0: person', '0: person', '0: person', '30: skis', '0: person', '0: person', '30: skis', '0: person', '0: person', '30: skis']","[0, 0, 0, 30, 0, 0, 30, 0, 0, 30]","[0.9172632, 0.9055146, 0.85165435, 0.8414141, 0.8324293, 0.8307735, 0.7654099, 0.67455083, 0.47064936, 0.32459462]","[[244.43, 37.97, 136.91, 366.15], [99.75, 29.94, 212.14, 555.33], [1, 106.98, 23.0, 74.82], [192.55, 489.74, 162.05, 149.17], [22.99, 109.58, 22.59, 71.2], [362.65, 85.51, 64.87, 228.87], [278.48, 360.23, 117.71, 66.61], [112.54, 111.06, 18.19, 55.56], [350.02, 87.08, 53.88, 187.3], [348.25, 302.41, 79.49, 17.64]]"
392,/home/pi/sambashare/BacArbeit/cocoval2017/000000564336.jpg,3.1902821349999613,"['39: bottle', '39: bottle', '56: chair', '56: chair', '39: bottle', '56: chair', '60: dining table', '0: person', '56: chair', '56: chair', '60: dining table', '60: dining table', '56: chair', '56: chair']","[39, 39, 56, 56, 39, 56, 60, 0, 56, 56, 60, 60, 56, 56]","[0.8909544, 0.77190787, 0.706221, 0.5977106, 0.59741014, 0.5534315, 0.53033787, 0.49719292, 0.42289346, 0.39530206, 0.35454834, 0.33931336, 0.33595434, 0.2689423]","[[532.16, 142.25, 54.51, 94.44], [613.14, 173.79, 26.63, 56.64], [376.54, 185.04, 50.98, 32.86], [193.7, 183.37, 48.34, 56.69], [582.7, 175.42, 19.85, 51.98], [465.15, 188.1, 71.14, 25.91], [167.13, 214.51, 472.81, 144.65], [107.19, 101.71, 83.08, 86.61], [1, 180.5, 37.35, 89.74], [66.47, 183.21, 172.37, 164.46], [169.43, 211.37, 470.01, 61.72], [1, 172.01, 34.46, 15.55], [242.63, 181.62, 94.39, 52.44], [513.47, 159.07, 24.78, 11.24]]"
393,/home/pi/sambashare/BacArbeit/cocoval2017/000000318114.jpg,3.197358548000011,"['42: fork', '41: cup', '55: cake', '44: spoon']","[42, 41, 55, 44]","[0.9344007, 0.9248032, 0.8394798, 0.3714613]","[[122.49, 100.83, 72.32, 207.17], [12.8, 8.88, 124.73, 199.51], [165.4, 153.26, 186.47, 118.21], [202.29, 83.29, 100.88, 75.8]]"
394,/home/pi/sambashare/BacArbeit/cocoval2017/000000348243.jpg,3.1822382079999443,['17: horse'],[17],[0.9021101],"[[60.37, 188.14, 248.91, 321.85]]"
395,/home/pi/sambashare/BacArbeit/cocoval2017/000000006763.jpg,3.1761173470001722,"['0: person', '62: tv', '0: person', '62: tv', '0: person', '27: tie', '27: tie']","[0, 62, 0, 62, 0, 27, 27]","[0.56085706, 0.4833007, 0.43273583, 0.42779577, 0.3366544, 0.27423874, 0.25769168]","[[1, 216.42, 40.95, 120.19], [239.21, 73.61, 119.37, 110.06], [1, 85.05, 372.33, 407.68], [334.51, 194.89, 30.07, 48.43], [197.27, 125.01, 174.83, 373.73], [142.32, 231.16, 40.14, 187.75], [256.28, 250.81, 74.12, 212.57]]"
396,/home/pi/sambashare/BacArbeit/cocoval2017/000000255664.jpg,3.187370276000138,"['16: dog', '29: frisbee']","[16, 29]","[0.9479405, 0.9405369]","[[92.68, 44.74, 231.02, 295.22], [313.36, 51.56, 58.3, 53.8]]"
397,/home/pi/sambashare/BacArbeit/cocoval2017/000000042563.jpg,3.1917928559998927,['6: train'],[6],[0.8894825],"[[207.41, 453.29, 113.2, 136.24]]"
398,/home/pi/sambashare/BacArbeit/cocoval2017/000000024919.jpg,3.1843083000001116,"['20: elephant', '20: elephant']","[20, 20]","[0.8926535, 0.8237423]","[[274.49, 148.53, 243.88, 150.54], [113.41, 148.75, 217.72, 147.89]]"
399,/home/pi/sambashare/BacArbeit/cocoval2017/000000396526.jpg,3.175362282999913,"['56: chair', '56: chair', '56: chair', '56: chair', '56: chair', '60: dining table']","[56, 56, 56, 56, 56, 60]","[0.92193854, 0.8698737, 0.8467301, 0.78917766, 0.7683178, 0.5288241]","[[254.14, 223.19, 185.64, 114.22], [79.36, 168.99, 40.94, 22.7], [166.79, 204.13, 82.27, 124.6], [99.46, 194.5, 74.79, 140.49], [174.89, 174.64, 59.58, 14.44], [48.17, 174.67, 204.72, 79.93]]"
400,/home/pi/sambashare/BacArbeit/cocoval2017/000000521540.jpg,3.1748793510000723,['46: banana'],[46],[0.41898426],"[[9.21, 41.82, 439.4, 435.28]]"
401,/home/pi/sambashare/BacArbeit/cocoval2017/000000472623.jpg,3.179039912999997,"['1: bicycle', '0: person', '0: person', '0: person']","[1, 0, 0, 0]","[0.950094, 0.92356193, 0.90940523, 0.8961947]","[[192.46, 346.07, 232.25, 254.81], [154.74, 231.48, 22.93, 72.18], [262.26, 228.51, 161.71, 297.98], [126.8, 240.47, 24.67, 65.71]]"
402,/home/pi/sambashare/BacArbeit/cocoval2017/000000465675.jpg,3.18046217899996,"['7: truck', '8: boat', '0: person']","[7, 8, 0]","[0.5343048, 0.4974284, 0.26277322]","[[341.05, 192.23, 169.56, 77.59], [112.72, 177.7, 250.05, 64.25], [48.67, 187.18, 18.63, 21.32]]"
403,/home/pi/sambashare/BacArbeit/cocoval2017/000000079031.jpg,3.190582702000029,"['0: person', '37: surfboard']","[0, 37]","[0.90640026, 0.7927117]","[[65.3, 1, 268.03, 362.08], [1, 276.4, 594.29, 150.14]]"
404,/home/pi/sambashare/BacArbeit/cocoval2017/000000170099.jpg,3.1737232929999664,"['27: tie', '0: person', '57: couch']","[27, 0, 57]","[0.9104212, 0.9065821, 0.730318]","[[99.89, 201.85, 91.31, 275.35], [9.82, 40.97, 347.57, 435.58], [311.3, 245.14, 292.35, 230.87]]"
405,/home/pi/sambashare/BacArbeit/cocoval2017/000000012576.jpg,3.184465896999882,"['41: cup', '41: cup', '43: knife', '41: cup', '42: fork', '41: cup', '0: person', '41: cup', '41: cup', '42: fork', '53: pizza', '62: tv', '43: knife', '73: book']","[41, 41, 43, 41, 42, 41, 0, 41, 41, 42, 53, 62, 43, 73]","[0.9484808, 0.93021697, 0.9019943, 0.87593234, 0.86370933, 0.797924, 0.7176349, 0.6509958, 0.63259345, 0.55694056, 0.5217195, 0.49174342, 0.31773213, 0.29258153]","[[365.16, 210.01, 92.09, 163.48], [140.34, 201.73, 78.66, 143.16], [390.55, 404.14, 89.04, 88.18], [271.63, 117.19, 40.62, 79.38], [418.18, 372.31, 61.75, 70.59], [380.46, 102.72, 45.35, 69.68], [205.39, 14.8, 85.26, 136.68], [332.61, 115.2, 12.8, 33.31], [346.09, 107.08, 32.03, 64.11], [317.29, 288.11, 51.13, 23.01], [1.23, 381.84, 398.87, 256.35], [418.17, 40.58, 61.53, 71.52], [291.07, 307.73, 72.28, 14.16], [282.81, 221.85, 84.15, 44.11]]"
406,/home/pi/sambashare/BacArbeit/cocoval2017/000000516173.jpg,3.182111101000146,"['0: person', '0: person', '37: surfboard']","[0, 0, 37]","[0.9013794, 0.76915556, 0.72379786]","[[62.14, 160.26, 168.29, 431.4], [167.4, 52.26, 26.35, 28.86], [169.91, 283.84, 67.16, 162.73]]"
407,/home/pi/sambashare/BacArbeit/cocoval2017/000000226111.jpg,3.187438737000093,[],[],[],[]
408,/home/pi/sambashare/BacArbeit/cocoval2017/000000237118.jpg,3.194495905999929,"['0: person', '26: handbag', '56: chair']","[0, 26, 56]","[0.9033132, 0.73039913, 0.5504993]","[[238.54, 157.47, 226.56, 453.62], [426.44, 391.04, 39.99, 203.87], [324.51, 564.77, 114.05, 49.64]]"
409,/home/pi/sambashare/BacArbeit/cocoval2017/000000321790.jpg,3.1808423519998996,"['38: tennis racket', '0: person']","[38, 0]","[0.87357163, 0.8132693]","[[275.54, 137.17, 210.92, 162.4], [123.69, 11.08, 194.55, 414.62]]"
410,/home/pi/sambashare/BacArbeit/cocoval2017/000000387098.jpg,3.1821746379998785,"['41: cup', '41: cup', '63: laptop', '39: bottle', '64: mouse', '62: tv', '41: cup', '62: tv', '73: book', '66: keyboard', '0: person', '44: spoon', '73: book', '73: book', '73: book', '73: book']","[41, 41, 63, 39, 64, 62, 41, 62, 73, 66, 0, 44, 73, 73, 73, 73]","[0.93898845, 0.93412614, 0.8957978, 0.8893008, 0.8789683, 0.87130183, 0.85617024, 0.5220015, 0.5144089, 0.41229513, 0.4015751, 0.32259437, 0.31921536, 0.30051872, 0.27313632, 0.25880888]","[[111.89, 236.26, 49.48, 50.78], [40.08, 207.07, 76.13, 71.86], [276.36, 174.36, 213.3, 186.06], [222.09, 177.42, 42.0, 116.58], [471.56, 285.29, 54.12, 32.39], [36.33, 29.86, 203.18, 191.88], [221.19, 280.48, 60.53, 66.12], [234.89, 17.43, 237.53, 165.85], [130.73, 284.04, 92.15, 70.09], [296.33, 282.09, 165.49, 53.46], [257.9, 77.55, 68.03, 86.61], [445.12, 187.76, 21.05, 29.64], [1, 284.76, 61.83, 18.43], [1, 295.04, 62.22, 20.27], [1, 319.06, 60.13, 16.06], [1.51, 307.67, 64.0, 12.8]]"
411,/home/pi/sambashare/BacArbeit/cocoval2017/000000522713.jpg,3.18446786100003,"['13: bench', '8: boat', '8: boat', '8: boat', '8: boat', '8: boat', '8: boat', '8: boat', '8: boat', '8: boat']","[13, 8, 8, 8, 8, 8, 8, 8, 8, 8]","[0.94303733, 0.60334533, 0.57415456, 0.54394084, 0.5026939, 0.48320943, 0.46944693, 0.41821057, 0.3472077, 0.32947534]","[[409.7, 283.29, 151.62, 72.4], [480.88, 269.52, 21.32, 5.39], [357.58, 247.19, 19.36, 27.16], [385.03, 248.67, 22.44, 26.09], [439.34, 264.52, 28.18, 7.24], [358.69, 269.02, 18.57, 4.96], [509.78, 267.35, 18.16, 5.9], [385.3, 268.18, 21.85, 6.88], [407.1, 265.05, 11.6, 4.21], [406.06, 249.34, 13.35, 20.63]]"
412,/home/pi/sambashare/BacArbeit/cocoval2017/000000206838.jpg,3.171770293999998,"['17: horse', '17: horse', '0: person', '0: person']","[17, 17, 0, 0]","[0.93598664, 0.9193834, 0.68904173, 0.59054625]","[[315.38, 166.1, 254.25, 271.02], [115.42, 135.17, 188.09, 219.19], [329.89, 97.9, 137.33, 290.8], [187.75, 91.31, 104.59, 239.02]]"
413,/home/pi/sambashare/BacArbeit/cocoval2017/000000572900.jpg,3.177363362999813,"['0: person', '0: person', '0: person', '29: frisbee', '58: potted plant', '58: potted plant', '0: person', '28: suitcase']","[0, 0, 0, 29, 58, 58, 0, 28]","[0.9307637, 0.92098737, 0.8572097, 0.7109246, 0.5141499, 0.48529524, 0.33665, 0.25582364]","[[352.27, 166.69, 137.4, 205.03], [111.89, 153.34, 46.52, 136.2], [1, 160.32, 47.39, 164.28], [345.07, 201.05, 43.04, 18.62], [227.06, 190.96, 30.76, 39.81], [277.15, 192.79, 28.19, 32.7], [492.38, 177.1, 17.62, 50.51], [1, 244.15, 17.84, 45.28]]"
414,/home/pi/sambashare/BacArbeit/cocoval2017/000000459887.jpg,3.1819612560000223,['46: banana'],[46],[0.5248122],"[[1.52, 43.38, 382.28, 577.99]]"
415,/home/pi/sambashare/BacArbeit/cocoval2017/000000398810.jpg,3.176451156999974,"['15: cat', '15: cat']","[15, 15]","[0.8477683, 0.7643609]","[[223.3, 157.14, 274.71, 278.34], [99.64, 129.72, 96.39, 86.22]]"
416,/home/pi/sambashare/BacArbeit/cocoval2017/000000511076.jpg,3.181318342000168,"['0: person', '26: handbag', '14: bird', '14: bird', '14: bird', '13: bench', '14: bird', '14: bird', '14: bird', '14: bird', '14: bird', '14: bird', '14: bird', '14: bird', '14: bird', '14: bird']","[0, 26, 14, 14, 14, 13, 14, 14, 14, 14, 14, 14, 14, 14, 14, 14]","[0.8964313, 0.8061557, 0.8046506, 0.8008039, 0.7849235, 0.71252763, 0.710805, 0.6973359, 0.6687938, 0.667262, 0.63610345, 0.63289404, 0.60205615, 0.31952018, 0.3009609, 0.2931623]","[[352.79, 74.72, 192.48, 299.53], [472.95, 203.23, 102.3, 73.16], [265.58, 261.28, 42.55, 46.77], [83.46, 260.56, 45.91, 36.51], [311.32, 279.56, 46.91, 50.5], [448.92, 186.4, 190.14, 236.15], [148.05, 149.63, 58.76, 93.0], [341.77, 229.98, 42.23, 32.33], [202.48, 250.87, 40.76, 42.8], [297.5, 240.86, 26.54, 39.2], [270.72, 205.96, 46.87, 57.15], [312.05, 319.2, 53.81, 42.66], [163.62, 265.88, 39.2, 37.68], [60.36, 201.31, 44.86, 43.99], [82.22, 204.93, 72.36, 67.78], [132.11, 255.46, 47.29, 36.44]]"
417,/home/pi/sambashare/BacArbeit/cocoval2017/000000570471.jpg,3.1932893959999546,"['41: cup', '56: chair', '0: person', '55: cake', '56: chair', '42: fork', '41: cup', '55: cake', '41: cup']","[41, 56, 0, 55, 56, 42, 41, 55, 41]","[0.918724, 0.86981636, 0.6780728, 0.5933294, 0.37571317, 0.27228212, 0.27188054, 0.27069724, 0.2668208]","[[23.18, 230.42, 50.75, 81.91], [30.71, 100.95, 69.68, 75.8], [50.86, 12.41, 323.92, 481.7], [2.47, 413.89, 148.03, 86.0], [1, 135.88, 13.27, 58.76], [30.21, 327.64, 32.26, 41.21], [57.12, 155.02, 31.51, 43.71], [1, 371.31, 104.02, 74.03], [116.06, 180.59, 17.55, 12.53]]"
418,/home/pi/sambashare/BacArbeit/cocoval2017/000000404249.jpg,3.189677232999884,"['0: person', '36: skateboard']","[0, 36]","[0.9571814, 0.9327053]","[[37.41, 123.77, 249.43, 404.91], [89.5, 481.02, 137.94, 77.73]]"
419,/home/pi/sambashare/BacArbeit/cocoval2017/000000038118.jpg,3.21180526299986,"['0: person', '30: skis']","[0, 30]","[0.8616555, 0.43926758]","[[122.47, 220.31, 91.58, 148.25], [135.93, 343.93, 33.74, 28.81]]"
420,/home/pi/sambashare/BacArbeit/cocoval2017/000000482719.jpg,3.1789287309998144,"['46: banana', '68: microwave', '0: person']","[46, 68, 0]","[0.745496, 0.4390515, 0.372534]","[[186.94, 109.57, 425.65, 338.11], [552.25, 22.56, 87.37, 92.74], [452.65, 415.04, 157.73, 64.28]]"
421,/home/pi/sambashare/BacArbeit/cocoval2017/000000270297.jpg,3.1816953520001334,"['6: train', '0: person', '6: train']","[6, 0, 6]","[0.910397, 0.87230265, 0.41222465]","[[264.95, 199.31, 119.88, 122.77], [182.08, 216.32, 14.43, 32.76], [170.52, 133.49, 47.5, 29.13]]"
422,/home/pi/sambashare/BacArbeit/cocoval2017/000000050145.jpg,3.1811997630002224,"['0: person', '25: umbrella', '0: person', '0: person', '1: bicycle', '0: person', '1: bicycle', '1: bicycle', '1: bicycle']","[0, 25, 0, 0, 1, 0, 1, 1, 1]","[0.9336708, 0.773706, 0.70446676, 0.70243174, 0.68447006, 0.6233561, 0.42117995, 0.38114753, 0.26726964]","[[205.82, 91.75, 173.04, 228.25], [175.81, 144.26, 72.84, 20.81], [175.72, 162.86, 42.98, 66.2], [470.73, 156.72, 9.27, 33.11], [147.99, 221.2, 226.38, 98.52], [362.66, 154.93, 27.8, 60.39], [368.94, 185.08, 23.39, 53.01], [386.99, 185.4, 27.29, 26.97], [243.53, 193.77, 33.24, 35.84]]"
423,/home/pi/sambashare/BacArbeit/cocoval2017/000000003934.jpg,3.1801190829996813,"['0: person', '0: person', '57: couch', '0: person', '0: person', '0: person', '40: wine glass', '0: person', '65: remote', '39: bottle']","[0, 0, 57, 0, 0, 0, 40, 0, 65, 39]","[0.90731186, 0.873401, 0.87094367, 0.8516143, 0.755383, 0.5982602, 0.4958421, 0.48387507, 0.2902402, 0.25230274]","[[66.33, 144.85, 149.74, 313.94], [152.28, 83.81, 53.26, 140.06], [136.7, 214.95, 238.01, 143.01], [199.89, 109.02, 36.5, 119.38], [94.19, 88.56, 62.23, 83.66], [296.8, 132.1, 29.22, 45.44], [217.34, 279.07, 20.59, 29.58], [40.71, 74.88, 64.18, 258.45], [164.28, 303.52, 47.74, 8.29], [293.7, 159.73, 5.45, 20.89]]"
424,/home/pi/sambashare/BacArbeit/cocoval2017/000000022623.jpg,3.180221630000233,['65: remote'],[65],[0.35915837],"[[9.6, 2.51, 626.61, 470.39]]"
425,/home/pi/sambashare/BacArbeit/cocoval2017/000000366225.jpg,3.2004062360001626,"['62: tv', '64: mouse', '66: keyboard', '67: cell phone']","[62, 64, 66, 67]","[0.9463606, 0.92770946, 0.908425, 0.56317097]","[[70.08, 11.45, 380.73, 308.37], [470.68, 563.49, 54.44, 67.86], [88.99, 531.07, 344.52, 75.3], [50.48, 251.83, 44.29, 71.75]]"
426,/home/pi/sambashare/BacArbeit/cocoval2017/000000550084.jpg,3.1895140060000813,[],[],[],[]
427,/home/pi/sambashare/BacArbeit/cocoval2017/000000578236.jpg,3.194379617999857,"['14: bird', '14: bird', '15: cat']","[14, 14, 15]","[0.8790448, 0.8136898, 0.6413629]","[[277.93, 156.89, 85.17, 44.99], [175.29, 225.19, 218.64, 247.84], [172.0, 161.33, 41.5, 34.25]]"
428,/home/pi/sambashare/BacArbeit/cocoval2017/000000332845.jpg,3.1857590350000464,"['0: person', '56: chair', '59: bed', '63: laptop']","[0, 56, 59, 63]","[0.9196581, 0.8891807, 0.82713753, 0.5572504]","[[305.97, 130.45, 151.48, 184.7], [390.23, 262.87, 86.74, 57.09], [88.04, 288.83, 551.04, 188.16], [280.1, 242.2, 43.31, 48.95]]"
429,/home/pi/sambashare/BacArbeit/cocoval2017/000000547519.jpg,3.1780351930001416,['21: bear'],[21],[0.8965779],"[[273.5, 133.01, 224.38, 246.0]]"
430,/home/pi/sambashare/BacArbeit/cocoval2017/000000441247.jpg,3.1861081649999505,"['56: chair', '56: chair', '57: couch', '0: person', '0: person', '24: backpack', '74: clock', '39: bottle', '68: microwave', '72: refrigerator', '68: microwave', '39: bottle', '56: chair', '26: handbag', '39: bottle', '39: bottle', '39: bottle', '75: vase', '56: chair']","[56, 56, 57, 0, 0, 24, 74, 39, 68, 72, 68, 39, 56, 26, 39, 39, 39, 75, 56]","[0.96089834, 0.90806204, 0.86214507, 0.84884745, 0.82344794, 0.815225, 0.81084013, 0.7848021, 0.7516729, 0.70814323, 0.6176519, 0.56017286, 0.40664813, 0.40617898, 0.39496207, 0.30999088, 0.29653826, 0.29146203, 0.27453256]","[[24.33, 282.53, 198.3, 140.85], [221.16, 223.59, 80.2, 124.24], [528.24, 185.75, 110.99, 233.81], [245.51, 162.67, 45.34, 59.48], [336.25, 179.07, 52.35, 90.18], [469.49, 354.19, 92.7, 66.71], [34.93, 150.76, 18.64, 26.73], [81.93, 158.21, 13.37, 17.84], [130.13, 181.46, 26.54, 33.89], [392.29, 69.37, 104.73, 206.1], [155.69, 215.65, 41.51, 23.06], [92.04, 201.78, 12.54, 17.85], [158.91, 286.13, 38.13, 16.18], [443.84, 230.41, 54.87, 45.81], [288.49, 204.25, 11.69, 26.14], [82.71, 182.38, 6.9, 15.99], [88.14, 183.6, 7.43, 14.27], [155.63, 134.9, 15.19, 16.32], [289.39, 203.82, 56.61, 119.05]]"
431,/home/pi/sambashare/BacArbeit/cocoval2017/000000014473.jpg,3.1918966200000796,"['0: person', '0: person', '0: person', '0: person', '6: train', '0: person', '0: person', '0: person']","[0, 0, 0, 0, 6, 0, 0, 0]","[0.8686341, 0.8605713, 0.8365312, 0.82664245, 0.7944652, 0.76964617, 0.7674019, 0.73302406]","[[25.73, 224.99, 13.51, 35.47], [120.67, 245.54, 16.37, 34.71], [77.25, 245.55, 17.95, 27.37], [200.71, 258.55, 17.5, 36.15], [1, 155.6, 600.08, 152.24], [320.78, 271.1, 15.85, 42.31], [278.61, 269.98, 19.5, 37.87], [156.68, 252.87, 17.72, 32.83]]"
432,/home/pi/sambashare/BacArbeit/cocoval2017/000000243626.jpg,3.186214605999794,"['42: fork', '41: cup', '0: person', '48: sandwich']","[42, 41, 0, 48]","[0.94343275, 0.89817536, 0.37040043, 0.3349759]","[[295.37, 46.42, 77.96, 181.28], [66.84, 1, 81.36, 53.53], [1, 174.62, 121.74, 113.33], [38.33, 55.96, 263.51, 181.37]]"
433,/home/pi/sambashare/BacArbeit/cocoval2017/000000389933.jpg,3.184003870000197,['16: dog'],[16],[0.4531096],"[[3.04, 86.26, 597.49, 389.52]]"
434,/home/pi/sambashare/BacArbeit/cocoval2017/000000525600.jpg,3.175032692000059,"['23: giraffe', '23: giraffe', '23: giraffe', '23: giraffe', '23: giraffe', '23: giraffe', '23: giraffe']","[23, 23, 23, 23, 23, 23, 23]","[0.92562234, 0.6529263, 0.62906754, 0.606978, 0.43865383, 0.32389742, 0.27469757]","[[178.89, 137.55, 104.94, 162.67], [386.02, 68.93, 114.57, 210.31], [364.09, 133.11, 90.52, 147.0], [266.1, 85.15, 58.82, 125.74], [482.22, 81.74, 57.38, 72.11], [299.25, 112.45, 58.84, 111.55], [378.3, 88.65, 29.33, 103.79]]"
435,/home/pi/sambashare/BacArbeit/cocoval2017/000000223182.jpg,3.1825842700000067,"['38: tennis racket', '39: bottle', '0: person', '39: bottle', '0: person', '0: person', '0: person', '0: person', '56: chair', '0: person', '56: chair']","[38, 39, 0, 39, 0, 0, 0, 0, 56, 0, 56]","[0.9296361, 0.9250041, 0.9145957, 0.9143414, 0.8807248, 0.8548023, 0.68821967, 0.6687125, 0.48666832, 0.40463397, 0.36676732]","[[171.42, 299.26, 97.75, 218.57], [407.47, 410.48, 33.14, 111.37], [37.86, 30.16, 163.77, 142.79], [363.06, 441.46, 22.15, 77.58], [164.25, 30.87, 333.72, 492.94], [522.85, 1, 115.77, 525.53], [1, 116.28, 39.64, 55.24], [337.26, 1, 100.71, 129.24], [23.02, 120.51, 22.67, 36.75], [425.44, 1, 38.86, 138.88], [374.18, 125.09, 104.72, 75.58]]"
436,/home/pi/sambashare/BacArbeit/cocoval2017/000000416330.jpg,3.195623091000016,['15: cat'],[15],[0.7403758],"[[25.75, 2.12, 614.25, 460.94]]"
437,/home/pi/sambashare/BacArbeit/cocoval2017/000000566436.jpg,3.1888304409999364,"['0: person', '13: bench', '13: bench']","[0, 13, 13]","[0.69397134, 0.58492726, 0.4218744]","[[76.13, 1, 331.89, 280.36], [7.04, 103.95, 494.67, 321.96], [1, 386.42, 95.85, 40.21]]"
438,/home/pi/sambashare/BacArbeit/cocoval2017/000000437351.jpg,3.168067664999853,"['28: suitcase', '28: suitcase', '0: person', '28: suitcase']","[28, 28, 0, 28]","[0.89440703, 0.8770625, 0.8763332, 0.7773396]","[[289.36, 176.78, 76.25, 258.75], [191.21, 30.44, 153.74, 160.08], [20.49, 18.58, 221.75, 478.95], [193.56, 185.08, 110.24, 259.65]]"
439,/home/pi/sambashare/BacArbeit/cocoval2017/000000122969.jpg,3.1728044009996665,['22: zebra'],[22],[0.76589334],"[[1, 5.09, 393.98, 327.91]]"
440,/home/pi/sambashare/BacArbeit/cocoval2017/000000410712.jpg,3.17076665400009,[],[],[],[]
441,/home/pi/sambashare/BacArbeit/cocoval2017/000000295478.jpg,3.178908973000034,"['0: person', '16: dog', '26: handbag', '16: dog']","[0, 16, 26, 16]","[0.9284454, 0.8427079, 0.7672091, 0.39269894]","[[150.67, 32.03, 202.17, 591.79], [49.51, 493.67, 85.99, 83.56], [264.58, 119.68, 78.1, 243.16], [1, 593.48, 39.31, 45.97]]"
442,/home/pi/sambashare/BacArbeit/cocoval2017/000000411953.jpg,3.183463178999773,"['0: person', '27: tie', '0: person']","[0, 27, 0]","[0.82154316, 0.7967388, 0.41292107]","[[73.01, 56.9, 232.07, 316.86], [184.76, 164.86, 56.05, 176.78], [307.97, 287.89, 57.7, 86.54]]"
443,/home/pi/sambashare/BacArbeit/cocoval2017/000000136915.jpg,3.191544774000249,"['0: person', '0: person', '0: person', '27: tie', '39: bottle', '56: chair', '56: chair', '73: book', '27: tie']","[0, 0, 0, 27, 39, 56, 56, 73, 27]","[0.93114084, 0.831071, 0.83029246, 0.8195746, 0.73322475, 0.58047885, 0.49849486, 0.4336233, 0.39827636]","[[407.34, 109.68, 171.42, 317.03], [76.77, 83.02, 238.09, 338.38], [580.92, 288.79, 58.51, 137.36], [126.95, 266.52, 200.88, 86.57], [354.0, 412.89, 19.15, 13.87], [1, 392.6, 48.67, 34.03], [560.03, 304.8, 55.47, 121.86], [10.98, 212.42, 47.12, 16.81], [211.56, 171.43, 37.08, 146.08]]"
444,/home/pi/sambashare/BacArbeit/cocoval2017/000000049269.jpg,3.192062950000036,"['17: horse', '16: dog']","[17, 16]","[0.90938574, 0.88331056]","[[100.01, 31.07, 326.64, 468.59], [5.66, 317.21, 267.07, 260.84]]"
445,/home/pi/sambashare/BacArbeit/cocoval2017/000000335328.jpg,3.1753028969997104,"['0: person', '37: surfboard', '0: person']","[0, 37, 0]","[0.9064049, 0.81650376, 0.7832575]","[[337.78, 219.08, 155.14, 114.09], [123.37, 378.61, 55.35, 62.66], [52.93, 332.77, 155.22, 94.77]]"
446,/home/pi/sambashare/BacArbeit/cocoval2017/000000499266.jpg,3.2008193639999263,"['0: person', '67: cell phone', '0: person', '39: bottle', '0: person']","[0, 67, 0, 39, 0]","[0.8080966, 0.7315, 0.6371889, 0.5559504, 0.42452747]","[[452.12, 9.13, 86.37, 97.4], [45.32, 95.66, 535.08, 303.94], [536.19, 45.67, 48.27, 63.98], [548.13, 294.91, 77.39, 91.36], [1, 9.46, 288.61, 453.81]]"
447,/home/pi/sambashare/BacArbeit/cocoval2017/000000540962.jpg,3.1920244559996718,"['57: couch', '62: tv', '62: tv', '56: chair', '75: vase', '75: vase', '57: couch', '56: chair', '62: tv']","[57, 62, 62, 56, 75, 75, 57, 56, 62]","[0.79320973, 0.7584476, 0.60033584, 0.59828895, 0.5103931, 0.48643196, 0.3221678, 0.32137856, 0.30011687]","[[334.51, 227.09, 140.98, 171.9], [395.23, 145.6, 70.2, 72.76], [1, 260.35, 112.07, 138.63], [290.98, 343.69, 78.34, 56.11], [292.3, 183.45, 19.93, 49.04], [280.15, 191.15, 17.95, 29.87], [37.77, 252.21, 255.0, 129.0], [182.97, 170.35, 50.4, 61.26], [134.91, 191.48, 60.62, 74.2]]"
448,/home/pi/sambashare/BacArbeit/cocoval2017/000000012670.jpg,3.1911520670000755,"['0: person', '0: person', '0: person', '0: person', '0: person', '17: horse', '0: person', '0: person', '0: person', '0: person', '0: person', '0: person', '0: person', '0: person', '0: person', '0: person', '0: person', '0: person', '0: person', '0: person']","[0, 0, 0, 0, 0, 17, 0, 0, 0, 0, 0, 0, 0, 0, 0, 0, 0, 0, 0, 0]","[0.81146926, 0.78172886, 0.7748108, 0.7349512, 0.6660757, 0.6574063, 0.5556833, 0.5524007, 0.515508, 0.49094278, 0.4761519, 0.37624934, 0.3744153, 0.3683706, 0.3381578, 0.3026658, 0.2995729, 0.2887456, 0.27413252, 0.272708]","[[46.6, 230.67, 106.51, 196.19], [133.58, 267.53, 143.39, 160.1], [1, 267.86, 67.83, 159.22], [237.69, 263.89, 117.43, 163.6], [100.47, 121.67, 97.17, 131.08], [1, 134.84, 63.77, 145.14], [478.82, 243.94, 140.28, 183.61], [339.21, 294.4, 103.98, 133.32], [379.38, 223.99, 124.62, 203.66], [584.2, 84.84, 55.65, 237.68], [268.78, 47.54, 68.98, 189.61], [146.48, 79.77, 72.8, 179.37], [85.09, 94.74, 44.34, 142.21], [220.04, 154.89, 80.92, 187.14], [507.03, 104.47, 67.43, 98.5], [455.75, 140.19, 73.22, 248.64], [213.22, 73.46, 57.77, 171.62], [315.83, 172.24, 81.96, 85.61], [407.14, 53.33, 49.35, 157.27], [596.14, 37.98, 24.86, 34.4]]"
449,/home/pi/sambashare/BacArbeit/cocoval2017/000000328286.jpg,3.18976585099972,"['8: boat', '8: boat', '8: boat', '8: boat']","[8, 8, 8, 8]","[0.92882633, 0.89759403, 0.87383354, 0.4688792]","[[144.1, 343.85, 110.61, 66.85], [44.42, 355.49, 136.35, 68.26], [191.38, 323.41, 116.78, 39.74], [125.64, 221.13, 209.26, 59.54]]"
450,/home/pi/sambashare/BacArbeit/cocoval2017/000000377497.jpg,3.186514791999798,['22: zebra'],[22],[0.80549973],"[[57.12, 21.49, 374.88, 576.11]]"
451,/home/pi/sambashare/BacArbeit/cocoval2017/000000176634.jpg,3.189424635999785,"['22: zebra', '22: zebra']","[22, 22]","[0.5533776, 0.31847307]","[[11.62, 2.16, 447.86, 475.83], [379.93, 1, 237.95, 476.55]]"
452,/home/pi/sambashare/BacArbeit/cocoval2017/000000499109.jpg,3.198145196999576,[],[],[],[]
453,/home/pi/sambashare/BacArbeit/cocoval2017/000000050844.jpg,3.1835728139999446,"['77: teddy bear', '77: teddy bear', '55: cake']","[77, 77, 55]","[0.8632838, 0.7242201, 0.25996432]","[[104.93, 149.52, 228.15, 334.97], [10.86, 60.21, 199.93, 323.64], [217.15, 1.42, 116.2, 172.94]]"
454,/home/pi/sambashare/BacArbeit/cocoval2017/000000011813.jpg,3.183511445000022,['63: laptop'],[63],[0.43054047],"[[2.82, 384.9, 163.85, 83.45]]"
455,/home/pi/sambashare/BacArbeit/cocoval2017/000000389566.jpg,3.1800805170000785,"['18: sheep', '2: car', '18: sheep', '18: sheep', '18: sheep', '18: sheep', '18: sheep', '18: sheep', '18: sheep', '18: sheep', '18: sheep', '18: sheep', '18: sheep']","[18, 2, 18, 18, 18, 18, 18, 18, 18, 18, 18, 18, 18]","[0.9047693, 0.8995424, 0.82779074, 0.7873626, 0.6624128, 0.6620977, 0.6567036, 0.6055799, 0.5158345, 0.4693207, 0.28370517, 0.27209362, 0.25281596]","[[126.44, 222.65, 127.32, 94.61], [456.55, 160.43, 48.79, 36.57], [202.83, 204.66, 102.49, 101.46], [455.08, 191.2, 84.12, 86.23], [262.79, 196.28, 71.74, 106.35], [323.17, 193.7, 88.59, 104.86], [1, 238.97, 54.45, 76.68], [426.74, 207.38, 71.18, 78.71], [43.96, 217.07, 90.68, 65.75], [390.76, 201.16, 85.66, 89.88], [305.77, 199.97, 48.93, 97.18], [1, 232.8, 13.69, 18.45], [95.59, 210.14, 37.97, 22.28]]"
456,/home/pi/sambashare/BacArbeit/cocoval2017/000000210789.jpg,3.189801019999777,"['0: person', '0: person', '2: car', '25: umbrella']","[0, 0, 2, 25]","[0.92091984, 0.9088262, 0.86270165, 0.7424546]","[[153.43, 132.78, 85.08, 296.81], [127.33, 234.4, 73.1, 209.49], [221.74, 151.79, 136.61, 77.23], [33.56, 83.64, 272.85, 113.35]]"
457,/home/pi/sambashare/BacArbeit/cocoval2017/000000289741.jpg,3.184032659999957,"['25: umbrella', '0: person', '0: person', '56: chair', '56: chair', '56: chair', '56: chair', '56: chair', '25: umbrella', '25: umbrella', '56: chair', '0: person', '8: boat', '8: boat', '56: chair', '56: chair', '56: chair', '0: person', '0: person', '0: person', '25: umbrella', '0: person', '25: umbrella', '56: chair', '0: person', '56: chair']","[25, 0, 0, 56, 56, 56, 56, 56, 25, 25, 56, 0, 8, 8, 56, 56, 56, 0, 0, 0, 25, 0, 25, 56, 0, 56]","[0.8592436, 0.82066315, 0.7608256, 0.7549123, 0.7532102, 0.7410439, 0.7122098, 0.7006869, 0.69248104, 0.6741282, 0.6401114, 0.61863846, 0.5930293, 0.5690563, 0.5565784, 0.5310904, 0.46804473, 0.42309305, 0.38156796, 0.3613894, 0.35892922, 0.3499374, 0.34708074, 0.3061305, 0.29915416, 0.27606645]","[[252.76, 261.18, 101.34, 84.39], [26.51, 401.05, 38.61, 78.05], [367.69, 295.13, 17.61, 46.53], [168.89, 410.72, 55.33, 42.36], [492.44, 397.65, 31.19, 18.33], [512.65, 428.4, 40.43, 50.34], [542.6, 400.39, 29.49, 17.89], [472.13, 423.67, 40.11, 31.66], [382.55, 264.24, 148.95, 137.92], [496.09, 220.71, 141.75, 236.76], [455.38, 393.08, 26.14, 21.93], [61.42, 344.82, 21.27, 38.16], [197.88, 67.11, 413.96, 97.89], [448.65, 63.63, 158.83, 100.27], [150.64, 337.58, 43.89, 29.08], [607.31, 313.12, 21.96, 35.24], [123.27, 402.94, 58.07, 49.1], [112.06, 451.43, 41.36, 28.25], [28.77, 173.96, 6.38, 8.86], [435.8, 393.52, 21.84, 20.69], [237.09, 329.42, 191.01, 149.34], [385.63, 313.47, 13.92, 21.0], [13.79, 254.5, 90.97, 62.12], [227.93, 331.38, 39.33, 21.85], [87.74, 371.93, 24.06, 19.13], [216.84, 429.6, 37.51, 30.85]]"
458,/home/pi/sambashare/BacArbeit/cocoval2017/000000111609.jpg,3.1819061780001903,"['63: laptop', '59: bed']","[63, 59]","[0.75820756, 0.51652694]","[[505.53, 353.47, 133.21, 75.03], [4.35, 60.13, 627.8, 367.63]]"
459,/home/pi/sambashare/BacArbeit/cocoval2017/000000528314.jpg,3.197006094000244,"['0: person', '0: person', '0: person', '0: person', '0: person', '0: person', '0: person', '0: person', '0: person', '30: skis', '0: person', '0: person']","[0, 0, 0, 0, 0, 0, 0, 0, 0, 30, 0, 0]","[0.92155397, 0.8828566, 0.8072942, 0.78516245, 0.7638738, 0.7593699, 0.71168965, 0.66853935, 0.6060317, 0.45359418, 0.420924, 0.2671304]","[[347.04, 150.53, 25.11, 72.93], [240.23, 417.79, 100.56, 153.41], [155.22, 184.27, 27.31, 60.82], [96.65, 183.9, 25.84, 79.91], [121.83, 182.06, 21.91, 75.19], [24.27, 183.43, 29.33, 55.82], [61.68, 183.64, 23.21, 56.43], [1, 186.53, 12.35, 51.65], [51.99, 161.7, 20.83, 31.54], [220.45, 452.07, 40.4, 118.31], [318.32, 627.53, 32.87, 12.16], [96.09, 163.2, 26.13, 35.95]]"
460,/home/pi/sambashare/BacArbeit/cocoval2017/000000420230.jpg,3.190603863999968,['20: elephant'],[20],[0.9165511],"[[24.94, 21.54, 358.33, 595.48]]"
461,/home/pi/sambashare/BacArbeit/cocoval2017/000000572956.jpg,3.183877708000182,"['3: motorcycle', '3: motorcycle', '3: motorcycle', '3: motorcycle', '3: motorcycle', '3: motorcycle', '3: motorcycle']","[3, 3, 3, 3, 3, 3, 3]","[0.79831535, 0.7702916, 0.643652, 0.5098772, 0.38419265, 0.3702993, 0.31104186]","[[155.87, 12.74, 208.91, 317.22], [1, 5.7, 242.62, 326.03], [436.97, 86.04, 62.42, 106.11], [296.49, 10.82, 131.78, 253.55], [401.11, 69.53, 77.21, 131.88], [350.13, 45.51, 113.42, 189.38], [477.89, 111.78, 22.11, 54.94]]"
462,/home/pi/sambashare/BacArbeit/cocoval2017/000000540414.jpg,3.174355483999989,"['0: person', '0: person', '0: person', '0: person', '25: umbrella', '0: person', '0: person', '25: umbrella', '0: person', '0: person', '45: bowl', '25: umbrella', '25: umbrella', '39: bottle', '5: bus', '0: person', '0: person', '0: person', '1: bicycle', '0: person', '0: person', '45: bowl', '0: person', '26: handbag', '1: bicycle', '25: umbrella', '25: umbrella', '45: bowl']","[0, 0, 0, 0, 25, 0, 0, 25, 0, 0, 45, 25, 25, 39, 5, 0, 0, 0, 1, 0, 0, 45, 0, 26, 1, 25, 25, 45]","[0.92821556, 0.9039913, 0.8497381, 0.8472303, 0.8318925, 0.7798507, 0.76241505, 0.75950754, 0.73731226, 0.72911566, 0.72866935, 0.7070467, 0.68948203, 0.6847763, 0.68247604, 0.6548351, 0.624976, 0.60991704, 0.5588102, 0.52496094, 0.5099456, 0.38865393, 0.33705837, 0.32995155, 0.31567848, 0.2800489, 0.27621892, 0.2558572]","[[216.2, 256.81, 68.51, 112.67], [292.68, 185.9, 47.75, 147.88], [389.04, 206.91, 42.66, 104.47], [75.68, 228.41, 45.88, 53.42], [338.06, 183.21, 46.44, 16.05], [432.93, 298.66, 49.52, 91.77], [374.31, 309.99, 91.8, 119.52], [384.93, 167.98, 74.55, 22.11], [523.52, 297.23, 77.09, 130.73], [338.98, 198.51, 27.83, 74.39], [369.75, 423.01, 34.18, 22.48], [179.85, 165.96, 91.86, 27.17], [14.92, 148.85, 181.02, 45.94], [407.91, 408.68, 15.92, 31.8], [583.83, 176.31, 52.49, 32.25], [361.78, 292.05, 43.05, 73.54], [477.81, 287.54, 64.26, 65.79], [174.24, 199.59, 35.74, 59.91], [559.34, 222.37, 79.6, 58.59], [164.19, 201.83, 18.85, 50.87], [226.32, 192.05, 58.3, 75.64], [43.54, 268.16, 21.72, 9.19], [475.97, 279.27, 36.54, 48.45], [355.24, 209.23, 14.23, 28.07], [558.98, 233.22, 41.5, 49.36], [15.69, 148.58, 181.67, 114.18], [1, 170.97, 27.84, 11.9], [370.5, 370.62, 39.13, 15.68]]"
463,/home/pi/sambashare/BacArbeit/cocoval2017/000000470924.jpg,3.1922063900001376,"['0: person', '41: cup', '45: bowl', '43: knife', '2: car', '43: knife', '43: knife', '2: car', '0: person', '0: person', '56: chair', '2: car', '41: cup', '41: cup', '2: car', '56: chair', '2: car', '56: chair', '2: car', '0: person', '0: person', '40: wine glass', '0: person', '39: bottle', '56: chair', '0: person', '43: knife', '60: dining table', '43: knife', '56: chair', '43: knife', '60: dining table', '0: person', '41: cup', '60: dining table', '45: bowl', '60: dining table', '56: chair', '45: bowl', '60: dining table', '0: person', '43: knife', '56: chair', '1: bicycle', '56: chair', '2: car', '60: dining table', '56: chair', '56: chair', '56: chair', '55: cake', '0: person']","[0, 41, 45, 43, 2, 43, 43, 2, 0, 0, 56, 2, 41, 41, 2, 56, 2, 56, 2, 0, 0, 40, 0, 39, 56, 0, 43, 60, 43, 56, 43, 60, 0, 41, 60, 45, 60, 56, 45, 60, 0, 43, 56, 1, 56, 2, 60, 56, 56, 56, 55, 0]","[0.905286, 0.8761557, 0.87149227, 0.8593528, 0.84789026, 0.82950205, 0.82312363, 0.80214137, 0.8008522, 0.7877724, 0.7877675, 0.7771363, 0.7677701, 0.75987303, 0.7358993, 0.7171361, 0.7058621, 0.7041475, 0.70348734, 0.6631016, 0.6587603, 0.6578602, 0.6495501, 0.6055955, 0.5989461, 0.59503657, 0.57153267, 0.5581424, 0.5485648, 0.5475194, 0.5348808, 0.5201427, 0.51802105, 0.50007147, 0.4957087, 0.47472537, 0.45880908, 0.45462382, 0.45323637, 0.4523889, 0.45215195, 0.40861377, 0.39381504, 0.38060004, 0.37576208, 0.35983574, 0.35455546, 0.3049075, 0.30295327, 0.29986566, 0.27168545, 0.27015734]","[[245.67, 78.09, 112.83, 144.28], [385.41, 337.08, 38.24, 54.39], [344.9, 281.96, 34.81, 22.93], [201.45, 378.85, 52.48, 66.96], [473.6, 40.12, 44.23, 34.16], [180.75, 275.68, 34.81, 41.78], [366.4, 244.33, 32.39, 38.26], [394.41, 47.39, 104.19, 60.77], [289.81, 20.39, 86.26, 75.4], [17.86, 112.47, 207.23, 341.75], [1, 228.12, 134.49, 248.4], [531.95, 23.28, 59.89, 23.49], [335.87, 303.73, 32.23, 89.93], [238.44, 244.11, 26.5, 72.82], [585.28, 36.03, 54.66, 25.73], [574.14, 268.69, 65.47, 211.19], [500.92, 22.05, 48.52, 16.87], [316.67, 71.86, 44.11, 30.14], [557.66, 28.98, 56.22, 23.25], [208.97, 4.91, 66.42, 117.66], [138.71, 7.86, 34.99, 64.3], [297.53, 155.0, 20.09, 58.82], [354.45, 118.81, 253.95, 359.27], [326.75, 192.57, 22.98, 60.55], [30.79, 83.93, 70.48, 33.18], [159.1, 9.36, 52.19, 51.5], [345.97, 236.86, 13.61, 29.16], [115.46, 208.98, 395.54, 269.43], [211.64, 425.77, 117.62, 33.15], [150.81, 44.62, 38.95, 28.62], [263.27, 424.99, 65.81, 21.33], [1, 139.48, 82.76, 50.13], [343.75, 77.95, 134.53, 198.09], [227.55, 266.89, 18.43, 24.91], [332.49, 96.84, 80.19, 89.97], [283.35, 405.43, 99.93, 67.22], [79.62, 69.54, 99.77, 46.73], [53.84, 60.18, 28.59, 26.39], [146.61, 346.11, 134.71, 88.28], [1, 114.28, 103.86, 30.47], [287.59, 14.09, 41.64, 52.03], [367.74, 297.43, 42.17, 17.26], [43.18, 122.98, 63.88, 93.77], [621.02, 52.76, 18.71, 20.99], [230.82, 42.7, 49.38, 84.17], [617.44, 37.49, 22.21, 31.27], [334.03, 98.06, 78.23, 29.89], [271.81, 66.84, 22.05, 45.7], [344.09, 137.74, 38.37, 71.59], [147.91, 44.33, 43.33, 73.91], [263.42, 249.42, 110.54, 41.81], [205.88, 21.73, 29.72, 25.9]]"
464,/home/pi/sambashare/BacArbeit/cocoval2017/000000396274.jpg,3.1873583679998774,['58: potted plant'],[58],[0.2633307],"[[1.57, 1, 615.22, 476.9]]"
465,/home/pi/sambashare/BacArbeit/cocoval2017/000000274708.jpg,3.1829141690000142,"['0: person', '0: person', '0: person', '30: skis', '0: person', '31: snowboard', '0: person', '0: person', '31: snowboard']","[0, 0, 0, 30, 0, 31, 0, 0, 31]","[0.9169671, 0.8963318, 0.78545016, 0.77377015, 0.69586444, 0.6945847, 0.64784455, 0.5278416, 0.27018982]","[[96.77, 165.14, 40.62, 102.79], [298.5, 211.43, 29.14, 51.11], [336.87, 200.22, 15.36, 26.62], [83.58, 243.93, 66.19, 35.17], [253.23, 193.04, 23.27, 26.2], [298.47, 249.26, 24.57, 14.15], [353.97, 232.58, 18.49, 25.05], [238.8, 190.32, 21.74, 27.73], [334.1, 217.17, 17.29, 9.85]]"
466,/home/pi/sambashare/BacArbeit/cocoval2017/000000201775.jpg,3.175336346000222,"['61: toilet', '61: toilet', '71: sink']","[61, 61, 71]","[0.8935824, 0.88310444, 0.84245354]","[[348.36, 220.98, 95.52, 132.31], [232.69, 227.45, 79.86, 114.61], [1, 242.27, 145.61, 90.16]]"
467,/home/pi/sambashare/BacArbeit/cocoval2017/000000365207.jpg,3.1686668769998505,"['2: car', '16: dog', '2: car', '2: car']","[2, 16, 2, 2]","[0.9182736, 0.8106688, 0.48062488, 0.40639147]","[[68.69, 256.8, 142.01, 204.65], [463.98, 273.21, 92.87, 91.27], [399.17, 305.76, 80.47, 203.35], [374.93, 13.67, 253.45, 545.39]]"
468,/home/pi/sambashare/BacArbeit/cocoval2017/000000570756.jpg,3.177419706999899,"['16: dog', '33: kite', '33: kite', '33: kite', '0: person', '0: person', '33: kite', '0: person', '0: person', '33: kite', '33: kite', '33: kite', '0: person', '0: person', '33: kite', '0: person', '0: person', '0: person', '33: kite', '0: person', '0: person', '0: person', '0: person', '0: person', '0: person', '33: kite', '0: person', '0: person', '33: kite', '33: kite', '0: person']","[16, 33, 33, 33, 0, 0, 33, 0, 0, 33, 33, 33, 0, 0, 33, 0, 0, 0, 33, 0, 0, 0, 0, 0, 0, 33, 0, 0, 33, 33, 0]","[0.829234, 0.8207399, 0.712059, 0.69894505, 0.6907823, 0.5834322, 0.5087962, 0.48628944, 0.4536655, 0.4340379, 0.4299828, 0.39727923, 0.39168084, 0.38489494, 0.3836899, 0.3793151, 0.37843186, 0.37365618, 0.35425463, 0.3422648, 0.32191476, 0.31814036, 0.31675932, 0.31060663, 0.30742976, 0.29652536, 0.28906646, 0.28894863, 0.27924094, 0.2606615, 0.2560575]","[[224.7, 298.89, 43.08, 48.99], [1, 301.84, 53.77, 22.36], [187.88, 230.23, 32.84, 18.45], [368.51, 292.99, 104.53, 53.19], [184.33, 282.87, 11.45, 20.31], [210.67, 282.2, 9.77, 21.5], [201.88, 334.37, 89.21, 19.14], [554.67, 291.82, 25.42, 45.75], [169.19, 281.11, 9.87, 21.14], [120.19, 177.85, 13.86, 6.32], [311.9, 151.02, 13.53, 6.48], [442.21, 168.93, 11.72, 5.63], [435.45, 279.57, 9.46, 14.12], [519.81, 274.77, 5.61, 8.97], [514.09, 312.57, 109.8, 28.22], [562.54, 282.7, 7.46, 8.62], [541.16, 282.55, 5.99, 8.39], [484.41, 276.08, 7.22, 14.77], [26.2, 158.74, 21.46, 10.62], [141.46, 282.46, 11.08, 19.27], [387.02, 280.41, 7.44, 14.99], [553.6, 284.33, 7.22, 7.71], [527.3, 282.47, 6.32, 8.72], [194.45, 282.81, 8.0, 19.03], [224.97, 282.8, 6.16, 11.49], [249.39, 262.03, 39.24, 19.32], [405.94, 278.52, 7.81, 16.55], [137.12, 282.62, 11.42, 18.7], [160.38, 146.59, 10.36, 4.3], [151.29, 174.05, 8.07, 4.39], [152.43, 282.04, 9.61, 18.98]]"
469,/home/pi/sambashare/BacArbeit/cocoval2017/000000105264.jpg,3.1828475719999005,"['17: horse', '0: person', '0: person', '0: person', '0: person', '0: person', '0: person', '0: person']","[17, 0, 0, 0, 0, 0, 0, 0]","[0.9250697, 0.91731167, 0.8912397, 0.8415658, 0.8302698, 0.8238093, 0.74130195, 0.61559075]","[[39.77, 122.21, 309.89, 284.7], [536.27, 181.21, 39.14, 113.61], [482.23, 214.73, 39.56, 65.81], [317.07, 172.28, 42.92, 128.85], [393.42, 109.75, 105.75, 214.95], [14.1, 204.25, 43.69, 78.16], [1, 204.56, 25.51, 73.29], [441.16, 198.01, 26.9, 70.61]]"
470,/home/pi/sambashare/BacArbeit/cocoval2017/000000477288.jpg,3.1974604160000126,"['0: person', '0: person', '0: person', '0: person', '0: person', '25: umbrella', '0: person', '25: umbrella', '25: umbrella', '0: person', '25: umbrella', '0: person', '25: umbrella', '0: person', '25: umbrella']","[0, 0, 0, 0, 0, 25, 0, 25, 25, 0, 25, 0, 25, 0, 25]","[0.9025266, 0.84302235, 0.8110018, 0.8074213, 0.7845741, 0.7370205, 0.7181503, 0.6944396, 0.6251966, 0.49965432, 0.4849421, 0.40964946, 0.33986878, 0.27142972, 0.2598533]","[[131.54, 214.66, 131.39, 258.14], [417.88, 198.93, 62.07, 192.3], [307.01, 304.6, 172.96, 333.98], [138.69, 242.96, 34.44, 84.24], [1, 113.09, 139.82, 450.68], [160.83, 131.12, 144.95, 91.45], [194.88, 63.42, 188.89, 538.25], [1, 32.53, 108.85, 120.72], [370.03, 118.28, 109.66, 101.44], [371.26, 243.9, 26.23, 58.95], [184.67, 1, 295.33, 137.55], [1, 215.54, 29.99, 220.01], [94.88, 106.58, 135.06, 56.39], [1.84, 140.51, 59.4, 387.99], [189.17, 1, 288.2, 41.03]]"
471,/home/pi/sambashare/BacArbeit/cocoval2017/000000039769.jpg,3.1881278769997152,"['65: remote', '65: remote', '15: cat', '15: cat']","[65, 65, 15, 15]","[0.908489, 0.810737, 0.7864262, 0.7125331]","[[39.45, 73.43, 136.55, 44.48], [332.79, 77.57, 37.68, 108.85], [338.35, 21.41, 301.65, 348.9], [5.8, 39.31, 312.92, 431.28]]"
472,/home/pi/sambashare/BacArbeit/cocoval2017/000000407083.jpg,3.1744336850001673,"['16: dog', '0: person']","[16, 0]","[0.8057373, 0.37835175]","[[2.22, 214.38, 379.67, 424.43], [211.1, 80.24, 268.9, 557.06]]"
473,/home/pi/sambashare/BacArbeit/cocoval2017/000000468925.jpg,3.181059143999846,"['41: cup', '46: banana', '46: banana', '46: banana', '46: banana', '44: spoon', '0: person', '55: cake']","[41, 46, 46, 46, 46, 44, 0, 55]","[0.86778647, 0.7545235, 0.7134652, 0.6909382, 0.40872043, 0.26886892, 0.25535986, 0.25222772]","[[1, 1.04, 91.78, 119.1], [58.73, 211.6, 179.06, 126.39], [122.8, 175.19, 147.37, 97.75], [296.54, 146.53, 138.59, 125.13], [49.86, 151.01, 126.33, 72.8], [177.29, 30.38, 320.19, 49.06], [479.56, 1, 159.59, 57.34], [493.27, 177.94, 146.12, 222.8]]"
474,/home/pi/sambashare/BacArbeit/cocoval2017/000000534605.jpg,3.1865262000001167,"['3: motorcycle', '3: motorcycle', '0: person', '0: person', '3: motorcycle', '0: person', '26: handbag']","[3, 3, 0, 0, 3, 0, 26]","[0.85849655, 0.82430345, 0.78705096, 0.7560057, 0.73128384, 0.66795653, 0.27539504]","[[239.23, 125.42, 155.55, 230.78], [456.8, 145.83, 142.83, 254.11], [62.93, 46.0, 88.4, 322.44], [366.95, 100.53, 41.27, 78.55], [330.26, 126.75, 195.04, 148.3], [281.16, 103.7, 54.14, 111.94], [72.66, 192.74, 55.21, 52.76]]"
475,/home/pi/sambashare/BacArbeit/cocoval2017/000000427338.jpg,3.1955608859998392,"['3: motorcycle', '0: person', '0: person', '3: motorcycle']","[3, 0, 0, 3]","[0.8221185, 0.7809917, 0.60230005, 0.39675528]","[[352.58, 204.04, 42.13, 31.36], [355.04, 188.53, 34.31, 34.59], [243.49, 191.49, 30.34, 36.47], [234.35, 208.15, 45.44, 21.74]]"
476,/home/pi/sambashare/BacArbeit/cocoval2017/000000173383.jpg,3.186973480999768,"['41: cup', '55: cake', '41: cup', '16: dog']","[41, 55, 41, 16]","[0.9011521, 0.81954706, 0.7611006, 0.2770094]","[[524.47, 230.84, 40.99, 51.53], [148.94, 60.72, 221.71, 232.47], [470.64, 205.45, 33.18, 42.48], [321.46, 296.79, 88.54, 58.4]]"
477,/home/pi/sambashare/BacArbeit/cocoval2017/000000416991.jpg,3.191154149999875,"['25: umbrella', '25: umbrella', '25: umbrella', '25: umbrella', '25: umbrella', '56: chair', '25: umbrella', '25: umbrella', '25: umbrella', '25: umbrella', '25: umbrella', '56: chair', '25: umbrella', '25: umbrella', '56: chair', '56: chair', '56: chair', '25: umbrella', '25: umbrella', '56: chair', '25: umbrella', '56: chair', '56: chair', '56: chair', '56: chair']","[25, 25, 25, 25, 25, 56, 25, 25, 25, 25, 25, 56, 25, 25, 56, 56, 56, 25, 25, 56, 25, 56, 56, 56, 56]","[0.6294175, 0.6162663, 0.6083412, 0.58154726, 0.5787055, 0.57157546, 0.5703318, 0.5635337, 0.5386925, 0.5383288, 0.5168632, 0.50597715, 0.47203863, 0.47175717, 0.4683663, 0.4434845, 0.43020207, 0.41976637, 0.40457836, 0.38718307, 0.3590075, 0.33891597, 0.33688247, 0.3302121, 0.2607433]","[[335.66, 86.15, 57.37, 17.58], [133.28, 102.37, 28.07, 10.31], [171.84, 100.06, 37.08, 12.44], [452.21, 78.13, 83.33, 20.43], [260.53, 93.94, 40.31, 14.95], [520.73, 153.63, 61.26, 33.96], [207.4, 97.83, 32.68, 13.21], [532.85, 72.47, 97.95, 29.01], [233.01, 96.22, 35.52, 14.15], [118.61, 103.22, 22.3, 9.6], [390.07, 81.89, 70.17, 19.09], [460.8, 150.31, 62.26, 33.38], [295.02, 90.53, 46.87, 16.61], [152.33, 101.09, 29.72, 11.81], [295.48, 142.16, 38.19, 24.45], [398.63, 146.98, 56.7, 29.39], [340.33, 143.2, 56.63, 29.0], [390.49, 81.27, 75.17, 40.97], [533.29, 72.01, 97.91, 76.28], [587.75, 154.75, 52.25, 35.56], [454.51, 77.38, 80.22, 59.06], [242.27, 139.96, 28.86, 20.25], [206.39, 140.09, 18.89, 16.4], [221.93, 139.51, 22.42, 17.87], [265.64, 141.63, 34.94, 20.36]]"
478,/home/pi/sambashare/BacArbeit/cocoval2017/000000361268.jpg,3.1894721819999177,['17: horse'],[17],[0.9521762],"[[325.11, 225.86, 210.46, 129.68]]"
479,/home/pi/sambashare/BacArbeit/cocoval2017/000000414673.jpg,3.182438054999693,"['0: person', '0: person', '32: sports ball', '0: person', '34: baseball bat', '56: chair', '34: baseball bat', '0: person', '0: person', '0: person', '32: sports ball', '56: chair', '0: person', '0: person', '56: chair', '0: person', '37: surfboard', '0: person', '56: chair', '0: person', '0: person']","[0, 0, 32, 0, 34, 56, 34, 0, 0, 0, 32, 56, 0, 0, 56, 0, 37, 0, 56, 0, 0]","[0.9022329, 0.8251017, 0.764134, 0.72158206, 0.7065871, 0.67140985, 0.65346944, 0.5828917, 0.58120185, 0.58094156, 0.57588935, 0.5620215, 0.49178347, 0.4822651, 0.3853441, 0.3711868, 0.37116635, 0.307021, 0.29153624, 0.2682191, 0.25703922]","[[159.69, 128.36, 94.3, 129.42], [288.67, 62.51, 54.09, 126.75], [254.06, 161.51, 19.51, 14.6], [312.95, 305.87, 86.76, 25.91], [129.61, 169.49, 37.45, 21.26], [7.29, 97.09, 21.52, 39.38], [338.82, 290.32, 68.18, 16.42], [77.81, 100.07, 37.94, 86.44], [462.52, 109.42, 37.25, 145.48], [396.88, 229.25, 88.32, 102.24], [253.7, 215.41, 8.6, 8.14], [41.41, 98.16, 35.77, 42.39], [152.43, 95.0, 37.59, 74.75], [1, 87.41, 17.87, 48.82], [118.16, 119.02, 24.41, 28.0], [460.94, 264.95, 38.77, 66.46], [427.15, 52.1, 72.79, 182.7], [406.8, 110.97, 35.8, 35.47], [112.95, 98.45, 31.85, 48.7], [187.61, 94.15, 31.76, 56.56], [477.43, 183.88, 22.47, 75.97]]"
480,/home/pi/sambashare/BacArbeit/cocoval2017/000000348216.jpg,3.177285116999883,"['61: toilet', '61: toilet', '61: toilet', '61: toilet', '61: toilet', '61: toilet']","[61, 61, 61, 61, 61, 61]","[0.9075642, 0.861409, 0.8604583, 0.7379561, 0.57936335, 0.3049]","[[154.99, 303.26, 206.37, 127.66], [52.33, 363.43, 325.06, 246.6], [209.98, 262.06, 151.79, 85.04], [234.47, 245.81, 121.81, 50.39], [263.96, 224.24, 90.22, 38.81], [3.54, 473.17, 361.67, 163.68]]"
481,/home/pi/sambashare/BacArbeit/cocoval2017/000000048153.jpg,3.1840295830002106,['0: person'],[0],[0.3201947],"[[95.87, 84.78, 390.82, 288.7]]"
482,/home/pi/sambashare/BacArbeit/cocoval2017/000000342186.jpg,3.171610653999778,['55: cake'],[55],[0.39149874],"[[1, 7.34, 456.34, 630.31]]"
483,/home/pi/sambashare/BacArbeit/cocoval2017/000000509735.jpg,3.1852139080001507,"['22: zebra', '22: zebra', '22: zebra', '23: giraffe', '23: giraffe']","[22, 22, 22, 23, 23]","[0.92465013, 0.9092771, 0.8277708, 0.730377, 0.5951219]","[[4.24, 236.43, 183.84, 100.08], [154.15, 235.74, 179.79, 102.37], [101.91, 192.04, 57.16, 40.66], [319.67, 139.8, 114.17, 221.76], [261.46, 5.53, 353.98, 368.1]]"
484,/home/pi/sambashare/BacArbeit/cocoval2017/000000520871.jpg,3.1969545030001427,"['39: bottle', '42: fork', '41: cup', '55: cake', '41: cup', '44: spoon']","[39, 42, 41, 55, 41, 44]","[0.89677536, 0.83414954, 0.77645737, 0.7498852, 0.5065797, 0.3358751]","[[411.92, 30.97, 89.88, 158.61], [1.25, 157.64, 284.48, 60.65], [462.33, 12.43, 102.53, 118.05], [19.99, 172.44, 564.54, 243.15], [588.32, 48.41, 51.35, 91.32], [2.58, 183.03, 217.86, 32.92]]"
485,/home/pi/sambashare/BacArbeit/cocoval2017/000000139260.jpg,3.190326943999935,['55: cake'],[55],[0.7027456],"[[63.09, 102.74, 559.63, 261.61]]"
486,/home/pi/sambashare/BacArbeit/cocoval2017/000000442463.jpg,3.1859752149998712,"['0: person', '36: skateboard']","[0, 36]","[0.95253605, 0.8920587]","[[204.16, 247.65, 175.3, 218.62], [214.85, 449.08, 158.94, 39.57]]"
487,/home/pi/sambashare/BacArbeit/cocoval2017/000000193348.jpg,3.1868916839998747,"['79: toothbrush', '0: person']","[79, 0]","[0.82261384, 0.74041516]","[[259.71, 392.8, 165.6, 188.15], [9.33, 73.77, 415.81, 562.95]]"
488,/home/pi/sambashare/BacArbeit/cocoval2017/000000400367.jpg,3.174479952999718,"['2: car', '2: car', '2: car', '2: car', '2: car', '2: car', '2: car', '2: car', '2: car', '9: traffic light', '2: car', '2: car', '2: car', '9: traffic light', '2: car', '2: car', '9: traffic light']","[2, 2, 2, 2, 2, 2, 2, 2, 2, 9, 2, 2, 2, 9, 2, 2, 9]","[0.9203486, 0.8817138, 0.8503082, 0.73865265, 0.7336929, 0.7284477, 0.5880716, 0.5866353, 0.58652073, 0.5475344, 0.5180368, 0.51392, 0.39445767, 0.34789413, 0.31677905, 0.29504982, 0.25641197]","[[9.31, 241.13, 119.35, 85.28], [187.13, 233.53, 38.76, 29.04], [100.65, 242.68, 49.11, 67.29], [393.09, 238.95, 42.63, 21.72], [152.8, 235.88, 28.29, 55.24], [216.48, 232.82, 18.33, 23.21], [1, 240.32, 38.68, 59.79], [106.1, 234.78, 70.68, 58.57], [375.63, 229.85, 28.93, 22.0], [270.03, 168.92, 9.84, 15.54], [351.91, 234.78, 16.72, 14.51], [382.98, 238.07, 21.92, 16.29], [230.2, 231.96, 18.92, 12.34], [208.6, 199.89, 7.98, 9.96], [364.58, 235.41, 14.54, 14.21], [327.19, 235.8, 15.65, 7.58], [327.1, 173.56, 13.21, 14.93]]"
489,/home/pi/sambashare/BacArbeit/cocoval2017/000000193162.jpg,3.203553603999808,"['18: sheep', '18: sheep', '17: horse', '0: person', '2: car']","[18, 18, 17, 0, 2]","[0.8996563, 0.89054936, 0.8617554, 0.84192985, 0.34079286]","[[1, 249.43, 75.41, 97.72], [101.0, 220.49, 75.09, 68.43], [302.29, 134.35, 151.27, 200.81], [394.14, 97.73, 95.09, 67.76], [440.78, 180.16, 66.38, 92.28]]"
490,/home/pi/sambashare/BacArbeit/cocoval2017/000000300659.jpg,3.1882240869999805,"['4: airplane', '4: airplane', '4: airplane', '4: airplane', '4: airplane', '4: airplane', '4: airplane']","[4, 4, 4, 4, 4, 4, 4]","[0.91330373, 0.9091713, 0.9076581, 0.90704125, 0.8915878, 0.88835776, 0.87681407]","[[228.51, 62.32, 25.61, 47.92], [268.33, 114.51, 27.75, 48.62], [310.99, 222.36, 28.95, 47.21], [253.93, 179.78, 29.8, 46.72], [202.38, 193.87, 31.18, 45.92], [305.51, 283.41, 29.54, 47.06], [307.77, 165.04, 29.09, 47.55]]"
491,/home/pi/sambashare/BacArbeit/cocoval2017/000000306136.jpg,3.183022092999636,"['5: bus', '0: person', '1: bicycle', '0: person', '0: person', '0: person']","[5, 0, 1, 0, 0, 0]","[0.9094687, 0.7707246, 0.7666124, 0.6917534, 0.6186077, 0.4673773]","[[121.07, 326.85, 305.33, 283.8], [96.14, 427.49, 28.68, 87.88], [36.03, 443.4, 52.19, 115.29], [80.57, 445.08, 30.35, 106.33], [385.92, 404.56, 22.88, 46.92], [159.43, 430.47, 17.25, 45.0]]"
492,/home/pi/sambashare/BacArbeit/cocoval2017/000000326082.jpg,3.181271332000051,"['56: chair', '57: couch', '62: tv', '56: chair', '74: clock', '56: chair', '56: chair', '56: chair', '45: bowl', '56: chair', '60: dining table', '73: book', '33: kite', '41: cup', '65: remote']","[56, 57, 62, 56, 74, 56, 56, 56, 45, 56, 60, 73, 33, 41, 65]","[0.9331983, 0.92960143, 0.88136786, 0.85405797, 0.8352015, 0.8029836, 0.77487445, 0.6894789, 0.68556994, 0.6202013, 0.61226445, 0.43409428, 0.39695475, 0.32550845, 0.253064]","[[24.26, 209.96, 114.04, 96.71], [1, 264.62, 271.6, 160.11], [228.54, 202.62, 45.46, 31.2], [527.68, 223.42, 51.12, 21.7], [604.79, 75.99, 34.57, 29.38], [478.56, 253.51, 88.49, 157.99], [474.28, 226.64, 16.51, 22.64], [457.71, 231.8, 22.84, 29.09], [519.72, 241.13, 59.09, 21.27], [609.91, 234.87, 25.63, 55.47], [447.78, 237.1, 173.19, 184.94], [152.82, 264.37, 44.38, 15.48], [39.77, 1, 48.44, 12.86], [254.2, 270.16, 9.85, 10.41], [1, 298.31, 7.37, 5.86]]"
493,/home/pi/sambashare/BacArbeit/cocoval2017/000000213593.jpg,3.190537269000288,"['11: stop sign', '2: car', '2: car', '2: car', '2: car', '0: person', '2: car', '2: car', '2: car', '2: car', '0: person', '2: car', '0: person']","[11, 2, 2, 2, 2, 0, 2, 2, 2, 2, 0, 2, 0]","[0.9473241, 0.869187, 0.83361506, 0.82501537, 0.8145374, 0.75812465, 0.7474038, 0.7231377, 0.712822, 0.6338724, 0.45600185, 0.30050796, 0.2698336]","[[132.44, 88.05, 125.57, 132.24], [199.02, 378.57, 73.68, 47.29], [94.6, 410.76, 61.2, 15.06], [391.69, 399.65, 70.91, 26.08], [260.03, 383.28, 60.31, 42.65], [520.52, 386.0, 24.95, 40.0], [314.81, 385.88, 50.83, 36.72], [114.11, 397.67, 69.04, 28.07], [362.5, 384.29, 46.02, 37.78], [430.11, 386.59, 58.67, 38.99], [547.96, 384.26, 17.07, 41.35], [164.85, 396.3, 68.04, 29.7], [509.31, 384.75, 20.56, 39.27]]"
494,/home/pi/sambashare/BacArbeit/cocoval2017/000000276921.jpg,3.1862798309998652,"['77: teddy bear', '77: teddy bear']","[77, 77]","[0.8781734, 0.8703891]","[[40.69, 200.92, 200.84, 320.64], [203.09, 232.13, 163.67, 372.56]]"
495,/home/pi/sambashare/BacArbeit/cocoval2017/000000188296.jpg,3.181650761000128,"['0: person', '0: person', '0: person', '0: person', '0: person', '0: person', '2: car', '32: sports ball', '35: baseball glove', '35: baseball glove']","[0, 0, 0, 0, 0, 0, 2, 32, 35, 35]","[0.92407656, 0.9131113, 0.89651275, 0.88854706, 0.8526235, 0.76694167, 0.617719, 0.5696333, 0.5018743, 0.48810026]","[[75.09, 207.88, 162.88, 294.48], [440.82, 139.48, 166.77, 461.04], [403.55, 246.79, 75.17, 219.13], [568.32, 173.67, 71.43, 292.6], [249.34, 36.83, 128.79, 411.17], [190.03, 111.32, 122.14, 364.01], [1, 289.48, 118.17, 97.68], [298.22, 38.86, 24.88, 29.02], [601.09, 286.42, 37.23, 34.92], [586.77, 246.9, 51.41, 119.23]]"
496,/home/pi/sambashare/BacArbeit/cocoval2017/000000445834.jpg,3.1756864489998406,"['0: person', '0: person', '5: bus', '0: person', '0: person']","[0, 0, 5, 0, 0]","[0.92187256, 0.90545285, 0.9002998, 0.87834084, 0.7332162]","[[424.3, 184.68, 90.39, 225.77], [542.15, 190.76, 64.49, 223.56], [159.74, 9.57, 406.89, 385.3], [282.74, 92.33, 86.48, 126.23], [355.66, 135.11, 66.22, 88.36]]"
497,/home/pi/sambashare/BacArbeit/cocoval2017/000000345941.jpg,3.1898721990000922,"['44: spoon', '55: cake', '55: cake']","[44, 55, 55]","[0.7477176, 0.538884, 0.46030605]","[[379.35, 110.55, 114.71, 102.31], [48.12, 36.34, 494.88, 513.72], [281.46, 35.89, 139.58, 212.43]]"
498,/home/pi/sambashare/BacArbeit/cocoval2017/000000250282.jpg,3.187922460000209,"['0: person', '0: person', '27: tie', '0: person', '27: tie', '27: tie', '27: tie', '0: person', '0: person', '27: tie', '27: tie', '0: person', '27: tie', '0: person', '0: person', '27: tie', '0: person', '0: person', '27: tie', '0: person']","[0, 0, 27, 0, 27, 27, 27, 0, 0, 27, 27, 0, 27, 0, 0, 27, 0, 0, 27, 0]","[0.64882797, 0.6378591, 0.5929759, 0.57090986, 0.5493164, 0.5027923, 0.4772273, 0.46702096, 0.45828703, 0.43873784, 0.36687565, 0.36318234, 0.35861364, 0.3192152, 0.31852028, 0.31081986, 0.27508628, 0.2703004, 0.26948142, 0.26539662]","[[459.76, 269.68, 99.21, 145.93], [541.36, 269.15, 97.22, 146.45], [369.25, 231.21, 12.44, 48.21], [1, 196.33, 72.3, 189.68], [156.63, 308.72, 9.09, 18.64], [426.03, 313.02, 11.06, 17.24], [496.38, 317.37, 11.92, 15.67], [173.31, 275.29, 87.79, 136.5], [321.53, 271.2, 95.03, 145.24], [358.13, 310.66, 9.43, 22.58], [556.6, 136.13, 9.32, 17.19], [397.82, 270.54, 67.8, 143.03], [285.4, 309.13, 10.27, 21.17], [477.66, 203.72, 72.18, 115.1], [110.06, 265.97, 81.96, 133.29], [487.56, 303.02, 30.42, 47.73], [549.23, 201.45, 86.41, 170.56], [412.11, 199.76, 67.93, 117.38], [514.67, 88.95, 6.83, 14.04], [64.6, 188.27, 71.37, 130.16]]"
499,/home/pi/sambashare/BacArbeit/cocoval2017/000000080022.jpg,3.1990250680000827,"['0: person', '38: tennis racket', '32: sports ball']","[0, 38, 32]","[0.83588886, 0.8179363, 0.8116558]","[[273.5, 109.27, 151.52, 315.76], [302.63, 247.24, 95.3, 62.05], [306.37, 249.46, 17.59, 16.33]]"
500,/home/pi/sambashare/BacArbeit/cocoval2017/000000486104.jpg,3.180215379999936,"['0: person', '0: person', '0: person', '0: person', '35: baseball glove', '0: person', '0: person', '0: person']","[0, 0, 0, 0, 35, 0, 0, 0]","[0.9106412, 0.9065163, 0.869817, 0.6214272, 0.44462404, 0.302988, 0.28847253, 0.26539096]","[[139.55, 174.17, 39.71, 64.3], [223.84, 148.27, 50.07, 89.7], [84.42, 132.54, 40.22, 101.91], [138.31, 129.48, 27.34, 60.35], [169.42, 213.2, 9.55, 10.51], [331.38, 102.1, 23.28, 30.85], [138.95, 10.39, 21.72, 28.01], [332.21, 145.14, 19.69, 41.47]]"
501,/home/pi/sambashare/BacArbeit/cocoval2017/000000320632.jpg,3.1916849019999063,"['22: zebra', '22: zebra', '22: zebra', '22: zebra', '22: zebra', '22: zebra', '22: zebra']","[22, 22, 22, 22, 22, 22, 22]","[0.7632693, 0.69746137, 0.5507079, 0.39601937, 0.3681994, 0.3677534, 0.3350917]","[[1, 246.0, 231.18, 232.87], [1, 84.23, 635.27, 392.67], [244.38, 50.82, 367.48, 217.7], [237.58, 50.0, 177.44, 190.41], [1, 68.28, 96.6, 152.77], [190.06, 89.74, 83.77, 94.83], [1, 77.7, 276.57, 142.06]]"
502,/home/pi/sambashare/BacArbeit/cocoval2017/000000277197.jpg,3.1847345060000407,"['56: chair', '57: couch', '56: chair', '75: vase', '57: couch', '75: vase', '73: book', '73: book']","[56, 57, 56, 75, 57, 75, 73, 73]","[0.93034613, 0.9302316, 0.8305855, 0.8109921, 0.7182709, 0.6736039, 0.30566782, 0.28793454]","[[27.34, 242.77, 111.83, 145.19], [425.43, 244.84, 173.72, 167.68], [301.68, 243.86, 72.25, 95.67], [245.24, 310.55, 63.99, 47.2], [89.38, 251.67, 158.98, 77.38], [161.45, 265.89, 29.01, 20.41], [245.68, 181.4, 24.39, 18.11], [204.44, 179.75, 26.6, 18.94]]"
503,/home/pi/sambashare/BacArbeit/cocoval2017/000000435205.jpg,3.19263911500002,"['77: teddy bear', '0: person', '76: scissors', '0: person']","[77, 0, 76, 0]","[0.93694544, 0.39073348, 0.36491787, 0.31862763]","[[10.75, 96.6, 188.98, 214.14], [392.09, 138.74, 106.59, 192.79], [410.05, 189.77, 64.97, 143.07], [128.93, 1, 370.68, 326.18]]"
504,/home/pi/sambashare/BacArbeit/cocoval2017/000000190648.jpg,3.1969436549998136,"['56: chair', '59: bed', '59: bed']","[56, 59, 59]","[0.9179004, 0.84335136, 0.67621374]","[[311.82, 228.98, 105.79, 60.66], [80.19, 261.95, 434.69, 216.16], [418.65, 345.8, 219.52, 133.41]]"
505,/home/pi/sambashare/BacArbeit/cocoval2017/000000347370.jpg,3.1945358920002036,['77: teddy bear'],[77],[0.47471642],"[[62.31, 1, 412.16, 370.68]]"
506,/home/pi/sambashare/BacArbeit/cocoval2017/000000355325.jpg,3.1850800629999867,"['44: spoon', '40: wine glass', '41: cup', '45: bowl', '45: bowl', '45: bowl', '21: bear', '55: cake', '0: person', '43: knife', '0: person']","[44, 40, 41, 45, 45, 45, 21, 55, 0, 43, 0]","[0.88327056, 0.85132164, 0.8463207, 0.77404106, 0.55789465, 0.49350944, 0.41906083, 0.36171103, 0.29123083, 0.26048765, 0.25215396]","[[46.05, 96.86, 76.13, 69.48], [83.01, 1, 284.07, 358.23], [293.44, 91.86, 171.16, 189.87], [33.92, 118.64, 152.92, 102.47], [386.09, 177.42, 91.2, 213.36], [400.39, 79.62, 76.71, 100.44], [297.6, 534.3, 163.65, 105.33], [68.78, 334.82, 318.9, 302.8], [345.77, 1, 68.28, 97.86], [31.67, 498.95, 152.37, 66.98], [104.54, 1, 310.94, 102.68]]"
507,/home/pi/sambashare/BacArbeit/cocoval2017/000000075393.jpg,3.1973942340000576,[],[],[],[]
508,/home/pi/sambashare/BacArbeit/cocoval2017/000000281179.jpg,3.179794743000002,"['13: bench', '9: traffic light', '9: traffic light', '9: traffic light', '9: traffic light', '9: traffic light', '9: traffic light']","[13, 9, 9, 9, 9, 9, 9]","[0.58032024, 0.5237654, 0.48495537, 0.43444645, 0.30180398, 0.27971345, 0.278196]","[[620.04, 137.17, 19.83, 37.59], [110.79, 1.34, 17.8, 31.16], [171.7, 1, 21.18, 7.32], [213.63, 63.35, 14.08, 19.65], [555.95, 27.01, 35.99, 36.21], [78.02, 20.53, 14.04, 20.74], [437.22, 41.06, 29.13, 24.72]]"
509,/home/pi/sambashare/BacArbeit/cocoval2017/000000541291.jpg,3.1715985569999248,['28: suitcase'],[28],[0.6661786],"[[16.49, 253.83, 261.94, 166.6]]"
510,/home/pi/sambashare/BacArbeit/cocoval2017/000000359677.jpg,3.1833768889996463,"['0: person', '37: surfboard', '37: surfboard', '8: boat']","[0, 37, 37, 8]","[0.7026092, 0.7016938, 0.36122537, 0.32609475]","[[179.16, 292.99, 54.45, 50.68], [199.23, 337.56, 47.2, 14.51], [1, 630.19, 43.2, 9.6], [180.09, 1, 62.75, 344.98]]"
511,/home/pi/sambashare/BacArbeit/cocoval2017/000000164637.jpg,3.18201617800014,['71: sink'],[71],[0.77362317],"[[107.43, 306.71, 270.93, 54.84]]"
512,/home/pi/sambashare/BacArbeit/cocoval2017/000000561679.jpg,3.188906513999882,['2: car'],[2],[0.48383126],"[[245.34, 322.43, 46.21, 27.63]]"
513,/home/pi/sambashare/BacArbeit/cocoval2017/000000444275.jpg,3.1904888109997955,"['68: microwave', '29: frisbee']","[68, 29]","[0.9367027, 0.68969005]","[[347.66, 171.56, 144.03, 77.94], [470.82, 361.07, 51.39, 13.27]]"
514,/home/pi/sambashare/BacArbeit/cocoval2017/000000549390.jpg,3.188647542000126,"['1: bicycle', '0: person', '0: person', '28: suitcase', '0: person', '1: bicycle', '1: bicycle', '26: handbag', '1: bicycle', '1: bicycle', '0: person', '1: bicycle', '0: person', '0: person']","[1, 0, 0, 28, 0, 1, 1, 26, 1, 1, 0, 1, 0, 0]","[0.8863912, 0.8654386, 0.80827564, 0.7407151, 0.7066756, 0.6635363, 0.6602864, 0.642518, 0.604595, 0.5781924, 0.5777546, 0.41607648, 0.3322915, 0.30146167]","[[63.65, 195.0, 313.62, 231.92], [192.94, 63.29, 201.07, 295.08], [436.14, 164.54, 45.14, 87.12], [108.59, 246.51, 94.96, 111.35], [549.83, 188.02, 23.95, 43.41], [548.69, 206.88, 22.81, 31.26], [429.43, 216.58, 50.47, 43.09], [428.09, 200.57, 31.31, 31.69], [596.95, 210.8, 17.87, 33.6], [622.4, 213.29, 15.5, 25.05], [600.05, 188.13, 25.88, 46.11], [587.61, 209.54, 17.37, 26.37], [530.67, 195.17, 10.75, 11.67], [622.45, 193.09, 17.4, 39.55]]"
515,/home/pi/sambashare/BacArbeit/cocoval2017/000000022589.jpg,3.1822584939995977,"['18: sheep', '18: sheep', '18: sheep']","[18, 18, 18]","[0.9249558, 0.5550886, 0.42415783]","[[184.99, 213.02, 179.41, 133.65], [1, 255.16, 406.76, 223.72], [363.18, 305.15, 272.53, 174.39]]"
516,/home/pi/sambashare/BacArbeit/cocoval2017/000000414638.jpg,3.184234843000013,"['42: fork', '43: knife', '41: cup', '48: sandwich', '48: sandwich', '44: spoon', '60: dining table']","[42, 43, 41, 48, 48, 44, 60]","[0.8979987, 0.8900148, 0.86768264, 0.85518336, 0.7780459, 0.69438547, 0.2860463]","[[534.91, 262.75, 72.36, 348.22], [488.72, 261.52, 60.86, 350.36], [26.51, 1, 197.84, 190.12], [287.45, 239.56, 189.72, 253.39], [106.82, 206.03, 229.65, 150.09], [1, 125.03, 96.89, 83.63], [1, 2.53, 611, 595.69]]"
517,/home/pi/sambashare/BacArbeit/cocoval2017/000000438774.jpg,3.173005959999955,"['56: chair', '55: cake', '0: person', '0: person', '60: dining table', '68: microwave', '40: wine glass', '40: wine glass', '40: wine glass', '0: person', '0: person', '71: sink', '56: chair', '39: bottle', '0: person', '41: cup', '40: wine glass']","[56, 55, 0, 0, 60, 68, 40, 40, 40, 0, 0, 71, 56, 39, 0, 41, 40]","[0.9095823, 0.9038155, 0.87507784, 0.847389, 0.81680465, 0.80132604, 0.697531, 0.67923826, 0.67789364, 0.64179873, 0.5283425, 0.5009742, 0.49364826, 0.46067947, 0.39943638, 0.34072414, 0.2973798]","[[531.56, 206.48, 87.55, 51.02], [416.79, 231.28, 72.97, 48.73], [329.72, 46.41, 137.7, 332.46], [156.66, 47.72, 125.54, 322.45], [374.47, 235.33, 264.61, 188.53], [257.89, 95.13, 46.2, 34.2], [323.88, 165.73, 19.11, 35.99], [290.87, 171.26, 14.07, 32.27], [264.88, 158.98, 23.21, 38.41], [220.87, 80.29, 49.55, 106.67], [313.17, 111.38, 45.49, 55.38], [44.17, 180.26, 85.11, 14.35], [614.03, 216.81, 25.86, 42.96], [12.48, 159.28, 16.05, 43.5], [443.3, 66.15, 44.6, 132.33], [300.64, 190.86, 17.14, 15.06], [337.46, 159.88, 18.47, 35.15]]"
518,/home/pi/sambashare/BacArbeit/cocoval2017/000000278973.jpg,3.1776649290000023,"['0: person', '37: surfboard']","[0, 37]","[0.899947, 0.7652522]","[[82.39, 103.19, 193.69, 195.36], [146.57, 287.01, 147.19, 33.47]]"
519,/home/pi/sambashare/BacArbeit/cocoval2017/000000063740.jpg,3.1800982800000384,"['63: laptop', '41: cup', '66: keyboard', '41: cup', '62: tv', '0: person', '62: tv', '67: cell phone', '0: person', '0: person', '66: keyboard', '56: chair', '0: person']","[63, 41, 66, 41, 62, 0, 62, 67, 0, 0, 66, 56, 0]","[0.9401665, 0.9311545, 0.9275938, 0.8858085, 0.8827587, 0.8177476, 0.74037224, 0.70906365, 0.63207346, 0.5714052, 0.50104946, 0.38105923, 0.34449697]","[[391.67, 52.91, 223.75, 201.17], [115.71, 291.0, 60.06, 73.31], [229.15, 331.04, 364.56, 77.43], [269.94, 262.02, 59.73, 48.7], [208.17, 30.9, 202.42, 182.61], [160.97, 87.25, 37.97, 26.01], [1, 116.13, 46.18, 102.65], [15.87, 355.45, 134.46, 75.53], [421.45, 36.67, 59.07, 28.36], [112.93, 98.13, 22.76, 22.09], [407.3, 198.21, 187.13, 24.79], [61.55, 137.12, 30.33, 30.96], [1, 69.57, 12.57, 47.85]]"
520,/home/pi/sambashare/BacArbeit/cocoval2017/000000297022.jpg,3.1774016099998335,"['7: truck', '0: person', '0: person', '0: person']","[7, 0, 0, 0]","[0.9342661, 0.87844497, 0.8027488, 0.44842616]","[[83.5, 122.64, 497.12, 225.31], [124.15, 214.0, 68.53, 116.17], [189.34, 220.89, 52.68, 100.85], [262.16, 145.93, 53.94, 119.14]]"
521,/home/pi/sambashare/BacArbeit/cocoval2017/000000187745.jpg,3.1913926209999772,['4: airplane'],[4],[0.9504263],"[[208.32, 166.87, 113.92, 68.15]]"
522,/home/pi/sambashare/BacArbeit/cocoval2017/000000562059.jpg,3.1982187339999655,"['41: cup', '44: spoon', '47: apple', '45: bowl']","[41, 44, 47, 45]","[0.92683667, 0.9086372, 0.8951407, 0.8743655]","[[1, 69.49, 192.84, 239.15], [203.97, 373.57, 221.82, 164.84], [223.53, 53.11, 149.9, 117.96], [118.78, 138.54, 307.62, 288.73]]"
523,/home/pi/sambashare/BacArbeit/cocoval2017/000000357430.jpg,3.1823524219998944,['53: pizza'],[53],[0.2920371],"[[1, 17.67, 637.66, 409.25]]"
524,/home/pi/sambashare/BacArbeit/cocoval2017/000000210030.jpg,3.171453355000267,"['42: fork', '55: cake', '40: wine glass']","[42, 55, 40]","[0.9392924, 0.8247186, 0.46579373]","[[235.88, 133.2, 160.97, 228.88], [131.65, 68.32, 194.27, 201.32], [390.06, 1, 80.81, 12.77]]"
525,/home/pi/sambashare/BacArbeit/cocoval2017/000000551804.jpg,3.1816289690000303,"['0: person', '38: tennis racket']","[0, 38]","[0.9550287, 0.85737574]","[[216.75, 83.9, 221.01, 279.0], [345.35, 61.56, 43.35, 121.87]]"
526,/home/pi/sambashare/BacArbeit/cocoval2017/000000429718.jpg,3.174883401000443,"['6: train', '0: person']","[6, 0]","[0.9323239, 0.40480804]","[[140.16, 281.37, 217.41, 189.8], [170.7, 322.93, 14.99, 27.4]]"
527,/home/pi/sambashare/BacArbeit/cocoval2017/000000099182.jpg,3.1886183279998477,"['73: book', '0: person', '59: bed']","[73, 0, 59]","[0.58222073, 0.42795235, 0.33538604]","[[135.02, 242.97, 255.4, 91.03], [96.9, 1.39, 282.43, 332.61], [361.89, 170.41, 137.17, 162.97]]"
528,/home/pi/sambashare/BacArbeit/cocoval2017/000000378244.jpg,3.2019128920001094,"['0: person', '30: skis']","[0, 30]","[0.8589189, 0.38118917]","[[136.51, 258.84, 114.32, 121.99], [172.24, 396.51, 87.08, 23.13]]"
529,/home/pi/sambashare/BacArbeit/cocoval2017/000000036539.jpg,3.1795317090000026,"['0: person', '0: person', '31: snowboard', '31: snowboard', '30: skis']","[0, 0, 31, 31, 30]","[0.9352556, 0.9303107, 0.73847896, 0.51669204, 0.30014056]","[[73.26, 354.56, 55.09, 102.27], [173.8, 296.42, 86.35, 237.33], [134.55, 511.92, 170.24, 30.41], [82.64, 434.86, 71.83, 24.29], [243.7, 443.93, 67.88, 23.43]]"
530,/home/pi/sambashare/BacArbeit/cocoval2017/000000244592.jpg,3.178902947000097,"['22: zebra', '22: zebra', '22: zebra']","[22, 22, 22]","[0.89027363, 0.710982, 0.39347947]","[[51.41, 121.96, 122.41, 147.84], [159.09, 69.0, 338.0, 286.5], [144.86, 120.79, 124.4, 140.06]]"
531,/home/pi/sambashare/BacArbeit/cocoval2017/000000428562.jpg,3.1907019850000324,"['18: sheep', '18: sheep', '18: sheep', '18: sheep', '0: person', '18: sheep', '18: sheep', '18: sheep', '18: sheep', '18: sheep', '18: sheep']","[18, 18, 18, 18, 0, 18, 18, 18, 18, 18, 18]","[0.8845432, 0.8776801, 0.8697602, 0.8653891, 0.706804, 0.58745736, 0.55113995, 0.48045087, 0.39514717, 0.37425363, 0.35446563]","[[44.65, 39.62, 407.17, 416.2], [545.38, 1, 93.7, 98.84], [455.19, 97.78, 183.95, 308.17], [338.15, 357.38, 300.62, 121.76], [9.55, 1, 129.58, 159.62], [13.58, 114.57, 190.77, 100.48], [349.78, 26.25, 83.02, 107.02], [431.78, 66.86, 128.45, 119.53], [200.96, 27.91, 231.0, 136.58], [484.95, 66.66, 75.47, 76.29], [309.17, 1, 44.55, 52.39]]"
532,/home/pi/sambashare/BacArbeit/cocoval2017/000000156071.jpg,3.194215618000271,"['0: person', '0: person', '0: person', '0: person', '0: person', '0: person', '2: car', '0: person', '0: person', '0: person', '0: person', '17: horse', '0: person']","[0, 0, 0, 0, 0, 0, 2, 0, 0, 0, 0, 17, 0]","[0.9161066, 0.7771113, 0.7291649, 0.6278553, 0.6029869, 0.49967775, 0.4911562, 0.42746702, 0.42255604, 0.4033995, 0.3436601, 0.30925232, 0.2661051]","[[3.11, 204.37, 133.28, 213.13], [562.94, 83.09, 75.28, 184.4], [503.94, 95.9, 62.99, 171.48], [340.47, 114.91, 67.53, 127.07], [304.46, 206.76, 100.26, 79.95], [469.11, 103.8, 55.13, 159.38], [303.55, 76.68, 121.2, 45.81], [133.43, 457.99, 182.83, 21.96], [1, 89.84, 51.04, 178.8], [253.15, 460.08, 60.42, 19.75], [417.25, 87.46, 37.47, 93.87], [1.14, 40.92, 214.97, 131.21], [213.0, 46.85, 31.17, 65.58]]"
533,/home/pi/sambashare/BacArbeit/cocoval2017/000000481480.jpg,3.1926045299996986,"['17: horse', '17: horse', '0: person', '0: person', '0: person']","[17, 17, 0, 0, 0]","[0.9245298, 0.8269627, 0.7738869, 0.64699495, 0.51711035]","[[220.06, 270.14, 151.69, 74.53], [22.64, 261.71, 138.29, 69.31], [294.53, 263.06, 45.07, 35.38], [612.5, 403.07, 27.37, 40.92], [77.64, 258.97, 49.41, 29.76]]"
534,/home/pi/sambashare/BacArbeit/cocoval2017/000000545007.jpg,3.189160350000293,"['74: clock', '74: clock']","[74, 74]","[0.89802843, 0.8864408]","[[196.49, 298.49, 153.45, 165.63], [71.61, 315.54, 89.37, 182.58]]"
535,/home/pi/sambashare/BacArbeit/cocoval2017/000000020333.jpg,3.186034467000354,"['27: tie', '0: person', '45: bowl']","[27, 0, 45]","[0.88099176, 0.8809566, 0.8520544]","[[170.86, 282.98, 67.12, 226.97], [59.17, 99.93, 307.07, 472.15], [1, 494.46, 252.3, 144.13]]"
536,/home/pi/sambashare/BacArbeit/cocoval2017/000000372466.jpg,3.167781242000274,"['64: mouse', '66: keyboard', '75: vase', '63: laptop']","[64, 66, 75, 63]","[0.93664986, 0.8301522, 0.7858188, 0.3165525]","[[21.84, 116.13, 287.77, 102.85], [1, 76.13, 157.16, 69.9], [311.62, 1, 57.97, 43.64], [174.01, 1.32, 465.99, 152.39]]"
537,/home/pi/sambashare/BacArbeit/cocoval2017/000000131131.jpg,3.193009485999937,"['62: tv', '15: cat', '15: cat']","[62, 15, 15]","[0.8409445, 0.7567422, 0.7413921]","[[53.87, 96.88, 504.06, 353.62], [89.22, 175.22, 284.13, 304.51], [285.38, 168.64, 170.82, 152.06]]"
538,/home/pi/sambashare/BacArbeit/cocoval2017/000000205776.jpg,3.175221982000039,['21: bear'],[21],[0.47052485],"[[64.01, 37.07, 554.28, 381.41]]"
539,/home/pi/sambashare/BacArbeit/cocoval2017/000000426203.jpg,3.1752887399998144,"['36: skateboard', '0: person', '2: car', '1: bicycle', '1: bicycle', '2: car', '2: car', '2: car']","[36, 0, 2, 1, 1, 2, 2, 2]","[0.8935109, 0.8738638, 0.71269435, 0.58694005, 0.41972378, 0.4122415, 0.35801977, 0.25621206]","[[213.17, 247.03, 65.64, 116.84], [176.44, 117.7, 144.58, 193.11], [266.6, 501.28, 39.89, 22.06], [215.64, 472.56, 27.17, 53.41], [179.38, 476.06, 44.52, 50.1], [375.2, 508.34, 19.73, 17.52], [228.47, 496.56, 41.38, 24.96], [265.11, 500.49, 73.19, 27.18]]"
540,/home/pi/sambashare/BacArbeit/cocoval2017/000000112997.jpg,3.1779798980001033,"['67: cell phone', '0: person']","[67, 0]","[0.7449315, 0.45010644]","[[51.99, 69.16, 364.66, 491.14], [1.18, 77.12, 226.04, 387.77]]"
541,/home/pi/sambashare/BacArbeit/cocoval2017/000000025393.jpg,3.186210501000005,"['0: person', '0: person', '27: tie', '2: car', '27: tie', '9: traffic light', '2: car']","[0, 0, 27, 2, 27, 9, 2]","[0.93993604, 0.9134944, 0.8863439, 0.884131, 0.8832779, 0.46880156, 0.25988677]","[[370.05, 136.56, 128.21, 342.19], [149.84, 76.53, 138.02, 401.56], [428.67, 198.4, 24.89, 102.77], [1, 198.21, 71.38, 43.07], [201.93, 140.76, 29.07, 116.74], [67.41, 137.56, 21.33, 22.19], [1, 199.61, 8.56, 19.59]]"
542,/home/pi/sambashare/BacArbeit/cocoval2017/000000521231.jpg,3.183356596000067,['21: bear'],[21],[0.96285397],"[[96.56, 162.74, 244.03, 291.15]]"
543,/home/pi/sambashare/BacArbeit/cocoval2017/000000153011.jpg,3.1898016600002848,"['5: bus', '2: car', '0: person', '0: person', '2: car', '56: chair', '0: person', '0: person', '0: person', '56: chair', '7: truck', '0: person', '0: person', '2: car', '26: handbag', '56: chair', '0: person', '0: person']","[5, 2, 0, 0, 2, 56, 0, 0, 0, 56, 7, 0, 0, 2, 26, 56, 0, 0]","[0.900453, 0.89808196, 0.8943144, 0.8814604, 0.8416851, 0.8387749, 0.8081578, 0.72497815, 0.6402191, 0.6393087, 0.6008414, 0.6005585, 0.5831095, 0.5685045, 0.44439927, 0.2917231, 0.2734106, 0.2538195]","[[478.2, 90.59, 160.85, 215.33], [309.75, 215.35, 88.4, 39.07], [420.46, 211.02, 61.56, 135.2], [95.88, 210.01, 114.38, 172.56], [363.85, 213.92, 56.82, 24.14], [73.98, 284.3, 90.22, 123.61], [218.37, 195.0, 30.2, 94.75], [412.7, 203.66, 29.6, 112.17], [25.02, 219.26, 47.17, 93.54], [21.0, 266.78, 58.69, 76.19], [2.02, 117.21, 309.07, 171.68], [166.25, 195.02, 28.87, 50.59], [1, 206.51, 25.6, 147.19], [462.38, 215.92, 18.9, 23.61], [469.02, 240.7, 14.13, 38.72], [67.0, 257.51, 28.48, 38.53], [15.65, 231.02, 22.13, 45.51], [117.27, 208.6, 23.8, 26.01]]"
544,/home/pi/sambashare/BacArbeit/cocoval2017/000000096825.jpg,3.177631745999861,"['0: person', '30: skis']","[0, 30]","[0.8995873, 0.38748673]","[[285.23, 239.72, 91.7, 161.49], [269.54, 374.89, 70.06, 29.31]]"
545,/home/pi/sambashare/BacArbeit/cocoval2017/000000450202.jpg,3.1810156559999996,"['40: wine glass', '40: wine glass', '40: wine glass', '0: person', '0: person', '60: dining table']","[40, 40, 40, 0, 0, 60]","[0.9291781, 0.9191007, 0.91290945, 0.37792176, 0.28632206, 0.26876077]","[[149.96, 41.03, 90.43, 208.24], [4.52, 43.48, 105.91, 240.45], [270.46, 39.7, 90.26, 212.68], [1, 1, 49.02, 48.76], [1, 3.73, 51.67, 231.13], [1.02, 148.51, 360.08, 340.76]]"
546,/home/pi/sambashare/BacArbeit/cocoval2017/000000255483.jpg,3.176210172000083,"['39: bottle', '76: scissors', '73: book', '0: person', '0: person', '73: book', '73: book']","[39, 76, 73, 0, 0, 73, 73]","[0.7513689, 0.6519927, 0.61989444, 0.5946693, 0.5319426, 0.46087575, 0.3547305]","[[134.77, 63.59, 79.87, 68.15], [171.26, 258.72, 147.2, 40.99], [326.52, 51.74, 120.43, 205.35], [250.81, 213.44, 182.56, 200.61], [8.98, 240.32, 60.71, 177.63], [214.42, 9.24, 214.36, 170.56], [10.99, 122.37, 247.31, 281.78]]"
547,/home/pi/sambashare/BacArbeit/cocoval2017/000000133000.jpg,3.183687179000117,"['6: train', '0: person']","[6, 0]","[0.7773621, 0.2800361]","[[47.38, 178.33, 563.73, 239.45], [99.61, 252.38, 19.55, 11.14]]"
548,/home/pi/sambashare/BacArbeit/cocoval2017/000000547502.jpg,3.1871406979998937,"['16: dog', '16: dog', '16: dog', '16: dog', '29: frisbee']","[16, 16, 16, 16, 29]","[0.94224524, 0.9403163, 0.9208995, 0.900187, 0.7359634]","[[460.38, 200.2, 178.59, 279.22], [347.23, 126.37, 95.27, 124.52], [191.22, 231.64, 104.36, 215.75], [271.83, 220.92, 73.93, 77.21], [466.23, 276.53, 33.54, 44.92]]"
549,/home/pi/sambashare/BacArbeit/cocoval2017/000000161820.jpg,3.1832243650001146,"['46: banana', '59: bed']","[46, 59]","[0.49830782, 0.42755026]","[[129.79, 1, 298.21, 465.88], [1, 1.26, 31.56, 165.39]]"
550,/home/pi/sambashare/BacArbeit/cocoval2017/000000497867.jpg,3.1901544120000835,['5: bus'],[5],[0.9156296],"[[52.61, 65.26, 540.24, 264.1]]"
551,/home/pi/sambashare/BacArbeit/cocoval2017/000000017115.jpg,3.188489989000118,"['22: zebra', '22: zebra']","[22, 22]","[0.9366978, 0.9280699]","[[1, 104.62, 198.0, 488.66], [246.12, 114.26, 192.74, 488.39]]"
552,/home/pi/sambashare/BacArbeit/cocoval2017/000000314034.jpg,3.1790926929998022,"['19: cow', '19: cow', '19: cow', '19: cow', '19: cow', '19: cow', '19: cow', '19: cow', '19: cow', '14: bird', '19: cow', '14: bird', '19: cow', '19: cow', '14: bird', '19: cow', '14: bird', '14: bird', '19: cow', '14: bird', '19: cow', '19: cow', '19: cow']","[19, 19, 19, 19, 19, 19, 19, 19, 19, 14, 19, 14, 19, 19, 14, 19, 14, 14, 19, 14, 19, 19, 19]","[0.9357321, 0.9117064, 0.8528211, 0.8387687, 0.77209014, 0.7149531, 0.69083244, 0.6669129, 0.664857, 0.63831735, 0.61990994, 0.61703223, 0.61018723, 0.6065583, 0.59218794, 0.5903455, 0.56363046, 0.50537366, 0.4999029, 0.49681836, 0.3716715, 0.30262065, 0.27040932]","[[492.01, 220.08, 78.46, 53.54], [135.93, 214.66, 88.01, 50.38], [415.26, 219.99, 47.58, 55.85], [24.34, 206.07, 70.21, 37.69], [424.79, 188.8, 73.43, 39.4], [244.05, 213.84, 35.41, 65.18], [365.05, 221.03, 48.27, 58.56], [323.98, 219.07, 64.53, 58.37], [144.96, 198.45, 67.11, 31.62], [457.62, 292.48, 28.12, 10.67], [5.6, 191.53, 47.09, 26.52], [500.29, 286.14, 29.66, 17.25], [222.15, 204.24, 58.97, 36.02], [238.8, 185.28, 49.64, 22.72], [400.83, 297.83, 32.94, 16.79], [107.69, 196.89, 54.5, 34.66], [347.74, 293.84, 31.13, 10.15], [380.82, 294.53, 29.19, 14.76], [278.9, 217.06, 37.29, 60.01], [318.31, 293.4, 29.71, 15.11], [261.19, 192.43, 45.13, 25.56], [308.92, 212.76, 31.97, 61.82], [233.8, 294.66, 18.36, 7.03]]"
553,/home/pi/sambashare/BacArbeit/cocoval2017/000000143998.jpg,3.1928257549998307,"['73: book', '0: person']","[73, 0]","[0.49462146, 0.2735796]","[[364.99, 131.16, 245.77, 196.63], [6.34, 2.12, 603.96, 607.12]]"
554,/home/pi/sambashare/BacArbeit/cocoval2017/000000255536.jpg,3.180635121999785,"['56: chair', '56: chair', '56: chair', '56: chair', '25: umbrella', '0: person', '0: person', '0: person']","[56, 56, 56, 56, 25, 0, 0, 0]","[0.90533155, 0.87265635, 0.81677383, 0.7636284, 0.7035643, 0.3887544, 0.28861794, 0.2526508]","[[165.4, 225.51, 77.6, 96.55], [27.02, 220.26, 46.96, 85.95], [70.09, 236.21, 50.88, 76.64], [114.16, 232.18, 47.24, 83.32], [182.77, 119.4, 193.17, 185.88], [120.27, 119.11, 28.74, 32.31], [134.33, 120.04, 18.44, 28.87], [135.04, 121.76, 34.92, 30.45]]"
555,/home/pi/sambashare/BacArbeit/cocoval2017/000000051326.jpg,3.185020041000371,"['75: vase', '75: vase', '75: vase']","[75, 75, 75]","[0.8880888, 0.6612964, 0.44636577]","[[343.3, 181.24, 296.05, 243.96], [129.28, 1, 283.77, 419.48], [122.31, 212.89, 184.17, 214.11]]"
556,/home/pi/sambashare/BacArbeit/cocoval2017/000000060347.jpg,3.178455212999779,['0: person'],[0],[0.9161814],"[[103.14, 234.67, 264.89, 357.88]]"
557,/home/pi/sambashare/BacArbeit/cocoval2017/000000553731.jpg,3.1982923139999,"['0: person', '0: person', '0: person', '24: backpack', '67: cell phone', '0: person', '0: person']","[0, 0, 0, 24, 67, 0, 0]","[0.8875918, 0.72153205, 0.6633997, 0.5558892, 0.41469747, 0.31596103, 0.26419362]","[[169.4, 61.82, 262.36, 365.14], [468.95, 4.6, 170.07, 420.18], [584.44, 198.11, 54.99, 228.75], [4.01, 118.93, 132.28, 86.95], [316.73, 132.6, 33.38, 30.58], [364.04, 136.15, 60.84, 73.93], [1, 117.99, 26.12, 85.47]]"
558,/home/pi/sambashare/BacArbeit/cocoval2017/000000338905.jpg,3.160079904000213,"['0: person', '56: chair', '0: person', '0: person', '0: person', '56: chair', '56: chair', '56: chair', '40: wine glass', '0: person', '60: dining table', '41: cup', '56: chair', '0: person', '41: cup', '41: cup', '0: person', '41: cup', '42: fork', '0: person', '56: chair', '41: cup', '41: cup', '0: person', '39: bottle', '42: fork', '40: wine glass', '56: chair', '56: chair', '0: person']","[0, 56, 0, 0, 0, 56, 56, 56, 40, 0, 60, 41, 56, 0, 41, 41, 0, 41, 42, 0, 56, 41, 41, 0, 39, 42, 40, 56, 56, 0]","[0.89876425, 0.87083596, 0.85523456, 0.8328931, 0.80982995, 0.8035392, 0.8018719, 0.7685416, 0.7271718, 0.70033765, 0.58722067, 0.53804266, 0.5001483, 0.47369796, 0.44988132, 0.42537168, 0.3820262, 0.36634848, 0.3552061, 0.34121943, 0.3403803, 0.32008836, 0.31666166, 0.312025, 0.30978942, 0.27697346, 0.26950148, 0.26678884, 0.26240203, 0.25074804]","[[259.34, 230.41, 147.85, 128.95], [4.52, 245.19, 146.48, 114.71], [84.81, 162.88, 83.03, 121.96], [72.47, 203.47, 137.58, 135.89], [369.92, 223.51, 110.02, 136.23], [74.89, 195.65, 26.85, 53.87], [52.45, 216.13, 40.78, 85.12], [90.15, 180.01, 23.24, 42.3], [258.96, 297.86, 28.5, 32.57], [185.58, 146.81, 50.31, 50.42], [167.52, 194.06, 145.33, 163.15], [243.08, 277.77, 21.28, 48.7], [241.04, 145.16, 35.07, 42.25], [117.06, 142.9, 92.13, 57.17], [222.57, 224.09, 10.46, 22.39], [252.18, 257.24, 15.19, 19.19], [264.92, 154.48, 32.12, 67.29], [210.71, 211.75, 14.62, 23.31], [183.8, 277.26, 21.7, 14.24], [286.05, 172.34, 59.27, 67.45], [214.51, 142.58, 23.13, 40.61], [226.77, 257.07, 27.53, 39.3], [276.09, 265.01, 14.86, 40.59], [203.95, 127.21, 29.56, 20.42], [241.15, 242.89, 12.72, 27.35], [181.44, 325.58, 19.14, 19.68], [226.34, 191.86, 11.17, 19.72], [1, 351.67, 76.49, 8.11], [1, 275.95, 11.47, 55.2], [286.69, 172.81, 110.03, 113.47]]"
559,/home/pi/sambashare/BacArbeit/cocoval2017/000000066886.jpg,3.1833419499998854,"['0: person', '79: toothbrush', '32: sports ball']","[0, 79, 32]","[0.89872885, 0.819951, 0.33891416]","[[137.6, 36.71, 469.33, 389.85], [438.58, 99.89, 122.73, 199.62], [83.71, 294.31, 138.14, 132.69]]"
560,/home/pi/sambashare/BacArbeit/cocoval2017/000000350054.jpg,3.1882048160000522,"['62: tv', '56: chair', '15: cat', '56: chair', '68: microwave', '69: oven']","[62, 56, 15, 56, 68, 69]","[0.8421872, 0.7728814, 0.40324122, 0.37277934, 0.29267517, 0.26003754]","[[180.3, 193.24, 162.38, 110.93], [1, 260.16, 116.18, 113.95], [226.92, 92.0, 70.57, 151.07], [26.38, 140.59, 50.97, 16.55], [476.65, 180.47, 22.81, 48.05], [441.35, 217.8, 58.41, 156.29]]"
561,/home/pi/sambashare/BacArbeit/cocoval2017/000000530836.jpg,3.178332982000029,"['72: refrigerator', '72: refrigerator', '69: oven', '39: bottle', '45: bowl', '45: bowl']","[72, 72, 69, 39, 45, 45]","[0.87751, 0.7700918, 0.6468697, 0.5773704, 0.5072835, 0.36729416]","[[1, 207.59, 56.44, 206.7], [567.2, 215.76, 72.3, 182.44], [75.83, 273.46, 119.63, 85.29], [340.52, 279.3, 17.04, 35.93], [1, 190.61, 29.22, 19.54], [600.27, 205.45, 21.62, 10.27]]"
562,/home/pi/sambashare/BacArbeit/cocoval2017/000000125072.jpg,3.172276634999889,"['19: cow', '19: cow', '19: cow', '19: cow', '19: cow', '19: cow', '19: cow', '19: cow', '19: cow', '19: cow', '19: cow']","[19, 19, 19, 19, 19, 19, 19, 19, 19, 19, 19]","[0.82857174, 0.8155279, 0.75093204, 0.6975185, 0.5798903, 0.35592705, 0.32778752, 0.31522545, 0.3119366, 0.2855052, 0.27767023]","[[223.12, 197.22, 29.18, 15.55], [183.69, 195.62, 25.25, 14.33], [45.44, 201.14, 16.34, 12.54], [135.95, 197.35, 19.77, 10.03], [89.14, 197.05, 16.42, 11.99], [318.86, 205.93, 60.18, 20.55], [283.42, 199.63, 20.92, 5.63], [301.28, 199.24, 26.07, 8.88], [8.47, 198.0, 25.68, 11.96], [323.15, 198.57, 24.82, 8.77], [253.53, 207.32, 18.22, 6.44]]"
563,/home/pi/sambashare/BacArbeit/cocoval2017/000000043314.jpg,3.187698965999971,"['0: person', '30: skis', '30: skis']","[0, 30, 30]","[0.8595861, 0.5458466, 0.40131897]","[[196.29, 103.99, 140.68, 101.79], [140.49, 143.93, 175.75, 98.84], [230.71, 62.86, 64.9, 137.67]]"
564,/home/pi/sambashare/BacArbeit/cocoval2017/000000023230.jpg,3.1700048210000205,"['14: bird', '14: bird', '14: bird', '14: bird']","[14, 14, 14, 14]","[0.8387767, 0.8077042, 0.801677, 0.68205655]","[[104.28, 216.32, 43.79, 22.11], [313.68, 253.96, 47.43, 27.44], [361.84, 250.48, 51.83, 28.73], [1, 233.78, 35.84, 11.54]]"
565,/home/pi/sambashare/BacArbeit/cocoval2017/000000067310.jpg,3.1896752560001005,"['0: person', '36: skateboard', '0: person', '0: person', '0: person', '0: person']","[0, 36, 0, 0, 0, 0]","[0.95662004, 0.9179439, 0.87621105, 0.86963576, 0.6579742, 0.3989778]","[[12.03, 97.47, 228.49, 273.1], [121.4, 287.91, 107.93, 97.37], [185.72, 403.6, 61.75, 123.7], [134.89, 425.66, 66.44, 96.95], [1, 409.58, 24.77, 60.94], [132.66, 433.1, 28.67, 50.83]]"
566,/home/pi/sambashare/BacArbeit/cocoval2017/000000498709.jpg,3.188727287000347,"['2: car', '2: car', '3: motorcycle']","[2, 2, 3]","[0.7539919, 0.70617193, 0.5913244]","[[1, 172.69, 26.56, 73.72], [21.85, 154.46, 80.24, 91.31], [11.72, 51.4, 625.2, 348.23]]"
567,/home/pi/sambashare/BacArbeit/cocoval2017/000000228981.jpg,3.1719892870000876,"['67: cell phone', '67: cell phone', '67: cell phone']","[67, 67, 67]","[0.9321102, 0.93206644, 0.8551519]","[[99.69, 134.09, 142.29, 219.97], [400.94, 151.17, 87.27, 187.68], [261.01, 144.1, 115.58, 204.32]]"
568,/home/pi/sambashare/BacArbeit/cocoval2017/000000250619.jpg,3.195210299000337,"['0: person', '25: umbrella', '26: handbag', '26: handbag', '25: umbrella', '0: person']","[0, 25, 26, 26, 25, 0]","[0.8784212, 0.5154401, 0.43943954, 0.419673, 0.3741749, 0.35948646]","[[262.59, 297.84, 193.86, 69.16], [200.12, 104.95, 286.76, 218.66], [221.17, 306.72, 30.02, 35.02], [180.18, 306.3, 44.1, 38.54], [200.26, 105.92, 286.92, 97.18], [625.65, 170.51, 14.03, 6.29]]"
569,/home/pi/sambashare/BacArbeit/cocoval2017/000000402519.jpg,3.17814771500025,"['14: bird', '14: bird']","[14, 14]","[0.88692087, 0.4358436]","[[267.22, 181.61, 90.99, 220.24], [511.51, 1, 55.86, 145.87]]"
570,/home/pi/sambashare/BacArbeit/cocoval2017/000000539143.jpg,3.1789095159997487,['6: train'],[6],[0.9240531],"[[1, 135.87, 605.11, 226.52]]"
571,/home/pi/sambashare/BacArbeit/cocoval2017/000000238866.jpg,3.19094326000004,"['54: donut', '54: donut', '54: donut', '54: donut', '54: donut', '54: donut', '54: donut', '54: donut', '54: donut', '54: donut', '54: donut', '54: donut', '54: donut', '54: donut', '54: donut', '54: donut', '54: donut', '54: donut', '54: donut', '54: donut', '54: donut', '54: donut', '54: donut', '54: donut', '54: donut', '54: donut']","[54, 54, 54, 54, 54, 54, 54, 54, 54, 54, 54, 54, 54, 54, 54, 54, 54, 54, 54, 54, 54, 54, 54, 54, 54, 54]","[0.8954248, 0.82839423, 0.79641855, 0.7961009, 0.7760566, 0.757485, 0.7513721, 0.73011446, 0.7033492, 0.7015582, 0.6878097, 0.61219966, 0.610692, 0.56350774, 0.562545, 0.56240463, 0.5545792, 0.51244915, 0.4731647, 0.44774473, 0.39435214, 0.38746628, 0.32701132, 0.30379918, 0.28968155, 0.26730222]","[[30.8, 222.29, 128.53, 98.96], [141.18, 195.99, 106.26, 86.12], [168.7, 271.0, 124.18, 96.11], [352.0, 248.31, 116.9, 83.77], [245.13, 226.09, 112.78, 80.78], [112.81, 329.72, 126.46, 108.24], [395.07, 319.94, 124.01, 107.86], [192.96, 147.88, 101.89, 81.43], [376.32, 194.38, 98.44, 72.07], [275.19, 301.63, 121.01, 113.93], [463.48, 268.96, 108.86, 91.5], [220.33, 381.22, 128.93, 57.31], [111.54, 125.13, 97.24, 73.25], [386.12, 141.27, 94.47, 64.35], [284.98, 173.78, 99.13, 77.77], [50.87, 169.23, 103.05, 64.76], [471.21, 214.44, 101.27, 71.17], [477.38, 163.72, 104.39, 65.32], [215.14, 103.56, 94.54, 63.88], [352.63, 412.91, 115.42, 25.59], [306.9, 120.67, 83.65, 66.24], [133.0, 83.16, 93.29, 57.79], [503.53, 124.51, 91.42, 61.98], [493.32, 81.66, 85.36, 51.25], [419.22, 104.39, 87.92, 58.46], [171.2, 48.12, 86.35, 59.3]]"
572,/home/pi/sambashare/BacArbeit/cocoval2017/000000362520.jpg,3.1912531019997914,"['36: skateboard', '0: person']","[36, 0]","[0.9161086, 0.78731996]","[[60.37, 267.66, 363.63, 278.17], [61.1, 133.68, 270.18, 298.81]]"
573,/home/pi/sambashare/BacArbeit/cocoval2017/000000251140.jpg,3.175987827999961,"['0: person', '0: person', '1: bicycle', '38: tennis racket']","[0, 0, 1, 38]","[0.86610967, 0.6599167, 0.65603733, 0.6255851]","[[124.23, 200.88, 72.15, 222.33], [190.21, 277.72, 81.05, 183.58], [176.41, 290.98, 175.71, 172.38], [186.07, 208.93, 29.01, 105.54]]"
574,/home/pi/sambashare/BacArbeit/cocoval2017/000000541123.jpg,3.2013354059999983,"['0: person', '0: person', '0: person', '0: person', '0: person', '38: tennis racket', '56: chair', '0: person', '32: sports ball', '0: person', '38: tennis racket', '0: person', '0: person', '0: person']","[0, 0, 0, 0, 0, 38, 56, 0, 32, 0, 38, 0, 0, 0]","[0.9407352, 0.9388662, 0.91312426, 0.91111773, 0.8144566, 0.8047979, 0.7741014, 0.7576093, 0.559626, 0.40816718, 0.36208513, 0.3519055, 0.34278232, 0.2634183]","[[304.51, 268.09, 60.28, 86.52], [107.41, 255.43, 61.18, 82.49], [382.05, 161.56, 29.53, 67.12], [528.99, 178.29, 41.98, 62.68], [352.41, 134.88, 18.32, 53.66], [304.6, 289.48, 16.42, 15.84], [324.06, 164.29, 17.38, 23.17], [76.93, 165.34, 23.97, 39.85], [292.97, 227.13, 4.2, 4.14], [460.34, 103.12, 20.1, 31.24], [560.31, 188.48, 9.97, 10.62], [384.11, 146.34, 13.48, 28.51], [1, 178.82, 16.56, 28.88], [529.54, 78.01, 16.24, 17.73]]"
575,/home/pi/sambashare/BacArbeit/cocoval2017/000000356432.jpg,3.1911584100002983,"['56: chair', '57: couch', '57: couch', '65: remote']","[56, 57, 57, 65]","[0.919341, 0.91881394, 0.88491106, 0.72051996]","[[1, 305.36, 67.9, 109.65], [133.54, 187.47, 380.27, 202.4], [545.93, 204.25, 93.51, 160.52], [459.27, 306.56, 93.41, 23.29]]"
576,/home/pi/sambashare/BacArbeit/cocoval2017/000000172396.jpg,3.1728187069998057,['55: cake'],[55],[0.3525874],"[[124.8, 97.11, 404.35, 165.19]]"
577,/home/pi/sambashare/BacArbeit/cocoval2017/000000065798.jpg,3.1778041709999343,"['0: person', '0: person', '0: person', '0: person', '35: baseball glove', '34: baseball bat', '0: person']","[0, 0, 0, 0, 35, 34, 0]","[0.92619675, 0.8972344, 0.73181885, 0.627552, 0.54603523, 0.33451796, 0.2795389]","[[477.69, 275.22, 48.28, 108.27], [275.58, 251.57, 43.59, 63.06], [194.92, 250.79, 26.27, 65.69], [216.96, 273.87, 27.97, 42.89], [241.67, 298.86, 10.7, 8.94], [286.94, 236.62, 15.21, 21.07], [208.29, 242.39, 20.03, 48.21]]"
578,/home/pi/sambashare/BacArbeit/cocoval2017/000000106235.jpg,3.2005546669997784,"['57: couch', '57: couch', '57: couch', '58: potted plant', '41: cup', '65: remote', '58: potted plant', '65: remote', '65: remote', '26: handbag']","[57, 57, 57, 58, 41, 65, 58, 65, 65, 26]","[0.9458367, 0.8347125, 0.7984276, 0.63838536, 0.46233386, 0.40600094, 0.35339162, 0.3336538, 0.2748106, 0.258286]","[[133.5, 118.65, 392.3, 230.32], [530.64, 143.77, 108.68, 172.21], [3.06, 277.07, 343.51, 201.42], [200.14, 29.75, 67.88, 116.89], [470.64, 244.66, 28.06, 37.47], [111.68, 243.2, 59.88, 17.5], [263.05, 26.69, 72.81, 113.03], [114.71, 252.57, 61.1, 13.86], [92.55, 244.65, 24.13, 16.82], [473.76, 89.12, 85.5, 32.75]]"
579,/home/pi/sambashare/BacArbeit/cocoval2017/000000437205.jpg,3.2072149790001276,"['0: person', '46: banana']","[0, 46]","[0.79091847, 0.2564529]","[[6.83, 11.2, 371.89, 628.8], [60.18, 292.67, 99.9, 207.94]]"
580,/home/pi/sambashare/BacArbeit/cocoval2017/000000553776.jpg,3.1880921120000494,"['3: motorcycle', '0: person']","[3, 0]","[0.84645844, 0.78995913]","[[217.29, 219.39, 345.23, 264.9], [218.19, 137.86, 209.77, 314.07]]"
581,/home/pi/sambashare/BacArbeit/cocoval2017/000000119516.jpg,3.1891160179998224,"['0: person', '1: bicycle', '5: bus', '26: handbag', '1: bicycle', '2: car', '0: person', '9: traffic light', '9: traffic light', '9: traffic light', '2: car']","[0, 1, 5, 26, 1, 2, 0, 9, 9, 9, 2]","[0.8917167, 0.8497072, 0.8405119, 0.66073185, 0.57927996, 0.56598413, 0.3853283, 0.34502512, 0.34080294, 0.31565607, 0.29332224]","[[368.4, 206.05, 44.54, 146.08], [422.87, 238.82, 24.41, 42.46], [182.12, 205.81, 122.8, 30.27], [368.18, 304.8, 17.48, 26.43], [539.51, 241.01, 17.04, 35.45], [1, 218.63, 49.31, 21.31], [624.67, 223.69, 15.05, 35.44], [65.45, 140.32, 26.86, 37.92], [281.94, 178.92, 14.31, 17.24], [434.32, 128.11, 9.33, 14.46], [265.42, 223.11, 22.88, 10.73]]"
582,/home/pi/sambashare/BacArbeit/cocoval2017/000000451084.jpg,3.17352309800026,"['0: person', '36: skateboard']","[0, 36]","[0.9549962, 0.94168895]","[[164.16, 115.75, 154.03, 268.31], [186.45, 303.68, 100.75, 119.75]]"
583,/home/pi/sambashare/BacArbeit/cocoval2017/000000066771.jpg,3.1791122300001007,"['41: cup', '41: cup', '41: cup', '0: person', '67: cell phone', '0: person', '44: spoon', '41: cup', '60: dining table', '44: spoon', '44: spoon']","[41, 41, 41, 0, 67, 0, 44, 41, 60, 44, 44]","[0.9223025, 0.9142092, 0.8936364, 0.88639516, 0.87504256, 0.8664454, 0.77092457, 0.73660856, 0.44374317, 0.29061255, 0.28054437]","[[447.58, 391.48, 111.97, 88.03], [303.15, 400.54, 101.76, 79.19], [118.38, 332.56, 122.89, 68.46], [1, 1, 344.97, 371.15], [364.96, 208.68, 66.42, 75.6], [372.18, 4.2, 267.82, 411.57], [107.14, 346.25, 40.15, 20.07], [65.84, 434.69, 85.03, 45.11], [4.63, 339.22, 316.38, 139.27], [198.02, 433.52, 17.58, 31.29], [518.61, 334.69, 49.58, 108.59]]"
584,/home/pi/sambashare/BacArbeit/cocoval2017/000000567011.jpg,3.1902899259998776,"['0: person', '37: surfboard', '8: boat']","[0, 37, 8]","[0.91845876, 0.80089843, 0.7333531]","[[397.7, 186.65, 77.1, 85.89], [326.88, 277.87, 119.12, 20.85], [447.64, 139.16, 50.03, 10.13]]"
585,/home/pi/sambashare/BacArbeit/cocoval2017/000000532071.jpg,3.194130450999637,['21: bear'],[21],[0.6854417],"[[131.93, 177.38, 234.44, 103.66]]"
586,/home/pi/sambashare/BacArbeit/cocoval2017/000000447917.jpg,3.1833441670000866,"['0: person', '32: sports ball', '0: person', '0: person', '0: person', '13: bench', '0: person']","[0, 32, 0, 0, 0, 13, 0]","[0.9300059, 0.917274, 0.87233526, 0.74987173, 0.43466854, 0.26593894, 0.26297325]","[[131.85, 70.28, 75.97, 158.69], [464.7, 252.41, 41.31, 38.95], [370.89, 110.55, 63.0, 177.32], [325.1, 106.12, 62.62, 134.28], [1, 275.8, 186.77, 85.91], [115.73, 11.84, 26.98, 8.94], [1, 194.54, 82.39, 40.87]]"
587,/home/pi/sambashare/BacArbeit/cocoval2017/000000479126.jpg,3.464342213999771,"['0: person', '63: laptop', '0: person', '56: chair', '40: wine glass', '56: chair', '56: chair', '40: wine glass', '56: chair']","[0, 63, 0, 56, 40, 56, 56, 40, 56]","[0.92573214, 0.9236135, 0.9002147, 0.8205376, 0.7180237, 0.67602414, 0.5589189, 0.4930094, 0.39865038]","[[335.86, 157.97, 239.0, 268.68], [260.92, 299.94, 163.34, 124.29], [108.05, 144.42, 108.75, 275.3], [506.68, 262.43, 132.93, 163.99], [148.02, 258.87, 16.79, 30.46], [493.44, 221.13, 91.09, 82.48], [51.1, 202.55, 98.09, 109.02], [145.57, 242.51, 21.44, 65.83], [334.8, 222.91, 92.61, 130.36]]"
588,/home/pi/sambashare/BacArbeit/cocoval2017/000000555972.jpg,3.4347845949996554,"['75: vase', '75: vase', '73: book', '75: vase', '73: book', '56: chair', '56: chair', '56: chair']","[75, 75, 73, 75, 73, 56, 56, 56]","[0.92980915, 0.86201185, 0.8465195, 0.74853075, 0.6083757, 0.45706198, 0.2635613, 0.26296893]","[[90.33, 294.74, 174.22, 344.2], [49.42, 262.77, 32.5, 65.16], [272.2, 377.54, 116.65, 42.87], [310.61, 233.26, 27.05, 89.12], [243.41, 407.29, 137.6, 48.79], [257.55, 567.84, 221.27, 71.61], [1, 575.13, 71.52, 64.54], [1, 383.13, 138.33, 255.67]]"
589,/home/pi/sambashare/BacArbeit/cocoval2017/000000052996.jpg,3.4064187089998086,"['0: person', '0: person', '45: bowl', '0: person', '0: person', '45: bowl', '0: person', '45: bowl', '41: cup', '72: refrigerator', '72: refrigerator', '0: person', '39: bottle', '0: person', '45: bowl', '43: knife']","[0, 0, 45, 0, 0, 45, 0, 45, 41, 72, 72, 0, 39, 0, 45, 43]","[0.89965785, 0.8836094, 0.845494, 0.842987, 0.83233947, 0.78485066, 0.7500892, 0.71096116, 0.610908, 0.58224696, 0.55865467, 0.415827, 0.36676478, 0.36572608, 0.2856093, 0.25025034]","[[1, 114.71, 85.6, 169.87], [67.92, 129.78, 90.24, 155.3], [109.35, 307.48, 73.37, 42.59], [160.5, 102.28, 82.95, 187.31], [422.47, 122.25, 114.92, 302.46], [1, 318.15, 34.41, 31.73], [513.02, 125.87, 117.11, 289.95], [209.07, 279.52, 74.5, 30.47], [116.36, 267.12, 35.22, 29.5], [511.92, 70.06, 128.08, 91.23], [222.95, 101.26, 191.37, 224.38], [555.51, 102.21, 71.28, 107.19], [147.34, 251.33, 25.39, 32.47], [558.27, 101.73, 46.85, 45.27], [61.92, 352.02, 92.01, 60.87], [4.4, 293.94, 61.82, 9.22]]"
590,/home/pi/sambashare/BacArbeit/cocoval2017/000000360951.jpg,3.4715361409998877,"['63: laptop', '66: keyboard', '66: keyboard', '64: mouse', '64: mouse', '64: mouse', '62: tv', '64: mouse', '66: keyboard']","[63, 66, 66, 64, 64, 64, 62, 64, 66]","[0.9469228, 0.9265441, 0.90505385, 0.8862359, 0.87000036, 0.8611119, 0.85554653, 0.5438613, 0.48935923]","[[394.65, 150.83, 198.35, 153.71], [158.91, 228.66, 110.45, 29.39], [111.29, 306.25, 212.8, 61.21], [541.19, 297.52, 38.16, 26.66], [348.91, 254.71, 25.46, 22.23], [337.33, 375.24, 31.61, 41.78], [129.38, 34.38, 246.0, 169.17], [1, 399.74, 12.73, 27.03], [431.8, 234.34, 113.11, 45.23]]"
591,/home/pi/sambashare/BacArbeit/cocoval2017/000000422706.jpg,3.46155025500002,"['8: boat', '0: person', '0: person', '26: handbag', '0: person']","[8, 0, 0, 26, 0]","[0.8866101, 0.66418654, 0.37403738, 0.36732367, 0.25091553]","[[163.63, 175.56, 123.08, 141.22], [9.42, 5.47, 177.75, 418.72], [2.49, 199.39, 123.59, 226.91], [1, 132.13, 66.26, 59.24], [249.33, 263.89, 12.58, 10.84]]"
592,/home/pi/sambashare/BacArbeit/cocoval2017/000000576031.jpg,3.455300031000206,"['0: person', '0: person', '30: skis', '0: person', '0: person']","[0, 0, 30, 0, 0]","[0.9320901, 0.8861553, 0.74475795, 0.6482822, 0.2762134]","[[230.87, 84.66, 166.95, 393.44], [149.62, 116.56, 62.92, 108.67], [203.12, 432.33, 367.65, 47.2], [141.73, 115.38, 43.26, 97.8], [265.73, 121.03, 32.28, 44.12]]"
593,/home/pi/sambashare/BacArbeit/cocoval2017/000000054605.jpg,3.242964362999828,"['55: cake', '42: fork', '0: person', '0: person', '40: wine glass', '56: chair', '41: cup', '42: fork', '60: dining table', '56: chair', '43: knife', '56: chair', '60: dining table', '56: chair', '0: person', '44: spoon', '56: chair', '56: chair', '56: chair', '56: chair']","[55, 42, 0, 0, 40, 56, 41, 42, 60, 56, 43, 56, 60, 56, 0, 44, 56, 56, 56, 56]","[0.8920995, 0.8478681, 0.8431189, 0.826326, 0.80770063, 0.7212991, 0.6526968, 0.65215874, 0.63224286, 0.5682239, 0.552018, 0.44456893, 0.4082489, 0.39854917, 0.39474344, 0.3882214, 0.36880815, 0.3567792, 0.26401937, 0.2595811]","[[259.62, 358.55, 256.32, 245.49], [315.55, 310.6, 296.45, 206.82], [523.25, 1, 88.24, 252.12], [1, 1, 309.34, 212.96], [83.2, 71.66, 178.93, 378.84], [486.03, 15.07, 73.42, 201.83], [1, 206.24, 78.55, 204.25], [356.38, 303.98, 170.57, 106.82], [1, 208.25, 607.07, 399.97], [417.31, 1, 52.97, 106.3], [68.74, 539.38, 109.65, 72.36], [587.82, 155.08, 24.08, 121.93], [539.0, 38.9, 71.49, 56.53], [295.81, 1, 58.27, 68.47], [251.62, 1, 58.79, 75.74], [220.73, 1, 29.43, 83.43], [475.45, 1, 52.6, 49.17], [307.89, 1, 78.17, 97.41], [462.83, 1, 38.64, 48.47], [324.76, 1, 29.48, 57.53]]"
594,/home/pi/sambashare/BacArbeit/cocoval2017/000000433192.jpg,3.18073977999984,"['63: laptop', '65: remote', '59: bed']","[63, 65, 59]","[0.9429182, 0.742134, 0.44191843]","[[139.55, 140.65, 122.1, 86.28], [339.23, 198.19, 34.58, 14.91], [66.53, 84.65, 433.44, 288.43]]"
595,/home/pi/sambashare/BacArbeit/cocoval2017/000000176901.jpg,3.1879924479999318,"['0: person', '0: person', '0: person', '30: skis', '30: skis']","[0, 0, 0, 30, 30]","[0.92698985, 0.89874613, 0.85450494, 0.8021641, 0.6773508]","[[356.33, 84.3, 71.75, 142.98], [304.87, 225.3, 113.46, 114.33], [166.19, 87.24, 79.06, 94.67], [131.12, 160.2, 120.22, 30.33], [308.96, 182.84, 123.24, 62.74]]"
596,/home/pi/sambashare/BacArbeit/cocoval2017/000000523957.jpg,3.1835305489998973,"['0: person', '0: person', '36: skateboard', '0: person', '0: person', '0: person', '0: person']","[0, 0, 36, 0, 0, 0, 0]","[0.93997246, 0.90077627, 0.8238963, 0.81027615, 0.7212105, 0.5921254, 0.38367102]","[[56.94, 79.89, 263.48, 264.66], [340.2, 168.16, 62.93, 170.87], [215.46, 338.27, 53.46, 23.45], [452.86, 171.3, 38.25, 94.51], [118.55, 267.72, 25.96, 67.0], [530.04, 212.83, 27.04, 38.79], [566.11, 223.75, 42.43, 25.28]]"
597,/home/pi/sambashare/BacArbeit/cocoval2017/000000014439.jpg,3.179301021000356,"['0: person', '0: person', '0: person', '0: person', '0: person', '0: person', '0: person', '0: person', '0: person', '56: chair', '0: person', '33: kite', '0: person', '0: person', '0: person', '0: person', '24: backpack', '0: person', '24: backpack']","[0, 0, 0, 0, 0, 0, 0, 0, 0, 56, 0, 33, 0, 0, 0, 0, 24, 0, 24]","[0.9005575, 0.8878334, 0.8587651, 0.82286155, 0.81951344, 0.7928331, 0.7755613, 0.7746847, 0.75744903, 0.7388204, 0.71629375, 0.69054884, 0.66662663, 0.6430433, 0.5968317, 0.5899623, 0.515185, 0.42205232, 0.35307315]","[[415.54, 89.54, 91.4, 195.41], [504.89, 114.03, 91.45, 157.28], [154.65, 81.98, 43.89, 84.08], [379.06, 40.83, 16.99, 42.99], [327.24, 39.28, 19.76, 41.59], [267.24, 83.25, 32.26, 86.22], [103.92, 45.69, 24.19, 47.98], [577.7, 112.93, 35.08, 87.43], [347.98, 43.99, 18.56, 54.03], [74.37, 121.76, 43.4, 34.67], [364.04, 57.9, 17.94, 55.46], [162.47, 87.5, 461.23, 258.65], [57.02, 134.86, 45.82, 39.14], [26.07, 118.1, 34.68, 35.57], [169.28, 48.0, 9.26, 13.14], [186.82, 45.68, 13.12, 15.59], [100.41, 152.72, 19.01, 15.96], [464.37, 16.18, 8.05, 17.44], [3.67, 151.92, 34.8, 20.95]]"
598,/home/pi/sambashare/BacArbeit/cocoval2017/000000547816.jpg,3.1780459149999842,"['61: toilet', '61: toilet', '39: bottle', '39: bottle']","[61, 61, 39, 39]","[0.6756267, 0.6645604, 0.43465984, 0.40512046]","[[99.13, 496.7, 83.18, 130.06], [13.77, 422.04, 170.02, 206.13], [88.38, 409.34, 12.36, 34.28], [76.72, 410.23, 12.47, 35.67]]"
599,/home/pi/sambashare/BacArbeit/cocoval2017/000000151820.jpg,3.1802397669998754,"['56: chair', '56: chair', '0: person', '0: person', '0: person', '56: chair', '0: person', '0: person', '40: wine glass', '41: cup', '56: chair', '0: person', '41: cup', '40: wine glass', '39: bottle', '40: wine glass', '41: cup', '42: fork', '60: dining table', '40: wine glass', '0: person', '56: chair', '42: fork', '26: handbag', '56: chair', '56: chair']","[56, 56, 0, 0, 0, 56, 0, 0, 40, 41, 56, 0, 41, 40, 39, 40, 41, 42, 60, 40, 0, 56, 42, 26, 56, 56]","[0.9336965, 0.9176661, 0.9089067, 0.9010639, 0.89858145, 0.8862466, 0.8429822, 0.83158594, 0.7864557, 0.7816921, 0.7629802, 0.7548821, 0.7147482, 0.7110604, 0.707295, 0.67845416, 0.647745, 0.6318994, 0.6129933, 0.61097527, 0.49639645, 0.45920938, 0.4474033, 0.3812909, 0.33109918, 0.3105737]","[[348.25, 287.99, 160.72, 138.77], [126.95, 309.58, 156.46, 117.18], [355.7, 139.7, 90.42, 92.75], [135.56, 131.47, 103.51, 128.01], [252.0, 140.55, 82.39, 95.0], [494.84, 270.59, 134.67, 156.11], [503.91, 176.27, 91.44, 176.61], [65.87, 142.89, 144.47, 236.39], [226.8, 245.76, 17.99, 28.41], [302.27, 234.77, 19.03, 16.7], [31.82, 228.3, 106.19, 197.7], [544.07, 153.67, 54.96, 102.02], [191.17, 252.43, 19.47, 18.09], [331.5, 222.21, 15.79, 29.1], [385.74, 201.02, 20.54, 48.51], [212.35, 227.19, 17.73, 28.54], [242.25, 234.81, 19.7, 18.92], [214.15, 267.47, 12.89, 22.09], [163.83, 227.22, 224.18, 111.89], [346.98, 237.16, 17.23, 33.44], [360.19, 157.32, 175.02, 208.73], [354.93, 187.31, 20.05, 41.85], [177.07, 243.31, 15.51, 10.94], [590.22, 270.4, 48.96, 153.07], [248.5, 188.26, 17.32, 46.09], [592.57, 211.04, 45.4, 64.04]]"
600,/home/pi/sambashare/BacArbeit/cocoval2017/000000386277.jpg,3.175863484000274,[],[],[],[]
601,/home/pi/sambashare/BacArbeit/cocoval2017/000000169996.jpg,3.188070884999888,"['2: car', '0: person', '1: bicycle', '1: bicycle', '0: person', '7: truck', '2: car', '7: truck', '9: traffic light', '9: traffic light', '9: traffic light', '9: traffic light']","[2, 0, 1, 1, 0, 7, 2, 7, 9, 9, 9, 9]","[0.9082368, 0.89741945, 0.8970957, 0.8954542, 0.8933209, 0.8880439, 0.86610794, 0.855401, 0.7524422, 0.5801049, 0.57926315, 0.50975543]","[[208.32, 304.77, 199.13, 123.56], [171.88, 285.9, 75.95, 133.58], [154.74, 343.99, 107.64, 98.17], [400.29, 338.52, 79.09, 84.63], [403.36, 285.79, 74.67, 107.26], [247.86, 262.49, 170.13, 81.26], [570.04, 293.53, 68.33, 46.91], [1, 265.55, 258.75, 159.74], [204.09, 203.26, 26.91, 59.31], [265.23, 249.42, 20.64, 26.9], [232.89, 222.78, 25.45, 36.31], [162.72, 127.58, 17.88, 32.08]]"
602,/home/pi/sambashare/BacArbeit/cocoval2017/000000127494.jpg,3.1889047560002837,"['44: spoon', '45: bowl', '44: spoon', '45: bowl']","[44, 45, 44, 45]","[0.74637634, 0.4239546, 0.4032331, 0.33624104]","[[149.51, 36.89, 83.64, 57.87], [322.56, 1, 173.74, 63.09], [10.1, 141.23, 63.38, 57.32], [1, 31.93, 497.04, 297.9]]"
603,/home/pi/sambashare/BacArbeit/cocoval2017/000000226662.jpg,3.1920066740003676,"['3: motorcycle', '17: horse', '2: car']","[3, 17, 2]","[0.7215292, 0.5028088, 0.27903336]","[[16.31, 17.5, 583.08, 407.57], [483.41, 12.25, 103.82, 193.5], [275.32, 20.2, 220.91, 154.66]]"
604,/home/pi/sambashare/BacArbeit/cocoval2017/000000434996.jpg,3.1798872340000344,"['15: cat', '77: teddy bear', '77: teddy bear', '77: teddy bear']","[15, 77, 77, 77]","[0.769056, 0.41810283, 0.36244327, 0.3131224]","[[172.84, 118.5, 149.35, 126.42], [294.1, 103.06, 103.21, 86.57], [1.95, 113.83, 227.41, 260.07], [409.93, 80.92, 89.65, 290.5]]"
605,/home/pi/sambashare/BacArbeit/cocoval2017/000000331799.jpg,3.2120560349999323,"['46: banana', '0: person', '0: person', '0: person', '0: person']","[46, 0, 0, 0, 0]","[0.5907989, 0.56414586, 0.535979, 0.43034306, 0.42378378]","[[537.34, 394.6, 101.75, 69.05], [187.69, 3.21, 286.74, 417.03], [1, 140.62, 50.88, 98.05], [547.42, 56.07, 92.32, 243.68], [1, 151.32, 243.91, 230.19]]"
606,/home/pi/sambashare/BacArbeit/cocoval2017/000000496571.jpg,3.17858883100007,"['0: person', '41: cup', '41: cup', '67: cell phone', '45: bowl', '41: cup', '43: knife', '41: cup', '44: spoon', '44: spoon', '44: spoon', '60: dining table', '42: fork', '56: chair', '54: donut']","[0, 41, 41, 67, 45, 41, 43, 41, 44, 44, 44, 60, 42, 56, 54]","[0.9441461, 0.9285128, 0.9246787, 0.91579705, 0.88936585, 0.8728356, 0.84184086, 0.824685, 0.7514102, 0.7072074, 0.692676, 0.36659205, 0.33163342, 0.32605442, 0.25701913]","[[53.84, 1, 252.06, 166.08], [257.65, 183.38, 46.91, 63.2], [291.69, 360.51, 68.48, 71.42], [22.3, 187.0, 49.62, 65.0], [372.89, 231.66, 53.95, 73.03], [126.38, 204.81, 51.07, 60.92], [273.23, 359.59, 15.29, 134.75], [359.83, 329.4, 60.86, 57.3], [241.21, 436.74, 106.37, 28.94], [77.45, 190.74, 105.43, 17.31], [254.54, 378.08, 23.07, 119.39], [5.27, 91.54, 421.68, 533.54], [195.22, 102.69, 27.66, 57.21], [1, 1.0, 64.81, 117.88], [84.84, 593.47, 68.65, 46.06]]"
607,/home/pi/sambashare/BacArbeit/cocoval2017/000000294855.jpg,3.181768918000216,"['28: suitcase', '28: suitcase', '26: handbag']","[28, 28, 26]","[0.86807215, 0.5908422, 0.47693008]","[[1.61, 1, 262.19, 162.52], [1, 107.37, 304.55, 220.91], [246.45, 153.05, 147.12, 132.57]]"
608,/home/pi/sambashare/BacArbeit/cocoval2017/000000433103.jpg,3.181433320999986,"['63: laptop', '0: person', '0: person', '63: laptop', '0: person', '56: chair', '0: person', '0: person', '0: person', '0: person', '0: person', '0: person', '26: handbag', '0: person', '0: person', '0: person', '0: person', '63: laptop']","[63, 0, 0, 63, 0, 56, 0, 0, 0, 0, 0, 0, 26, 0, 0, 0, 0, 63]","[0.8297578, 0.76053846, 0.7574139, 0.7038889, 0.6810942, 0.6725316, 0.5358347, 0.5272959, 0.5108124, 0.4992855, 0.49876672, 0.48404592, 0.45604527, 0.4135986, 0.36549833, 0.36022943, 0.3354636, 0.27983707]","[[221.14, 220.81, 183.44, 87.53], [519.68, 14.11, 61.38, 98.72], [398.23, 79.2, 100.74, 107.67], [93.2, 285.92, 234.51, 126.22], [344.6, 55.6, 95.64, 144.93], [1, 99.1, 47.92, 17.47], [489.78, 67.63, 36.91, 59.79], [578.98, 4.98, 61.02, 188.71], [271.18, 21.66, 40.1, 34.48], [1.14, 22.15, 278.55, 397.66], [139.02, 28.83, 327.65, 395.41], [236.25, 24.15, 33.5, 27.17], [533.44, 143.62, 69.33, 65.18], [472.61, 89.25, 144.52, 184.68], [136.85, 87.77, 48.71, 29.14], [196.56, 87.9, 17.13, 18.95], [279.68, 44.61, 149.6, 187.01], [369.69, 205.56, 71.31, 60.18]]"
609,/home/pi/sambashare/BacArbeit/cocoval2017/000000465430.jpg,3.1914535860000797,"['44: spoon', '10: fire hydrant']","[44, 10]","[0.6241162, 0.53019154]","[[197.1, 5.66, 363.22, 61.94], [41.3, 120.2, 271.35, 259.62]]"
610,/home/pi/sambashare/BacArbeit/cocoval2017/000000575243.jpg,3.1846581039999364,"['25: umbrella', '0: person', '2: car', '2: car', '2: car', '9: traffic light']","[25, 0, 2, 2, 2, 9]","[0.94473374, 0.8651332, 0.8636915, 0.83726925, 0.8058082, 0.68597066]","[[244.56, 142.79, 125.1, 78.56], [282.04, 172.86, 60.27, 155.72], [521.75, 130.93, 117.79, 224.15], [444.48, 125.71, 125.62, 160.07], [375.51, 141.33, 66.52, 82.64], [326.31, 46.32, 14.78, 36.63]]"
611,/home/pi/sambashare/BacArbeit/cocoval2017/000000272049.jpg,3.184869980000258,"['4: airplane', '7: truck', '0: person', '0: person']","[4, 7, 0, 0]","[0.77995414, 0.6541344, 0.40860352, 0.27992624]","[[1.29, 40.52, 195.16, 70.64], [30.85, 79.03, 512.1, 343.35], [36.56, 227.47, 10.1, 21.05], [17.49, 228.86, 6.5, 14.87]]"
612,/home/pi/sambashare/BacArbeit/cocoval2017/000000302452.jpg,3.1891795050000837,"['23: giraffe', '0: person', '0: person', '0: person', '0: person', '0: person', '0: person', '0: person']","[23, 0, 0, 0, 0, 0, 0, 0]","[0.82145786, 0.8155397, 0.7287266, 0.6016362, 0.51818883, 0.36881074, 0.3101349, 0.2560762]","[[133.4, 75.67, 137.47, 326.52], [1, 176.99, 61.14, 110.08], [308.18, 169.76, 80.46, 89.96], [211.08, 158.32, 59.14, 79.26], [87.41, 176.52, 73.0, 102.43], [392.46, 186.65, 10.39, 67.02], [307.39, 219.73, 33.88, 42.18], [1, 235.38, 29.41, 53.79]]"
613,/home/pi/sambashare/BacArbeit/cocoval2017/000000568213.jpg,3.186627276999843,"['0: person', '0: person', '29: frisbee']","[0, 0, 29]","[0.9498134, 0.9326632, 0.9123066]","[[105.63, 33.2, 170.46, 232.02], [349.78, 17.53, 114.25, 251.32], [77.74, 97.86, 40.43, 28.69]]"
614,/home/pi/sambashare/BacArbeit/cocoval2017/000000514540.jpg,3.1749547829999756,[],[],[],[]
615,/home/pi/sambashare/BacArbeit/cocoval2017/000000525083.jpg,3.1712758919998123,"['56: chair', '72: refrigerator', '56: chair', '68: microwave', '60: dining table', '71: sink', '62: tv', '56: chair', '70: toaster', '56: chair', '44: spoon']","[56, 72, 56, 68, 60, 71, 62, 56, 70, 56, 44]","[0.90449715, 0.897698, 0.89755225, 0.87970275, 0.85325027, 0.713009, 0.6377511, 0.60465515, 0.56665266, 0.54686207, 0.34135905]","[[224.33, 227.17, 71.86, 77.72], [183.56, 164.43, 44.2, 184.12], [325.26, 288.12, 86.02, 63.53], [88.63, 226.01, 61.75, 35.8], [418.82, 346.62, 195.47, 80.63], [1, 291.53, 55.85, 24.71], [265.46, 221.44, 26.11, 17.86], [523.67, 341.62, 91.68, 17.63], [37.01, 245.05, 39.72, 30.92], [304.56, 226.72, 35.9, 50.75], [3.27, 240.84, 18.38, 25.13]]"
616,/home/pi/sambashare/BacArbeit/cocoval2017/000000491613.jpg,3.1765599820000716,"['22: zebra', '15: cat']","[22, 15]","[0.96494836, 0.72563165]","[[40.86, 25.91, 224.39, 231.55], [53.27, 425.54, 216.56, 211.25]]"
617,/home/pi/sambashare/BacArbeit/cocoval2017/000000245651.jpg,3.17927192299976,"['55: cake', '55: cake']","[55, 55]","[0.73916364, 0.52580875]","[[106.49, 38.75, 183.17, 185.88], [1.89, 29.98, 364.12, 347.02]]"
618,/home/pi/sambashare/BacArbeit/cocoval2017/000000146825.jpg,3.175890370000161,"['6: train', '0: person', '0: person', '26: handbag', '74: clock', '0: person']","[6, 0, 0, 26, 74, 0]","[0.87432903, 0.7678188, 0.70334023, 0.4080347, 0.3467084, 0.325587]","[[51.91, 79.04, 583.21, 204.7], [7.08, 145.35, 26.22, 57.78], [30.85, 142.89, 25.67, 60.0], [1, 157.49, 9.97, 15.26], [314.86, 17.29, 33.42, 41.74], [49.91, 143.85, 18.6, 51.24]]"
619,/home/pi/sambashare/BacArbeit/cocoval2017/000000365095.jpg,3.186421676000009,"['0: person', '32: sports ball']","[0, 32]","[0.9481526, 0.82554305]","[[352.42, 74.75, 179.7, 195.32], [484.6, 227.96, 32.84, 32.47]]"
620,/home/pi/sambashare/BacArbeit/cocoval2017/000000439290.jpg,3.187433019999844,"['46: banana', '46: banana']","[46, 46]","[0.34828144, 0.3335764]","[[339.72, 108.61, 114.37, 175.73], [369.88, 112.88, 85.65, 57.14]]"
621,/home/pi/sambashare/BacArbeit/cocoval2017/000000422836.jpg,3.1752014730000155,"['0: person', '0: person', '28: suitcase', '56: chair', '0: person', '56: chair']","[0, 0, 28, 56, 0, 56]","[0.783213, 0.6037141, 0.54842025, 0.38205093, 0.36536184, 0.27403507]","[[272.23, 5.4, 47.55, 233.38], [96.37, 1, 131.41, 238.69], [200.47, 102.79, 44.93, 120.33], [4.14, 165.82, 19.79, 19.13], [26.48, 159.82, 14.27, 29.41], [106.55, 164.26, 17.19, 20.52]]"
622,/home/pi/sambashare/BacArbeit/cocoval2017/000000007816.jpg,3.1812162270002773,"['0: person', '3: motorcycle', '0: person', '0: person', '0: person', '0: person', '0: person', '0: person', '0: person']","[0, 3, 0, 0, 0, 0, 0, 0, 0]","[0.8960831, 0.78005666, 0.7757956, 0.7463647, 0.65628225, 0.614652, 0.41514435, 0.40463522, 0.3157601]","[[246.57, 35.64, 48.34, 107.35], [242.44, 146.73, 226.34, 214.37], [361.22, 108.6, 58.48, 59.22], [264.03, 79.42, 188.58, 191.76], [489.81, 55.64, 35.12, 108.66], [415.11, 124.11, 63.07, 50.87], [573.26, 45.8, 42.06, 126.65], [544.19, 54.54, 47.34, 117.48], [503.36, 54.87, 41.55, 111.21]]"
623,/home/pi/sambashare/BacArbeit/cocoval2017/000000439426.jpg,3.190847844000018,"['0: person', '0: person', '16: dog', '0: person']","[0, 0, 16, 0]","[0.90545255, 0.6663784, 0.5209239, 0.43992606]","[[195.53, 1, 182.83, 67.54], [1, 115.27, 225.69, 283.04], [130.46, 92.6, 343.14, 321.17], [545.07, 180.12, 94.4, 74.58]]"
624,/home/pi/sambashare/BacArbeit/cocoval2017/000000142585.jpg,3.172382478000145,"['2: car', '0: person', '2: car', '2: car', '3: motorcycle', '5: bus', '0: person', '9: traffic light', '2: car', '2: car', '9: traffic light']","[2, 0, 2, 2, 3, 5, 0, 9, 2, 2, 9]","[0.944576, 0.7624125, 0.7409451, 0.67604625, 0.6403066, 0.5286563, 0.49195877, 0.467308, 0.44510382, 0.37290722, 0.3078777]","[[181.09, 270.93, 182.48, 168.53], [86.86, 290.88, 92.79, 148.75], [344.97, 300.48, 29.94, 66.49], [363.63, 341.49, 11.3, 73.67], [111.05, 352.12, 53.77, 90.98], [1.31, 1.95, 89.37, 492.47], [95.45, 288.14, 36.48, 67.23], [224.04, 231.75, 17.79, 30.07], [145.14, 294.73, 48.78, 35.46], [83.64, 306.18, 36.27, 55.7], [93.53, 226.94, 13.45, 30.91]]"
625,/home/pi/sambashare/BacArbeit/cocoval2017/000000322829.jpg,3.175185005000003,['13: bench'],[13],[0.90687186],"[[82.17, 60.59, 455.84, 288.44]]"
626,/home/pi/sambashare/BacArbeit/cocoval2017/000000372307.jpg,3.1796838189998198,['17: horse'],[17],[0.9086568],"[[221.79, 345.38, 47.74, 44.69]]"
627,/home/pi/sambashare/BacArbeit/cocoval2017/000000107094.jpg,3.181259720000071,"['0: person', '30: skis']","[0, 30]","[0.8154428, 0.7623476]","[[476.18, 92.39, 139.18, 332.97], [364.81, 360.71, 249.17, 65.29]]"
628,/home/pi/sambashare/BacArbeit/cocoval2017/000000206487.jpg,3.1930069750001167,"['2: car', '7: truck', '3: motorcycle', '0: person', '5: bus', '2: car', '0: person', '8: boat', '0: person']","[2, 7, 3, 0, 5, 2, 0, 8, 0]","[0.89277613, 0.864227, 0.8452691, 0.8360803, 0.8286828, 0.63883895, 0.45200554, 0.41405097, 0.37547562]","[[1, 240.23, 239.09, 239.36], [552.54, 172.09, 86.75, 306.7], [473.29, 281.05, 85.0, 130.37], [471.26, 196.77, 99.61, 160.44], [1, 97.62, 460.66, 223.01], [408.54, 280.5, 56.65, 40.02], [332.16, 312.28, 11.07, 8.63], [1, 168.24, 62.83, 80.64], [520.01, 205.51, 46.36, 90.65]]"
629,/home/pi/sambashare/BacArbeit/cocoval2017/000000183127.jpg,3.1845847029999277,"['37: surfboard', '0: person']","[37, 0]","[0.90090096, 0.85943323]","[[350.51, 219.07, 101.09, 44.32], [378.06, 180.82, 70.32, 64.0]]"
630,/home/pi/sambashare/BacArbeit/cocoval2017/000000033005.jpg,3.173600489999899,"['0: person', '38: tennis racket', '13: bench']","[0, 38, 13]","[0.8981219, 0.8186273, 0.3070838]","[[270.32, 148.82, 63.92, 183.1], [314.85, 233.59, 55.19, 33.22], [1, 259.45, 65.08, 23.7]]"
631,/home/pi/sambashare/BacArbeit/cocoval2017/000000119088.jpg,3.1938461150002695,"['0: person', '0: person', '0: person', '29: frisbee', '37: surfboard', '21: bear', '37: surfboard']","[0, 0, 0, 29, 37, 21, 37]","[0.91093963, 0.9091234, 0.8571899, 0.5553567, 0.522122, 0.50642335, 0.32462016]","[[42.59, 49.71, 42.96, 121.38], [222.84, 173.7, 101.17, 112.12], [472.35, 20.36, 27.49, 76.95], [166.64, 280.2, 27.62, 9.02], [230.6, 264.03, 152.74, 33.53], [1, 245.9, 101.47, 80.36], [15.27, 154.31, 87.9, 19.01]]"
632,/home/pi/sambashare/BacArbeit/cocoval2017/000000189213.jpg,3.1794579610000255,['56: chair'],[56],[0.810647],"[[345.78, 158.06, 77.03, 124.71]]"
633,/home/pi/sambashare/BacArbeit/cocoval2017/000000013348.jpg,3.1838208250001117,"['4: airplane', '0: person', '0: person', '0: person', '4: airplane', '0: person', '7: truck', '7: truck', '0: person']","[4, 0, 0, 0, 4, 0, 7, 7, 0]","[0.75077415, 0.74417865, 0.68932384, 0.5948772, 0.56603575, 0.5449759, 0.501604, 0.40079826, 0.26632902]","[[8.64, 139.12, 563.15, 147.47], [347.38, 269.92, 9.29, 20.5], [16.57, 280.25, 10.4, 13.29], [121.95, 271.16, 8.41, 17.9], [1, 227.02, 52.4, 14.71], [333.91, 274.02, 11.68, 18.05], [53.05, 256.7, 62.17, 28.94], [1, 287.85, 39.99, 21.01], [125.22, 250.04, 5.33, 9.78]]"
634,/home/pi/sambashare/BacArbeit/cocoval2017/000000320232.jpg,3.178128404999825,"['0: person', '2: car', '25: umbrella', '0: person', '2: car', '9: traffic light', '0: person', '0: person', '0: person', '0: person', '0: person', '9: traffic light', '0: person']","[0, 2, 25, 0, 2, 9, 0, 0, 0, 0, 0, 9, 0]","[0.89661175, 0.8180154, 0.7969556, 0.6246015, 0.59692264, 0.5513759, 0.445462, 0.40996382, 0.36855766, 0.31341994, 0.29254505, 0.28022534, 0.26400286]","[[197.36, 372.33, 21.72, 68.55], [149.15, 385.07, 51.94, 27.5], [36.21, 385.74, 17.45, 11.64], [33.76, 395.37, 18.17, 22.74], [347.87, 344.22, 27.05, 97.18], [139.49, 302.32, 7.16, 15.54], [121.0, 368.03, 7.9, 20.76], [135.48, 369.94, 7.59, 22.24], [14.07, 387.86, 9.71, 30.59], [1, 389.19, 16.39, 29.83], [129.6, 371.69, 6.2, 18.52], [134.61, 303.07, 6.22, 14.37], [112.95, 367.78, 7.64, 19.64]]"
635,/home/pi/sambashare/BacArbeit/cocoval2017/000000366611.jpg,3.183803155000078,"['32: sports ball', '16: dog', '21: bear']","[32, 16, 21]","[0.9229325, 0.89025825, 0.36858574]","[[143.22, 251.66, 75.16, 74.52], [1, 167.75, 195.49, 206.17], [620.8, 349.98, 18.97, 50.96]]"
636,/home/pi/sambashare/BacArbeit/cocoval2017/000000239627.jpg,3.169928669000001,"['44: spoon', '39: bottle', '39: bottle', '79: toothbrush', '44: spoon', '79: toothbrush', '76: scissors', '71: sink']","[44, 39, 39, 79, 44, 79, 76, 71]","[0.9116099, 0.8210001, 0.79925084, 0.7103109, 0.59078306, 0.40711918, 0.32727656, 0.26136675]","[[457.24, 288.38, 81.58, 75.29], [463.46, 1, 111.7, 105.1], [393.26, 1.74, 70.67, 109.01], [270.32, 24.29, 111.51, 167.35], [413.92, 171.37, 87.52, 88.34], [430.78, 1, 24.14, 24.42], [332.21, 207.84, 70.3, 75.32], [1.22, 102.85, 278.97, 296.74]]"
637,/home/pi/sambashare/BacArbeit/cocoval2017/000000268000.jpg,3.176626016999762,"['6: train', '0: person', '26: handbag']","[6, 0, 26]","[0.81742686, 0.53448033, 0.2609624]","[[424.67, 164.93, 125.77, 61.84], [598.6, 147.88, 41.23, 108.88], [619.74, 203.39, 20.05, 30.57]]"
638,/home/pi/sambashare/BacArbeit/cocoval2017/000000371749.jpg,3.179997659000037,"['65: remote', '16: dog', '65: remote', '65: remote', '0: person', '57: couch']","[65, 16, 65, 65, 0, 57]","[0.89188075, 0.824065, 0.81785184, 0.7269512, 0.6002677, 0.4407411]","[[288.51, 164.23, 80.04, 69.55], [108.05, 23.31, 101.88, 114.15], [126.22, 176.56, 62.66, 35.09], [213.51, 235.16, 49.38, 33.4], [219.36, 1.91, 280.64, 371.14], [32.06, 227.22, 241.16, 147.68]]"
639,/home/pi/sambashare/BacArbeit/cocoval2017/000000365385.jpg,3.1844486009999855,"['79: toothbrush', '72: refrigerator', '79: toothbrush', '45: bowl']","[79, 72, 79, 45]","[0.84899396, 0.70559585, 0.66077626, 0.44443566]","[[250.67, 39.71, 102.67, 182.65], [106.67, 221.43, 193.37, 204.94], [345.08, 82.33, 54.65, 101.3], [586.62, 298.92, 53.11, 66.83]]"
640,/home/pi/sambashare/BacArbeit/cocoval2017/000000181796.jpg,3.179025501000069,"['40: wine glass', '43: knife', '41: cup', '41: cup', '45: bowl', '41: cup', '42: fork', '44: spoon', '41: cup', '41: cup', '44: spoon', '44: spoon', '60: dining table']","[40, 43, 41, 41, 45, 41, 42, 44, 41, 41, 44, 44, 60]","[0.8953564, 0.8879276, 0.85382915, 0.8288204, 0.706965, 0.5924325, 0.5550346, 0.50751257, 0.3977632, 0.36220837, 0.30829972, 0.25788763, 0.25696284]","[[107.06, 1, 133.32, 191.1], [402.04, 178.31, 237.57, 164.74], [236.21, 1, 50.48, 36.04], [214.59, 60.56, 83.56, 94.22], [359.32, 1, 142.66, 28.23], [519.45, 28.19, 45.52, 30.05], [425.07, 159.83, 167.63, 62.78], [542.36, 13.1, 15.83, 26.35], [478.58, 30.55, 45.2, 22.39], [494.3, 47.93, 60.12, 50.62], [542.06, 39.24, 46.69, 26.19], [491.82, 1, 19.36, 45.17], [1, 7.7, 639, 347.43]]"
641,/home/pi/sambashare/BacArbeit/cocoval2017/000000322895.jpg,3.1962659169998915,"['57: couch', '57: couch', '56: chair', '62: tv', '45: bowl', '56: chair', '75: vase', '60: dining table']","[57, 57, 56, 62, 45, 56, 75, 60]","[0.9459987, 0.94350815, 0.9342545, 0.9088976, 0.8741228, 0.86527425, 0.6720612, 0.57202184]","[[377.71, 305.31, 261.14, 173.62], [111.32, 237.42, 202.34, 217.77], [298.22, 219.7, 90.35, 69.12], [120.87, 165.78, 61.5, 44.06], [374.16, 283.25, 46.11, 20.61], [207.92, 219.57, 95.26, 77.78], [85.14, 193.18, 11.27, 21.22], [300.45, 279.59, 211.79, 96.76]]"
642,/home/pi/sambashare/BacArbeit/cocoval2017/000000066706.jpg,3.1675762820000273,"['45: bowl', '43: knife']","[45, 43]","[0.76760024, 0.52994657]","[[255.56, 459.31, 167.58, 138.32], [112.52, 67.55, 197.16, 26.41]]"
643,/home/pi/sambashare/BacArbeit/cocoval2017/000000467315.jpg,3.178754929999741,"['75: vase', '56: chair', '56: chair', '56: chair', '56: chair', '0: person']","[75, 56, 56, 56, 56, 0]","[0.9172719, 0.8828731, 0.8564775, 0.85280716, 0.846612, 0.38732842]","[[183.53, 232.08, 115.14, 144.46], [16.17, 306.99, 70.05, 95.79], [417.93, 334.03, 89.9, 91.81], [396.97, 304.99, 71.67, 91.74], [1, 339.31, 65.51, 85.88], [605.52, 199.07, 34.17, 119.23]]"
644,/home/pi/sambashare/BacArbeit/cocoval2017/000000542423.jpg,3.193972286999724,"['13: bench', '0: person', '2: car', '2: car', '26: handbag', '2: car']","[13, 0, 2, 2, 26, 2]","[0.93092126, 0.75791466, 0.4564182, 0.44140762, 0.43999076, 0.42420575]","[[328.61, 259.34, 212.76, 89.13], [349.59, 203.67, 76.57, 140.5], [15.2, 217.34, 21.92, 7.15], [55.26, 217.61, 20.23, 7.34], [396.09, 269.79, 33.49, 30.03], [109.44, 217.07, 21.1, 8.64]]"
645,/home/pi/sambashare/BacArbeit/cocoval2017/000000258793.jpg,3.1967382039997574,"['12: parking meter', '2: car', '12: parking meter', '0: person', '0: person', '0: person', '13: bench', '0: person']","[12, 2, 12, 0, 0, 0, 13, 0]","[0.819133, 0.8048487, 0.7432127, 0.72254527, 0.5452182, 0.53816897, 0.48130938, 0.44060695]","[[440.76, 390.04, 61.1, 85.53], [589.81, 232.22, 25.64, 15.0], [486.0, 374.6, 46.14, 100.48], [179.89, 233.48, 15.47, 33.78], [483.65, 232.72, 8.06, 18.44], [493.05, 233.13, 7.93, 18.35], [339.43, 239.98, 55.96, 13.46], [484.31, 233.69, 16.29, 17.97]]"
646,/home/pi/sambashare/BacArbeit/cocoval2017/000000002473.jpg,3.195194843999616,"['0: person', '0: person', '0: person', '30: skis', '0: person']","[0, 0, 0, 30, 0]","[0.93363494, 0.92359513, 0.86652875, 0.8598976, 0.5909003]","[[245.72, 93.78, 126.6, 146.89], [437.44, 279.86, 61.86, 102.71], [117.75, 341.24, 27.18, 44.86], [285.51, 217.53, 42.34, 49.2], [30.85, 329.28, 28.3, 25.67]]"
647,/home/pi/sambashare/BacArbeit/cocoval2017/000000397279.jpg,3.1903686529999504,"['0: person', '38: tennis racket']","[0, 38]","[0.9088658, 0.8420821]","[[266.39, 89.82, 242.49, 242.62], [269.02, 140.03, 97.54, 61.83]]"
648,/home/pi/sambashare/BacArbeit/cocoval2017/000000297562.jpg,3.186493835999954,"['0: person', '0: person', '0: person', '0: person', '0: person', '0: person', '0: person', '56: chair', '0: person', '67: cell phone', '67: cell phone']","[0, 0, 0, 0, 0, 0, 0, 56, 0, 67, 67]","[0.8304824, 0.793989, 0.7704134, 0.7086517, 0.60732436, 0.589261, 0.40625802, 0.28671384, 0.2802893, 0.25347382, 0.25200978]","[[485.78, 38.47, 71.52, 250.54], [513.05, 74.11, 126.42, 340.36], [397.24, 44.45, 67.0, 218.52], [229.53, 100.67, 34.13, 99.97], [445.48, 144.2, 35.36, 88.24], [426.07, 55.97, 39.14, 57.17], [582.35, 1, 57.15, 150.91], [381.7, 305.01, 148.34, 174.31], [4.46, 2.38, 435.91, 476.33], [146.75, 199.38, 55.31, 91.7], [236.68, 224.15, 66.93, 21.71]]"
649,/home/pi/sambashare/BacArbeit/cocoval2017/000000417632.jpg,3.1763162580000426,"['40: wine glass', '40: wine glass', '27: tie', '0: person', '0: person', '40: wine glass', '39: bottle', '0: person', '41: cup', '41: cup', '39: bottle', '39: bottle', '41: cup', '39: bottle', '0: person', '45: bowl']","[40, 40, 27, 0, 0, 40, 39, 0, 41, 41, 39, 39, 41, 39, 0, 45]","[0.88908404, 0.87355465, 0.84375584, 0.82033974, 0.77933335, 0.742708, 0.6934742, 0.6110142, 0.60708916, 0.5964076, 0.44120884, 0.3809009, 0.37609485, 0.31668597, 0.29030812, 0.2591741]","[[406.75, 176.15, 61.99, 134.39], [342.31, 186.37, 47.94, 111.45], [461.97, 91.38, 25.91, 67.93], [1.08, 1, 404.37, 469.71], [348.19, 7.03, 286.73, 461.39], [131.05, 344.22, 51.94, 101.81], [196.07, 160.69, 215.69, 90.44], [1, 70.15, 48.24, 139.17], [299.08, 421.99, 48.34, 41.64], [75.01, 377.16, 85.46, 102.03], [6.75, 239.26, 75.64, 213.53], [1, 402.01, 33.52, 76.52], [32.11, 398.92, 100.84, 80.39], [240.29, 389.95, 36.49, 89.53], [290.19, 79.19, 42.63, 48.96], [301.61, 438.96, 189.92, 40.76]]"
650,/home/pi/sambashare/BacArbeit/cocoval2017/000000490125.jpg,3.184409574000256,"['7: truck', '7: truck', '14: bird', '14: bird', '14: bird', '14: bird', '14: bird', '14: bird', '14: bird', '14: bird', '14: bird', '14: bird', '14: bird', '14: bird', '14: bird']","[7, 7, 14, 14, 14, 14, 14, 14, 14, 14, 14, 14, 14, 14, 14]","[0.9443464, 0.9297951, 0.87922245, 0.8390572, 0.79095143, 0.7833328, 0.77830917, 0.7777707, 0.75910324, 0.69660753, 0.6741164, 0.6443984, 0.6191056, 0.6088663, 0.39475748]","[[141.25, 33.91, 221.44, 88.8], [1, 31.04, 97.61, 83.01], [31.79, 172.78, 49.35, 92.15], [106.3, 164.76, 40.32, 51.13], [338.14, 176.2, 34.35, 37.09], [354.14, 155.32, 37.66, 42.6], [308.8, 136.67, 35.15, 52.36], [376.68, 171.93, 40.65, 62.47], [466.11, 175.69, 18.15, 38.33], [239.35, 173.47, 38.85, 48.03], [158.12, 183.28, 35.98, 55.31], [296.45, 160.53, 19.7, 28.25], [399.18, 173.86, 35.28, 52.82], [200.74, 167.47, 39.89, 54.82], [221.26, 153.59, 30.65, 33.92]]"
651,/home/pi/sambashare/BacArbeit/cocoval2017/000000561335.jpg,3.190409699999691,['28: suitcase'],[28],[0.35755995],"[[241.83, 157.08, 140.45, 164.2]]"
652,/home/pi/sambashare/BacArbeit/cocoval2017/000000131138.jpg,3.17632621499979,"['41: cup', '66: keyboard', '63: laptop', '41: cup', '62: tv', '64: mouse', '56: chair', '44: spoon', '66: keyboard', '73: book', '73: book', '41: cup', '43: knife', '73: book']","[41, 66, 63, 41, 62, 64, 56, 44, 66, 73, 73, 41, 43, 73]","[0.94397116, 0.93170446, 0.927068, 0.9266896, 0.9006827, 0.89691937, 0.73450404, 0.6059956, 0.5768481, 0.5562426, 0.510535, 0.300888, 0.2836842, 0.25174493]","[[223.37, 374.09, 42.85, 58.44], [265.75, 296.1, 152.48, 79.05], [313.91, 142.71, 135.96, 117.22], [176.25, 338.01, 44.14, 54.78], [151.51, 121.28, 167.57, 181.57], [264.28, 361.33, 34.89, 28.09], [393.37, 341.17, 228.77, 138.04], [133.94, 385.94, 38.03, 27.36], [325.77, 221.29, 95.5, 19.25], [1, 337.28, 113.16, 74.06], [140.09, 428.07, 163.51, 51.8], [124.32, 328.65, 44.5, 61.63], [227.86, 463.84, 75.77, 14.87], [1.97, 374.33, 107.7, 71.67]]"
653,/home/pi/sambashare/BacArbeit/cocoval2017/000000404923.jpg,3.1791991390000476,"['0: person', '0: person', '34: baseball bat', '0: person', '0: person', '0: person']","[0, 0, 34, 0, 0, 0]","[0.9340323, 0.9161029, 0.8350442, 0.79471743, 0.5401738, 0.30822784]","[[193.99, 100.42, 169.74, 378.68], [356.93, 1, 42.05, 63.68], [186.29, 86.25, 135.47, 96.66], [504.19, 1, 23.94, 18.52], [535.36, 109.98, 103.8, 309.01], [592.66, 109.76, 47.21, 121.72]]"
654,/home/pi/sambashare/BacArbeit/cocoval2017/000000225405.jpg,3.189354330000242,"['0: person', '32: sports ball', '0: person', '0: person']","[0, 32, 0, 0]","[0.94595253, 0.9448298, 0.92788607, 0.90286326]","[[343.35, 101.78, 164.46, 339.16], [287.4, 331.26, 53.88, 52.82], [106.46, 47.21, 179.45, 400.53], [307.68, 18.55, 28.67, 84.16]]"
655,/home/pi/sambashare/BacArbeit/cocoval2017/000000350388.jpg,3.184257468999931,"['50: broccoli', '50: broccoli']","[50, 50]","[0.7894956, 0.29686353]","[[135.74, 202.88, 234.48, 222.47], [157.48, 203.06, 39.2, 67.22]]"
656,/home/pi/sambashare/BacArbeit/cocoval2017/000000250137.jpg,3.1987852120000753,"['0: person', '41: cup', '0: person', '0: person', '0: person', '25: umbrella', '67: cell phone', '0: person', '0: person', '0: person', '25: umbrella', '0: person']","[0, 41, 0, 0, 0, 25, 67, 0, 0, 0, 25, 0]","[0.8687329, 0.8679243, 0.85372514, 0.6971565, 0.626281, 0.49355438, 0.4018029, 0.3979976, 0.34986302, 0.34147483, 0.29257718, 0.28567392]","[[1, 190.33, 157.91, 449.67], [74.28, 307.02, 24.62, 46.2], [72.52, 201.96, 82.67, 322.62], [374.01, 232.68, 105.29, 406.04], [148.52, 184.43, 285.11, 450.92], [1, 1.17, 416.14, 141.36], [170.67, 280.67, 15.52, 66.31], [352.2, 211.87, 35.92, 44.54], [326.17, 247.91, 79.67, 142.51], [448.89, 221.07, 30.94, 141.84], [1.07, 1, 445.59, 336.35], [1, 453.1, 24.35, 172.06]]"
657,/home/pi/sambashare/BacArbeit/cocoval2017/000000482487.jpg,3.1892685789998723,"['74: clock', '74: clock']","[74, 74]","[0.7949854, 0.7306698]","[[328.7, 383.94, 40.4, 43.47], [125.19, 121.82, 138.0, 148.04]]"
658,/home/pi/sambashare/BacArbeit/cocoval2017/000000273712.jpg,3.1685646109999652,['72: refrigerator'],[72],[0.8899638],"[[3.79, 80.64, 312.95, 531.54]]"
659,/home/pi/sambashare/BacArbeit/cocoval2017/000000171740.jpg,3.181418162999762,"['57: couch', '45: bowl', '74: clock', '75: vase']","[57, 45, 74, 75]","[0.93794286, 0.3832169, 0.370184, 0.31586772]","[[1.08, 251.68, 430.98, 226.35], [507.73, 293.31, 54.26, 18.52], [164.72, 6.55, 20.35, 29.63], [515.27, 256.27, 32.58, 36.96]]"
660,/home/pi/sambashare/BacArbeit/cocoval2017/000000165257.jpg,3.1852146549999816,"['71: sink', '72: refrigerator']","[71, 72]","[0.5692568, 0.3442814]","[[330.06, 89.34, 135.59, 20.5], [555.33, 6.36, 83.51, 248.19]]"
661,/home/pi/sambashare/BacArbeit/cocoval2017/000000443498.jpg,3.1885673560000214,"['5: bus', '5: bus']","[5, 5]","[0.93646663, 0.29603624]","[[190.02, 119.8, 274.99, 262.64], [510.15, 230.07, 89.22, 36.88]]"
662,/home/pi/sambashare/BacArbeit/cocoval2017/000000281693.jpg,3.1946424570001,"['4: airplane', '7: truck', '4: airplane', '4: airplane', '4: airplane']","[4, 7, 4, 4, 4]","[0.78219426, 0.775446, 0.72355306, 0.6813059, 0.5173133]","[[20.55, 56.56, 614.24, 265.48], [356.57, 279.13, 106.37, 58.53], [3.16, 136.01, 69.9, 101.03], [580.25, 135.65, 57.05, 72.25], [557.77, 253.41, 80.7, 82.84]]"
663,/home/pi/sambashare/BacArbeit/cocoval2017/000000516143.jpg,3.179573376999997,"['5: bus', '0: person', '0: person']","[5, 0, 0]","[0.92234033, 0.77101475, 0.32897025]","[[67.44, 182.08, 495.19, 203.71], [548.65, 269.73, 20.28, 72.85], [552.75, 231.81, 6.23, 12.91]]"
664,/home/pi/sambashare/BacArbeit/cocoval2017/000000196185.jpg,3.172874913999749,"['4: airplane', '0: person']","[4, 0]","[0.8561419, 0.2703171]","[[106.36, 153.13, 421.76, 123.51], [86.09, 387.09, 8.28, 13.88]]"
665,/home/pi/sambashare/BacArbeit/cocoval2017/000000525286.jpg,3.194827062999593,['74: clock'],[74],[0.94894457],"[[28.75, 175.83, 260.29, 271.47]]"
666,/home/pi/sambashare/BacArbeit/cocoval2017/000000052007.jpg,3.176206183999966,"['5: bus', '0: person', '0: person', '0: person', '0: person', '24: backpack']","[5, 0, 0, 0, 0, 24]","[0.93253344, 0.91848135, 0.891587, 0.74062514, 0.34835026, 0.30821827]","[[87.55, 59.9, 241.95, 329.61], [362.77, 234.65, 48.75, 194.39], [316.46, 256.56, 51.81, 140.6], [144.17, 241.26, 43.88, 44.79], [215.73, 254.41, 40.56, 55.75], [341.99, 273.49, 26.63, 56.48]]"
667,/home/pi/sambashare/BacArbeit/cocoval2017/000000131386.jpg,3.1903384009997353,"['4: airplane', '4: airplane', '4: airplane', '4: airplane']","[4, 4, 4, 4]","[0.9096512, 0.55816925, 0.48834267, 0.48759288]","[[152.71, 206.89, 353.2, 174.95], [514.29, 186.66, 123.36, 151.22], [375.83, 188.69, 220.87, 160.35], [589.72, 208.18, 49.98, 128.01]]"
668,/home/pi/sambashare/BacArbeit/cocoval2017/000000342295.jpg,3.177850325000236,"['61: toilet', '0: person', '56: chair', '24: backpack']","[61, 0, 56, 24]","[0.8832418, 0.70470905, 0.6029695, 0.34645087]","[[217.4, 253.79, 115.34, 231.17], [67.22, 163.53, 74.06, 137.91], [95.37, 224.59, 57.12, 94.18], [70.87, 202.39, 51.19, 64.44]]"
669,/home/pi/sambashare/BacArbeit/cocoval2017/000000044068.jpg,3.1917150280000897,"['77: teddy bear', '56: chair']","[77, 56]","[0.8786568, 0.33866647]","[[175.26, 163.4, 230.91, 345.2], [2.07, 9.51, 471.24, 627.01]]"
670,/home/pi/sambashare/BacArbeit/cocoval2017/000000216497.jpg,3.180112382000061,"['57: couch', '56: chair', '56: chair', '56: chair', '69: oven', '71: sink', '62: tv']","[57, 56, 56, 56, 69, 71, 62]","[0.9335542, 0.8133908, 0.80218136, 0.7774585, 0.73564047, 0.55374736, 0.35872465]","[[1, 262.85, 116.64, 171.9], [329.11, 255.57, 79.99, 144.01], [383.86, 268.29, 83.78, 182.62], [292.1, 243.13, 55.85, 122.05], [535.17, 239.21, 100.83, 120.42], [379.36, 245.76, 58.45, 13.31], [286.82, 169.87, 51.01, 36.02]]"
671,/home/pi/sambashare/BacArbeit/cocoval2017/000000506004.jpg,3.17697200900011,"['74: clock', '8: boat', '8: boat', '8: boat', '8: boat']","[74, 8, 8, 8, 8]","[0.75201875, 0.44500056, 0.42745182, 0.4136608, 0.28670517]","[[544.73, 305.75, 8.21, 8.03], [29.13, 381.29, 122.2, 33.29], [1, 41.71, 145.49, 380.89], [104.72, 381.31, 45.37, 31.62], [173.99, 361.69, 63.65, 30.08]]"
672,/home/pi/sambashare/BacArbeit/cocoval2017/000000386879.jpg,3.1911945239999113,"['38: tennis racket', '0: person']","[38, 0]","[0.8766447, 0.852157]","[[17.41, 244.11, 170.88, 197.92], [100.46, 47.62, 291.01, 591.05]]"
673,/home/pi/sambashare/BacArbeit/cocoval2017/000000039477.jpg,3.1847365469998294,"['57: couch', '62: tv', '58: potted plant', '58: potted plant', '58: potted plant', '58: potted plant', '75: vase']","[57, 62, 58, 58, 58, 58, 75]","[0.94984734, 0.8456035, 0.8106656, 0.6923997, 0.5992252, 0.4846309, 0.25755292]","[[340.94, 222.77, 249.75, 198.03], [1, 152.3, 109.75, 187.96], [205.15, 223.77, 53.63, 62.17], [307.44, 270.09, 21.69, 36.76], [271.38, 271.01, 33.27, 44.83], [257.37, 269.0, 24.14, 45.22], [309.73, 289.7, 16.74, 16.87]]"
674,/home/pi/sambashare/BacArbeit/cocoval2017/000000060932.jpg,3.1863930330000585,"['0: person', '0: person', '0: person', '27: tie', '0: person', '0: person', '27: tie', '0: person', '27: tie', '0: person', '0: person', '14: bird', '27: tie', '0: person', '60: dining table']","[0, 0, 0, 27, 0, 0, 27, 0, 27, 0, 0, 14, 27, 0, 60]","[0.95215726, 0.8277269, 0.821395, 0.8212176, 0.7150578, 0.657145, 0.6236, 0.60950345, 0.57882506, 0.4799823, 0.4628363, 0.343074, 0.3218131, 0.29716793, 0.29078177]","[[324.97, 69.78, 315.03, 356.88], [52.62, 173.77, 64.3, 195.91], [174.09, 193.22, 136.42, 190.89], [516.04, 211.89, 48.09, 191.26], [197.06, 166.09, 40.34, 128.53], [97.95, 178.11, 72.38, 201.24], [127.1, 214.65, 11.85, 32.62], [220.64, 170.33, 53.64, 53.66], [86.34, 203.87, 7.78, 28.82], [137.47, 154.21, 57.18, 127.61], [304.69, 185.01, 36.47, 147.99], [183.36, 1, 338.99, 79.79], [287.63, 240.32, 5.96, 19.49], [386.29, 178.64, 29.02, 67.14], [1, 245.92, 65.02, 41.77]]"
675,/home/pi/sambashare/BacArbeit/cocoval2017/000000352760.jpg,3.171954929000094,"['0: person', '30: skis']","[0, 30]","[0.93537945, 0.8334671]","[[143.01, 82.77, 228.58, 346.76], [63.52, 201.07, 337.84, 337.88]]"
676,/home/pi/sambashare/BacArbeit/cocoval2017/000000180011.jpg,3.18457493599999,"['23: giraffe', '0: person', '23: giraffe', '22: zebra', '23: giraffe', '23: giraffe', '22: zebra']","[23, 0, 23, 22, 23, 23, 22]","[0.9182602, 0.9033295, 0.8547172, 0.8399, 0.8117943, 0.8114476, 0.28673708]","[[84.54, 292.03, 288.59, 347.97], [209.12, 463.24, 220.06, 176.25], [1.36, 131.83, 217.02, 476.24], [365.67, 307.02, 51.13, 97.86], [1, 487.12, 190.96, 151.7], [301.67, 173.63, 108.38, 398.05], [395.94, 288.08, 83.43, 350.39]]"
677,/home/pi/sambashare/BacArbeit/cocoval2017/000000234413.jpg,3.187148224000339,['61: toilet'],[61],[0.92149925],"[[150.18, 45.81, 293.32, 410.84]]"
678,/home/pi/sambashare/BacArbeit/cocoval2017/000000504711.jpg,3.1876099209998756,"['42: fork', '21: bear']","[42, 21]","[0.852119, 0.73236394]","[[19.29, 196.42, 616.89, 203.17], [143.47, 1.47, 435.27, 288.43]]"
679,/home/pi/sambashare/BacArbeit/cocoval2017/000000024567.jpg,3.17620402700004,"['0: person', '56: chair', '52: hot dog', '0: person', '56: chair', '60: dining table']","[0, 56, 52, 0, 56, 60]","[0.6951768, 0.5952203, 0.5221397, 0.50392634, 0.4514011, 0.34586805]","[[1.84, 2.57, 458.6, 493.61], [16.66, 1, 111.15, 106.73], [46.57, 379.7, 78.85, 122.86], [1, 1, 26.05, 149.19], [350.95, 337.26, 128.53, 245.57], [2.66, 334.17, 477.34, 302.76]]"
680,/home/pi/sambashare/BacArbeit/cocoval2017/000000259571.jpg,3.1919598839999708,"['5: bus', '0: person', '0: person', '0: person', '0: person', '0: person', '7: truck', '0: person']","[5, 0, 0, 0, 0, 0, 7, 0]","[0.6830992, 0.5669851, 0.5401831, 0.52898484, 0.44417676, 0.43310016, 0.35734484, 0.29436412]","[[24.53, 86.54, 193.25, 140.43], [340.93, 81.56, 27.28, 29.43], [414.16, 78.19, 38.43, 30.89], [311.47, 78.98, 29.15, 32.75], [269.05, 80.75, 29.7, 38.19], [367.27, 69.59, 38.0, 42.02], [170.41, 52.21, 290.41, 227.19], [401.69, 78.42, 32.21, 27.17]]"
681,/home/pi/sambashare/BacArbeit/cocoval2017/000000542089.jpg,3.1773951260001922,['71: sink'],[71],[0.88159055],"[[65.48, 294.38, 92.99, 56.13]]"
682,/home/pi/sambashare/BacArbeit/cocoval2017/000000071756.jpg,3.1878516960000525,"['21: bear', '21: bear']","[21, 21]","[0.6632218, 0.32256943]","[[127.59, 94.68, 311.47, 280.96], [301.76, 134.76, 136.04, 241.6]]"
683,/home/pi/sambashare/BacArbeit/cocoval2017/000000505169.jpg,3.1917803329997696,['61: toilet'],[61],[0.8778148],"[[345.18, 493.7, 83.35, 103.34]]"
684,/home/pi/sambashare/BacArbeit/cocoval2017/000000417876.jpg,3.180080561000068,"['23: giraffe', '14: bird', '23: giraffe', '23: giraffe']","[23, 14, 23, 23]","[0.8793439, 0.6181944, 0.5952667, 0.2730347]","[[200.82, 95.04, 64.2, 208.57], [1, 291.06, 40.76, 20.47], [307.7, 164.37, 64.64, 132.76], [309.01, 126.27, 109.25, 173.13]]"
685,/home/pi/sambashare/BacArbeit/cocoval2017/000000251065.jpg,3.1939674760001253,"['61: toilet', '45: bowl']","[61, 45]","[0.93393755, 0.6244322]","[[131.62, 121.4, 224.98, 417.97], [87.15, 317.63, 73.06, 79.0]]"
686,/home/pi/sambashare/BacArbeit/cocoval2017/000000453001.jpg,3.1881438720001825,"['0: person', '0: person', '28: suitcase', '58: potted plant', '13: bench']","[0, 0, 28, 58, 13]","[0.90801346, 0.8937254, 0.8904149, 0.53687346, 0.3330948]","[[351.05, 114.14, 189.61, 264.14], [137.58, 9.87, 140.89, 462.29], [261.98, 263.39, 110.84, 144.63], [459.92, 239.29, 86.52, 105.72], [499.0, 280.74, 140.24, 198.77]]"
687,/home/pi/sambashare/BacArbeit/cocoval2017/000000529122.jpg,3.188397323999652,"['0: person', '0: person', '26: handbag', '0: person', '62: tv']","[0, 0, 26, 0, 62]","[0.93645424, 0.87116325, 0.78187865, 0.7036221, 0.594811]","[[140.81, 98.46, 159.75, 182.54], [247.08, 75.94, 65.71, 80.2], [20.49, 105.57, 74.35, 156.87], [22.4, 7.5, 141.98, 273.5], [360.68, 110.71, 95.77, 58.5]]"
688,/home/pi/sambashare/BacArbeit/cocoval2017/000000556193.jpg,3.184225969000181,"['0: person', '0: person', '56: chair']","[0, 0, 56]","[0.92344385, 0.89103526, 0.49169433]","[[69.56, 56.39, 202.67, 273.7], [273.05, 33.92, 146.98, 296.89], [458.36, 212.56, 41.32, 119.58]]"
689,/home/pi/sambashare/BacArbeit/cocoval2017/000000195842.jpg,3.178776364999976,"['0: person', '74: clock', '62: tv', '56: chair', '56: chair', '59: bed', '0: person', '26: handbag', '63: laptop', '73: book', '65: remote']","[0, 74, 62, 56, 56, 59, 0, 26, 63, 73, 65]","[0.9428053, 0.9089519, 0.8553101, 0.7538183, 0.6382968, 0.59761375, 0.49662936, 0.41070315, 0.331718, 0.31417227, 0.2888187]","[[413.06, 49.23, 148.09, 415.36], [496.62, 19.1, 39.34, 40.58], [166.93, 193.99, 90.87, 87.69], [584.84, 312.12, 54.82, 106.45], [274.97, 287.66, 176.27, 95.39], [555.29, 388.44, 84.07, 90.72], [1, 402.12, 36.2, 77.08], [276.44, 400.51, 84.53, 47.62], [625.35, 295.41, 14.45, 26.54], [179.78, 390.79, 48.43, 25.57], [442.72, 142.07, 8.35, 12.81]]"
690,/home/pi/sambashare/BacArbeit/cocoval2017/000000133567.jpg,3.1817289139999048,"['0: person', '6: train']","[0, 6]","[0.9394688, 0.8602016]","[[33.27, 200.77, 98.49, 226.81], [1, 84.48, 574.95, 208.2]]"
691,/home/pi/sambashare/BacArbeit/cocoval2017/000000263403.jpg,3.1824335470000733,"['0: person', '37: surfboard']","[0, 37]","[0.9165269, 0.7095513]","[[333.67, 60.58, 83.06, 121.33], [377.27, 80.0, 45.52, 113.59]]"
692,/home/pi/sambashare/BacArbeit/cocoval2017/000000470773.jpg,3.175077979999969,"['41: cup', '0: person', '39: bottle', '58: potted plant', '58: potted plant', '39: bottle']","[41, 0, 39, 58, 58, 39]","[0.8531455, 0.831155, 0.5273232, 0.37581956, 0.3746836, 0.2935708]","[[88.97, 162.49, 70.5, 92.75], [126.51, 1, 157.84, 213.29], [541.03, 26.09, 85.28, 112.0], [251.58, 1, 132.35, 181.39], [22.61, 1, 121.39, 211.58], [513.44, 1, 62.73, 110.45]]"
693,/home/pi/sambashare/BacArbeit/cocoval2017/000000150417.jpg,3.190006877000087,"['0: person', '72: refrigerator', '55: cake', '41: cup', '41: cup', '0: person', '56: chair', '39: bottle', '41: cup', '56: chair', '60: dining table', '41: cup', '41: cup', '43: knife', '56: chair']","[0, 72, 55, 41, 41, 0, 56, 39, 41, 56, 60, 41, 41, 43, 56]","[0.944566, 0.8757279, 0.8545871, 0.84699196, 0.7720985, 0.70546025, 0.7027139, 0.604081, 0.58925396, 0.5492914, 0.49501872, 0.45973328, 0.29393336, 0.28113723, 0.26347187]","[[121.98, 70.8, 215.4, 263.85], [273.39, 1, 231.6, 254.12], [274.39, 315.69, 111.94, 86.09], [478.34, 190.42, 26.72, 45.21], [346.4, 244.3, 123.63, 90.48], [355.96, 1, 284.04, 479], [103.95, 261.4, 24.07, 64.31], [31.73, 90.51, 20.28, 34.33], [351.92, 236.15, 37.33, 39.86], [121.85, 148.19, 46.38, 78.23], [64.3, 181.05, 554.11, 298.95], [49.12, 107.69, 20.45, 18.07], [4.08, 98.48, 32.41, 34.0], [61.13, 88.63, 6.98, 12.2], [72.58, 314.92, 126.98, 164.28]]"
694,/home/pi/sambashare/BacArbeit/cocoval2017/000000280779.jpg,3.18205604700006,"['0: person', '24: backpack', '30: skis']","[0, 24, 30]","[0.9224086, 0.5734712, 0.31553996]","[[325.53, 143.13, 109.68, 287.3], [342.68, 183.27, 62.79, 59.28], [326.22, 418.89, 75.51, 26.58]]"
695,/home/pi/sambashare/BacArbeit/cocoval2017/000000261036.jpg,3.1771885490002205,"['0: person', '29: frisbee', '0: person', '0: person', '29: frisbee', '30: skis']","[0, 29, 0, 0, 29, 30]","[0.9427177, 0.92918766, 0.89909804, 0.8645626, 0.6883401, 0.46889392]","[[44.09, 124.74, 101.63, 331.1], [84.5, 88.35, 71.34, 38.47], [44.09, 1, 32.97, 109.95], [305.45, 3.93, 25.69, 111.81], [164.68, 431.78, 61.81, 17.56], [290.35, 109.39, 41.86, 10.28]]"
696,/home/pi/sambashare/BacArbeit/cocoval2017/000000302165.jpg,3.17978720300016,"['19: cow', '19: cow', '19: cow', '19: cow', '19: cow', '19: cow', '7: truck']","[19, 19, 19, 19, 19, 19, 7]","[0.94705003, 0.9326365, 0.8841757, 0.82398254, 0.6887392, 0.47511932, 0.29774967]","[[1, 310.66, 217.84, 168.69], [107.09, 231.27, 279.37, 147.1], [381.45, 135.29, 195.2, 118.33], [330.32, 206.66, 195.35, 75.72], [203.77, 214.41, 280.65, 115.8], [567.26, 170.86, 51.39, 40.55], [1, 69.46, 239.61, 116.71]]"
697,/home/pi/sambashare/BacArbeit/cocoval2017/000000082846.jpg,3.1776829680002265,"['5: bus', '11: stop sign', '11: stop sign']","[5, 11, 11]","[0.93360996, 0.6686008, 0.56515795]","[[91.11, 166.15, 465.23, 274.59], [46.69, 184.15, 20.38, 22.13], [60.0, 176.85, 13.4, 16.65]]"
698,/home/pi/sambashare/BacArbeit/cocoval2017/000000080671.jpg,3.1843236940003408,"['0: person', '30: skis', '30: skis']","[0, 30, 30]","[0.93456805, 0.66353494, 0.56646305]","[[218.96, 118.5, 204.57, 249.96], [196.2, 361.18, 149.06, 16.44], [195.86, 337.27, 270.23, 41.41]]"
699,/home/pi/sambashare/BacArbeit/cocoval2017/000000024243.jpg,3.186055273999955,"['0: person', '41: cup', '0: person', '41: cup', '13: bench', '41: cup', '0: person', '0: person', '0: person', '0: person', '0: person']","[0, 41, 0, 41, 13, 41, 0, 0, 0, 0, 0]","[0.95009094, 0.8988105, 0.826722, 0.81627864, 0.6425251, 0.6397596, 0.5841601, 0.50509995, 0.50425684, 0.37518758, 0.35155743]","[[38.91, 64.33, 268.19, 412.12], [29.5, 276.7, 32.45, 50.88], [306.9, 50.16, 84.17, 269.33], [1, 317.85, 21.0, 40.92], [1, 327.81, 190.93, 151.07], [1, 307.25, 29.27, 38.49], [616.01, 87.37, 23.04, 221.97], [562.11, 67.06, 14.13, 29.15], [573.64, 68.08, 11.08, 23.4], [578.73, 68.98, 9.9, 22.4], [625.89, 69.63, 9.48, 25.3]]"
700,/home/pi/sambashare/BacArbeit/cocoval2017/000000338325.jpg,3.1846663979999903,['4: airplane'],[4],[0.9488603],"[[117.46, 142.31, 333.0, 162.27]]"
701,/home/pi/sambashare/BacArbeit/cocoval2017/000000337498.jpg,3.181913438000265,"['41: cup', '41: cup', '55: cake', '41: cup', '43: knife']","[41, 41, 55, 41, 43]","[0.9167549, 0.8577405, 0.69032234, 0.6435275, 0.5622371]","[[320.47, 1, 117.79, 74.01], [1, 1.32, 73.76, 198.95], [92.15, 91.3, 495.65, 321.49], [440.96, 1, 195.0, 32.28], [66.91, 25.31, 139.9, 50.98]]"
702,/home/pi/sambashare/BacArbeit/cocoval2017/000000000776.jpg,3.1786204550003276,['77: teddy bear'],[77],[0.5844492],"[[1.43, 30.5, 423.67, 603.18]]"
703,/home/pi/sambashare/BacArbeit/cocoval2017/000000038070.jpg,3.18889075900006,['61: toilet'],[61],[0.9009764],"[[159.48, 35.61, 207.0, 322.08]]"
704,/home/pi/sambashare/BacArbeit/cocoval2017/000000083540.jpg,3.185329708000154,"['0: person', '30: skis']","[0, 30]","[0.82918596, 0.27963254]","[[332.36, 246.78, 47.59, 170.35], [291.37, 404.71, 168.38, 13.78]]"
705,/home/pi/sambashare/BacArbeit/cocoval2017/000000290619.jpg,3.191994694999721,"['61: toilet', '61: toilet']","[61, 61]","[0.51777524, 0.43738827]","[[13.66, 55.97, 591.11, 411.89], [52.24, 60.74, 229.62, 381.41]]"
706,/home/pi/sambashare/BacArbeit/cocoval2017/000000544811.jpg,3.1870495430002848,"['14: bird', '14: bird']","[14, 14]","[0.91475844, 0.9145493]","[[323.15, 247.09, 105.33, 91.51], [476.87, 190.17, 122.06, 98.18]]"
707,/home/pi/sambashare/BacArbeit/cocoval2017/000000480212.jpg,3.1791768930002036,"['67: cell phone', '41: cup', '68: microwave', '39: bottle']","[67, 41, 68, 39]","[0.9474224, 0.7783204, 0.42209396, 0.2826271]","[[259.51, 163.38, 199.2, 290.45], [45.98, 1, 237.57, 272.48], [1, 1.25, 98.14, 215.7], [565.9, 1, 73.57, 12.5]]"
708,/home/pi/sambashare/BacArbeit/cocoval2017/000000359781.jpg,3.169959550000385,['23: giraffe'],[23],[0.78901255],"[[107.93, 13.16, 409.33, 471.93]]"
709,/home/pi/sambashare/BacArbeit/cocoval2017/000000069224.jpg,3.175634541999898,"['0: person', '0: person', '56: chair', '39: bottle', '56: chair', '60: dining table', '56: chair', '60: dining table']","[0, 0, 56, 39, 56, 60, 56, 60]","[0.91726303, 0.8692327, 0.82324195, 0.7826235, 0.56653, 0.36033493, 0.2813868, 0.2731928]","[[44.87, 100.69, 229.38, 273.73], [196.45, 32.83, 133.5, 206.47], [1, 190.71, 71.91, 183.53], [193.09, 287.88, 37.45, 80.55], [1, 106.49, 85.46, 96.69], [1, 103.03, 46.58, 39.06], [140.48, 52.15, 46.47, 30.51], [163.12, 209.48, 334.82, 165.36]]"
710,/home/pi/sambashare/BacArbeit/cocoval2017/000000516916.jpg,3.1913072070001363,"['63: laptop', '63: laptop', '63: laptop', '66: keyboard', '62: tv', '62: tv', '56: chair', '64: mouse', '66: keyboard', '66: keyboard', '66: keyboard']","[63, 63, 63, 66, 62, 62, 56, 64, 66, 66, 66]","[0.9367259, 0.9276741, 0.92711806, 0.8966294, 0.89510876, 0.89385504, 0.8551687, 0.69307417, 0.6689446, 0.5787777, 0.47574347]","[[375.18, 94.14, 162.43, 143.73], [449.57, 217.46, 189.87, 175.18], [147.8, 82.95, 112.9, 106.01], [222.55, 205.04, 161.98, 61.64], [280.18, 75.26, 140.65, 113.01], [1.65, 69.7, 153.17, 123.29], [95.2, 195.94, 208.34, 283.58], [391.11, 242.67, 28.21, 23.26], [163.5, 150.22, 86.12, 19.17], [500.26, 301.72, 78.17, 82.35], [410.04, 169.46, 95.91, 45.09]]"
711,/home/pi/sambashare/BacArbeit/cocoval2017/000000087244.jpg,3.181876721000208,"['10: fire hydrant', '0: person', '13: bench']","[10, 0, 13]","[0.9095302, 0.574646, 0.5500538]","[[152.25, 163.96, 139.74, 325.28], [185.52, 1, 39.51, 95.16], [225.83, 64.26, 36.79, 45.55]]"
712,/home/pi/sambashare/BacArbeit/cocoval2017/000000183391.jpg,3.1963923350003824,"['38: tennis racket', '0: person', '56: chair', '56: chair', '0: person', '56: chair', '0: person', '56: chair', '0: person', '0: person', '0: person', '0: person', '0: person', '56: chair', '56: chair', '56: chair', '56: chair', '0: person', '56: chair', '0: person']","[38, 0, 56, 56, 0, 56, 0, 56, 0, 0, 0, 0, 0, 56, 56, 56, 56, 0, 56, 0]","[0.9100665, 0.7372287, 0.6879172, 0.5791795, 0.55516374, 0.5451011, 0.5435001, 0.47960225, 0.42040026, 0.3785628, 0.37574646, 0.3525382, 0.33713087, 0.32888594, 0.326432, 0.32564548, 0.32472345, 0.3152899, 0.27678174, 0.26402777]","[[89.27, 6.76, 131.76, 121.56], [247.22, 319.13, 52.52, 57.27], [130.41, 309.96, 44.5, 29.72], [89.62, 309.88, 41.74, 27.96], [246.33, 124.73, 240.79, 470.59], [1, 249.05, 33.19, 22.85], [297.95, 242.95, 49.06, 71.09], [310.52, 310.29, 41.55, 26.07], [12.76, 313.01, 46.98, 62.31], [262.38, 247.06, 38.91, 66.36], [1, 273.78, 44.58, 61.04], [81.52, 251.96, 50.82, 57.88], [32.26, 184.88, 51.65, 71.35], [269.73, 309.22, 41.08, 27.12], [96.05, 169.7, 36.83, 23.7], [127.93, 279.67, 37.34, 28.35], [139.87, 340.73, 45.95, 30.36], [57.16, 310.38, 47.9, 63.92], [72.82, 196.75, 28.55, 21.04], [46.1, 272.47, 44.04, 57.81]]"
713,/home/pi/sambashare/BacArbeit/cocoval2017/000000153632.jpg,3.173430158999963,"['43: knife', '45: bowl', '42: fork', '45: bowl', '55: cake', '60: dining table']","[43, 45, 42, 45, 55, 60]","[0.9571969, 0.8838429, 0.68788165, 0.65722334, 0.6223538, 0.3336239]","[[13.02, 4.89, 313.17, 185.41], [40.76, 1, 178.66, 49.62], [1, 122.86, 17.0, 82.11], [516.09, 8.31, 123.21, 290.05], [204.41, 96.69, 276.1, 280.49], [21.14, 26.58, 611.84, 407.88]]"
714,/home/pi/sambashare/BacArbeit/cocoval2017/000000431545.jpg,3.177518020000207,"['0: person', '0: person']","[0, 0]","[0.93562406, 0.89070016]","[[143.88, 80.88, 94.76, 212.59], [275.6, 1, 51.24, 91.14]]"
715,/home/pi/sambashare/BacArbeit/cocoval2017/000000154213.jpg,3.1778965290000087,"['76: scissors', '75: vase']","[76, 75]","[0.89292777, 0.6766628]","[[380.96, 121.63, 118.52, 210.33], [23.09, 21.52, 369.09, 314.94]]"
716,/home/pi/sambashare/BacArbeit/cocoval2017/000000198928.jpg,3.183858631000021,"['0: person', '9: traffic light', '9: traffic light', '5: bus', '9: traffic light']","[0, 9, 9, 5, 9]","[0.9210204, 0.88430935, 0.7208376, 0.46776885, 0.25337344]","[[249.08, 391.63, 58.22, 193.56], [295.92, 175.42, 54.28, 121.16], [297.72, 393.97, 22.64, 61.11], [126.99, 367.92, 79.74, 21.56], [277.85, 321.85, 31.58, 39.05]]"
717,/home/pi/sambashare/BacArbeit/cocoval2017/000000407868.jpg,3.1914894020001157,"['0: person', '0: person', '0: person', '33: kite', '13: bench', '13: bench', '13: bench', '29: frisbee', '33: kite']","[0, 0, 0, 33, 13, 13, 13, 29, 33]","[0.8587944, 0.8561803, 0.85263896, 0.78524953, 0.77660286, 0.7748139, 0.62743264, 0.58514816, 0.438065]","[[202.96, 239.86, 48.48, 101.82], [80.8, 259.31, 22.37, 41.87], [379.47, 250.87, 12.41, 47.98], [159.22, 148.86, 165.97, 263.66], [575.71, 256.5, 21.64, 11.58], [608.54, 255.39, 18.44, 13.96], [540.21, 256.76, 25.25, 13.16], [49.83, 296.23, 8.95, 9.86], [166.94, 137.8, 88.12, 76.58]]"
718,/home/pi/sambashare/BacArbeit/cocoval2017/000000146457.jpg,3.1918666159999702,"['45: bowl', '39: bottle', '0: person', '39: bottle', '0: person', '45: bowl', '39: bottle', '71: sink', '41: cup', '56: chair', '39: bottle', '41: cup']","[45, 39, 0, 39, 0, 45, 39, 71, 41, 56, 39, 41]","[0.79404014, 0.75607497, 0.7501897, 0.71842, 0.69065964, 0.6870338, 0.58763117, 0.42117786, 0.41172674, 0.37335855, 0.3628377, 0.30507183]","[[572.09, 399.18, 67.51, 80.27], [539.82, 189.73, 58.23, 99.66], [1, 1.3, 262.59, 361.91], [347.59, 46.69, 24.16, 62.3], [169.66, 1, 169.57, 267.33], [388.89, 250.41, 133.78, 40.75], [507.77, 60.06, 35.61, 58.71], [425.22, 120.61, 118.27, 21.68], [337.41, 101.74, 28.38, 17.03], [1, 290.01, 93.23, 117.04], [579.61, 80.24, 20.93, 53.1], [468.21, 82.89, 28.37, 32.94]]"
719,/home/pi/sambashare/BacArbeit/cocoval2017/000000384527.jpg,3.189081764999628,"['56: chair', '41: cup', '56: chair', '56: chair', '41: cup', '75: vase', '41: cup', '41: cup', '60: dining table', '41: cup', '1: bicycle', '58: potted plant', '73: book', '73: book', '73: book', '62: tv', '73: book', '73: book', '45: bowl']","[56, 41, 56, 56, 41, 75, 41, 41, 60, 41, 1, 58, 73, 73, 73, 62, 73, 73, 45]","[0.93991613, 0.9014741, 0.87724674, 0.86114496, 0.84898597, 0.8478393, 0.8116203, 0.68757904, 0.6531509, 0.5684788, 0.5509016, 0.37093052, 0.32641724, 0.3179926, 0.31245512, 0.29004738, 0.2652549, 0.256683, 0.2528378]","[[201.78, 299.61, 352.25, 179.47], [328.36, 221.92, 25.25, 28.94], [456.44, 269.57, 183.38, 208.66], [464.92, 158.81, 128.89, 154.55], [368.53, 231.51, 26.93, 22.06], [360.34, 138.8, 23.36, 74.74], [408.99, 231.23, 28.34, 23.42], [467.41, 205.76, 15.27, 17.28], [300.18, 191.08, 198.55, 171.82], [438.14, 190.72, 16.23, 18.86], [377.79, 106.2, 172.07, 88.23], [320.13, 59.96, 144.08, 151.6], [626.08, 168.57, 13.92, 39.55], [381.77, 190.84, 60.3, 41.38], [619.64, 163.32, 16.09, 43.79], [44.42, 274.38, 133.56, 112.84], [605.42, 209.38, 18.45, 37.56], [612.23, 161.23, 14.94, 43.97], [442.83, 221.79, 38.67, 24.93]]"
720,/home/pi/sambashare/BacArbeit/cocoval2017/000000374551.jpg,3.180420183000024,['14: bird'],[14],[0.68976265],"[[20.99, 73.08, 376.71, 226.92]]"
721,/home/pi/sambashare/BacArbeit/cocoval2017/000000357081.jpg,3.190230635000262,"['19: cow', '19: cow']","[19, 19]","[0.90294033, 0.87811685]","[[232.94, 92.9, 381.27, 244.63], [125.86, 132.7, 166.74, 161.11]]"
722,/home/pi/sambashare/BacArbeit/cocoval2017/000000276018.jpg,3.176865409000129,"['0: person', '0: person', '77: teddy bear', '0: person', '0: person', '0: person', '0: person', '0: person', '77: teddy bear', '0: person', '0: person', '0: person']","[0, 0, 77, 0, 0, 0, 0, 0, 77, 0, 0, 0]","[0.882275, 0.8230094, 0.7567339, 0.7227805, 0.69838876, 0.62249595, 0.61589426, 0.5199347, 0.50180715, 0.4792536, 0.42390272, 0.38822]","[[44.54, 247.88, 161.43, 391.3], [296.66, 121.48, 119.11, 434.06], [55.05, 371.99, 89.7, 166.22], [261.12, 20.08, 119.5, 237.44], [68.23, 109.89, 70.64, 242.34], [1, 8.46, 75.01, 629.12], [378.71, 16.38, 37.11, 142.29], [154.22, 248.97, 104.65, 374.15], [163.13, 323.62, 95.97, 133.07], [118.18, 124.81, 132.69, 226.26], [163.09, 25.04, 121.16, 248.46], [148.22, 249.83, 83.1, 111.97]]"
723,/home/pi/sambashare/BacArbeit/cocoval2017/000000210520.jpg,3.1888377059999584,"['45: bowl', '41: cup', '41: cup', '41: cup', '44: spoon', '44: spoon', '41: cup', '40: wine glass', '42: fork', '40: wine glass', '42: fork', '44: spoon', '40: wine glass', '50: broccoli', '75: vase', '60: dining table', '45: bowl']","[45, 41, 41, 41, 44, 44, 41, 40, 42, 40, 42, 44, 40, 50, 75, 60, 45]","[0.9321423, 0.9278454, 0.91141033, 0.8937792, 0.88939404, 0.85308856, 0.8471552, 0.78132385, 0.77980334, 0.7705749, 0.65373284, 0.60497797, 0.5674171, 0.44408858, 0.3245726, 0.2811002, 0.27816808]","[[463.19, 47.64, 147.89, 258.16], [342.85, 98.13, 125.63, 160.81], [163.81, 268.4, 69.74, 67.0], [424.92, 1, 61.35, 41.61], [418.15, 376.53, 30.9, 137.14], [423.22, 161.2, 148.82, 79.76], [1, 202.94, 125.95, 141.75], [512.91, 1, 63.58, 43.55], [110.63, 383.47, 27.16, 173.08], [268.72, 1, 98.41, 109.14], [396.65, 388.27, 24.51, 152.67], [570.33, 207.23, 33.05, 96.98], [264.52, 37.44, 79.46, 169.92], [280.46, 416.04, 115.92, 124.58], [1, 96.79, 52.42, 117.24], [3.04, 4.45, 601.28, 594.27], [584.52, 1, 27.2, 82.13]]"
724,/home/pi/sambashare/BacArbeit/cocoval2017/000000109798.jpg,3.174576870999772,"['54: donut', '55: cake', '39: bottle', '14: bird']","[54, 55, 39, 14]","[0.9359257, 0.8781378, 0.6436974, 0.56979835]","[[6.52, 177.63, 211.47, 139.7], [202.03, 154.3, 204.05, 165.36], [158.03, 1, 178.37, 141.36], [45.02, 91.9, 222.4, 93.24]]"
725,/home/pi/sambashare/BacArbeit/cocoval2017/000000565469.jpg,3.189544257000307,['74: clock'],[74],[0.57335293],"[[162.5, 71.83, 49.03, 36.2]]"
726,/home/pi/sambashare/BacArbeit/cocoval2017/000000569917.jpg,3.1793141190000824,"['61: toilet', '71: sink', '79: toothbrush', '79: toothbrush']","[61, 71, 79, 79]","[0.80146086, 0.5669007, 0.3198455, 0.2586955]","[[1, 423.87, 133.19, 215.2], [184.76, 308.97, 294.98, 228.28], [325.32, 280.62, 17.16, 78.31], [332.32, 281.44, 18.8, 75.32]]"
727,/home/pi/sambashare/BacArbeit/cocoval2017/000000121673.jpg,3.177705789999891,"['0: person', '37: surfboard']","[0, 37]","[0.95231277, 0.83190113]","[[149.85, 79.2, 183.84, 164.15], [173.46, 239.8, 269.88, 48.02]]"
728,/home/pi/sambashare/BacArbeit/cocoval2017/000000151662.jpg,3.172877026000151,['23: giraffe'],[23],[0.6249107],"[[67.73, 155.49, 415.73, 294.18]]"
729,/home/pi/sambashare/BacArbeit/cocoval2017/000000424162.jpg,3.1821566590001567,"['16: dog', '2: car', '0: person', '7: truck', '0: person', '2: car', '24: backpack', '24: backpack', '1: bicycle', '0: person', '2: car', '26: handbag', '12: parking meter']","[16, 2, 0, 7, 0, 2, 24, 24, 1, 0, 2, 26, 12]","[0.93943167, 0.9306422, 0.870711, 0.8385822, 0.7807197, 0.78000486, 0.65088886, 0.5983146, 0.56114465, 0.45721152, 0.35953707, 0.32545036, 0.28400353]","[[79.19, 294.17, 152.99, 183.69], [1, 177.47, 123.52, 125.22], [456.72, 125.23, 128.3, 351.15], [182.31, 116.34, 150.48, 91.45], [333.92, 132.03, 116.06, 340.16], [582.97, 170.13, 33.32, 33.49], [324.69, 226.59, 72.78, 93.11], [477.19, 173.75, 74.42, 62.04], [483.52, 272.31, 110.89, 206.55], [389.42, 124.89, 69.38, 134.55], [1, 172.52, 24.49, 34.74], [484.78, 223.47, 92.29, 104.09], [604.46, 94.75, 32.59, 52.72]]"
730,/home/pi/sambashare/BacArbeit/cocoval2017/000000541634.jpg,3.1785835179998685,"['41: cup', '41: cup', '45: bowl', '43: knife', '60: dining table', '41: cup', '41: cup', '50: broccoli']","[41, 41, 45, 43, 60, 41, 41, 50]","[0.9241857, 0.9094658, 0.90094316, 0.57347304, 0.49630073, 0.46976677, 0.43367594, 0.26398346]","[[8.62, 84.45, 105.21, 189.02], [77.54, 33.67, 148.2, 289.56], [113.37, 262.53, 393.89, 285.28], [564.58, 225.56, 37.68, 80.26], [3.0, 41.25, 608.11, 556.9], [433.49, 84.2, 92.38, 114.03], [444.24, 210.69, 132.58, 144.31], [321.29, 393.72, 59.92, 27.13]]"
731,/home/pi/sambashare/BacArbeit/cocoval2017/000000429011.jpg,3.1857893249998597,"['2: car', '0: person', '12: parking meter', '1: bicycle']","[2, 0, 12, 1]","[0.9520353, 0.84022564, 0.58276623, 0.31569526]","[[424.87, 204.09, 201.15, 93.74], [263.64, 185.13, 25.92, 73.74], [505.63, 156.3, 28.61, 51.58], [572.44, 274.62, 67.22, 59.2]]"
732,/home/pi/sambashare/BacArbeit/cocoval2017/000000079188.jpg,3.167783372000031,"['23: giraffe', '23: giraffe']","[23, 23]","[0.94372624, 0.861163]","[[111.54, 154.3, 336.99, 480.07], [1.21, 3.09, 310.92, 634.79]]"
733,/home/pi/sambashare/BacArbeit/cocoval2017/000000431140.jpg,3.183083771999918,"['61: toilet', '61: toilet', '71: sink']","[61, 61, 71]","[0.897, 0.87410957, 0.8504815]","[[1.28, 146.07, 268.45, 333.06], [480.97, 1, 123.0, 160.31], [273.68, 173.04, 363.58, 304.99]]"
734,/home/pi/sambashare/BacArbeit/cocoval2017/000000183104.jpg,3.1861051460000454,['23: giraffe'],[23],[0.6965556],"[[41.06, 42.42, 589.98, 431.8]]"
735,/home/pi/sambashare/BacArbeit/cocoval2017/000000194875.jpg,3.200132496999686,"['3: motorcycle', '0: person', '0: person', '3: motorcycle', '56: chair', '0: person', '0: person', '0: person', '39: bottle', '0: person', '39: bottle', '39: bottle', '39: bottle', '0: person', '0: person', '39: bottle', '39: bottle', '39: bottle', '0: person', '0: person', '39: bottle', '39: bottle', '39: bottle', '39: bottle', '3: motorcycle', '39: bottle', '39: bottle', '39: bottle', '56: chair', '0: person', '39: bottle', '39: bottle', '39: bottle', '39: bottle', '39: bottle', '39: bottle', '56: chair', '39: bottle', '56: chair', '41: cup', '39: bottle', '39: bottle', '39: bottle', '56: chair', '60: dining table']","[3, 0, 0, 3, 56, 0, 0, 0, 39, 0, 39, 39, 39, 0, 0, 39, 39, 39, 0, 0, 39, 39, 39, 39, 3, 39, 39, 39, 56, 0, 39, 39, 39, 39, 39, 39, 56, 39, 56, 41, 39, 39, 39, 56, 60]","[0.8590709, 0.8159045, 0.8130151, 0.81223655, 0.79956985, 0.79596096, 0.7950652, 0.77229077, 0.7342235, 0.67929786, 0.59341913, 0.5766199, 0.57604545, 0.5654824, 0.5552299, 0.5468975, 0.54244524, 0.51950073, 0.51641583, 0.51348126, 0.49612707, 0.49051747, 0.44518745, 0.43071762, 0.42399225, 0.41716072, 0.4144189, 0.4099646, 0.39967388, 0.39671522, 0.39075178, 0.389165, 0.37675387, 0.37459794, 0.36515442, 0.36070287, 0.35982704, 0.35180536, 0.3485696, 0.3415571, 0.33977646, 0.33656484, 0.31027594, 0.2741825, 0.25395313]","[[39.37, 286.62, 431.8, 269.21], [3.74, 226.54, 91.86, 96.43], [159.15, 223.59, 98.21, 103.35], [1, 344.73, 117.8, 218.85], [391.07, 296.15, 97.66, 66.29], [292.56, 156.09, 72.58, 123.62], [437.1, 144.27, 82.17, 130.23], [510.91, 239.18, 92.25, 84.63], [366.58, 96.09, 11.43, 40.68], [220.62, 167.71, 86.07, 117.17], [309.76, 98.05, 12.01, 37.75], [388.29, 93.57, 11.8, 43.14], [333.1, 94.39, 11.33, 41.78], [439.37, 246.1, 65.09, 81.24], [586.63, 241.0, 53.36, 59.37], [355.12, 95.61, 11.33, 40.89], [343.42, 94.7, 11.88, 41.69], [434.54, 97.38, 12.9, 24.12], [268.19, 235.96, 84.73, 100.56], [384.55, 240.65, 90.75, 62.99], [376.66, 93.42, 13.13, 42.71], [287.73, 88.3, 10.16, 49.86], [320.52, 95.18, 13.55, 41.87], [411.75, 101.0, 12.35, 33.97], [364.64, 306.59, 273.16, 245.06], [297.36, 96.74, 11.87, 39.78], [457.1, 95.65, 10.94, 27.03], [400.71, 100.98, 11.29, 36.36], [246.25, 208.04, 29.36, 81.82], [395.38, 156.24, 49.11, 78.91], [263.32, 130.37, 11.05, 37.69], [215.31, 129.1, 10.95, 38.41], [272.52, 133.17, 10.56, 35.4], [282.66, 127.41, 12.77, 42.11], [225.12, 134.52, 12.32, 33.86], [277.48, 88.85, 10.75, 48.57], [580.98, 299.17, 58.79, 86.62], [423.73, 101.44, 11.02, 31.25], [1, 290.08, 64.75, 61.49], [415.05, 210.38, 15.01, 25.69], [237.11, 131.52, 13.04, 37.03], [249.46, 128.22, 14.75, 40.19], [447.62, 95.55, 10.1, 25.34], [247.97, 287.38, 30.82, 36.96], [346.48, 233.29, 120.01, 18.78]]"
736,/home/pi/sambashare/BacArbeit/cocoval2017/000000154087.jpg,3.188509524999972,"['0: person', '0: person', '0: person', '0: person', '30: skis']","[0, 0, 0, 0, 30]","[0.90898776, 0.88506436, 0.8789589, 0.8601672, 0.59268343]","[[30.7, 281.97, 55.44, 127.18], [251.37, 291.8, 41.81, 115.47], [220.34, 302.28, 36.18, 97.52], [1, 288.66, 37.89, 129.32], [1, 414.31, 66.1, 11.52]]"
737,/home/pi/sambashare/BacArbeit/cocoval2017/000000068387.jpg,3.1814343350001764,"['0: person', '0: person', '0: person', '0: person', '34: baseball bat']","[0, 0, 0, 0, 34]","[0.93010134, 0.91926444, 0.9137809, 0.90434796, 0.74258584]","[[316.41, 150.49, 81.13, 138.27], [195.49, 240.04, 98.68, 92.55], [126.25, 194.47, 78.61, 135.73], [1.21, 1, 69.12, 118.05], [336.0, 108.05, 8.43, 45.66]]"
738,/home/pi/sambashare/BacArbeit/cocoval2017/000000293625.jpg,3.183304365999902,"['0: person', '40: wine glass', '0: person', '79: toothbrush', '65: remote', '65: remote', '65: remote']","[0, 40, 0, 79, 65, 65, 65]","[0.9391078, 0.76141095, 0.71280307, 0.6113056, 0.5705835, 0.49144727, 0.46157297]","[[252.14, 161.21, 269.16, 317.82], [525.99, 428.52, 89.98, 51.38], [1, 25.55, 301.31, 453.71], [79.86, 203.09, 110.75, 155.3], [491.67, 392.29, 45.36, 23.35], [460.44, 391.79, 76.55, 62.31], [79.54, 200.71, 76.49, 78.25]]"
739,/home/pi/sambashare/BacArbeit/cocoval2017/000000245448.jpg,3.183684372999778,"['0: person', '3: motorcycle', '0: person', '0: person', '0: person', '7: truck', '3: motorcycle', '0: person', '3: motorcycle', '2: car', '3: motorcycle']","[0, 3, 0, 0, 0, 7, 3, 0, 3, 2, 3]","[0.9314539, 0.9284833, 0.92576134, 0.91147965, 0.8831423, 0.8567622, 0.7877205, 0.75569963, 0.7162894, 0.40747342, 0.27413347]","[[61.02, 149.02, 87.72, 212.9], [242.24, 179.66, 288.89, 196.41], [158.48, 114.54, 119.6, 301.79], [278.68, 135.88, 88.74, 137.52], [378.01, 151.06, 49.24, 82.73], [1, 176.39, 160.81, 80.29], [476.95, 185.56, 52.13, 32.38], [235.77, 155.07, 26.63, 61.36], [439.13, 188.01, 27.95, 29.1], [287.94, 197.98, 21.76, 14.54], [507.52, 184.55, 29.63, 30.19]]"
740,/home/pi/sambashare/BacArbeit/cocoval2017/000000329455.jpg,3.1809080759999233,"['0: person', '53: pizza', '41: cup', '0: person', '41: cup', '41: cup', '56: chair', '41: cup', '56: chair', '41: cup', '60: dining table', '0: person', '56: chair', '60: dining table', '60: dining table', '0: person', '41: cup', '45: bowl']","[0, 53, 41, 0, 41, 41, 56, 41, 56, 41, 60, 0, 56, 60, 60, 0, 41, 45]","[0.9443128, 0.9117049, 0.90801406, 0.89250165, 0.8854668, 0.87720865, 0.77998513, 0.7742624, 0.77123624, 0.74579, 0.6663092, 0.54406005, 0.50073737, 0.47249955, 0.4175255, 0.39907888, 0.39686662, 0.3340463]","[[66.72, 1, 313.4, 213.51], [122.56, 137.36, 434.23, 233.01], [159.06, 394.47, 115.13, 85.11], [1, 1, 146.48, 265.37], [54.11, 377.6, 111.18, 102.07], [411.24, 68.83, 45.19, 71.69], [321.15, 44.23, 192.68, 91.68], [1, 286.16, 21.83, 132.31], [563.33, 96.59, 76.21, 90.1], [37.46, 1, 27.97, 36.8], [5.75, 1.35, 76.4, 58.06], [571.54, 284.06, 68.05, 91.67], [266.54, 84.53, 32.53, 52.72], [371.62, 1, 267.26, 70.26], [371.55, 1, 267.43, 166.17], [537.59, 284.09, 102.24, 195.91], [539.6, 1, 42.95, 23.78], [351.89, 357.05, 199.75, 122.9]]"
741,/home/pi/sambashare/BacArbeit/cocoval2017/000000279774.jpg,3.190668405999986,"['0: person', '0: person', '0: person', '34: baseball bat', '56: chair', '0: person', '0: person', '0: person']","[0, 0, 0, 34, 56, 0, 0, 0]","[0.92813534, 0.9222825, 0.92106515, 0.8524933, 0.71971476, 0.6435663, 0.5549131, 0.47967345]","[[45.31, 153.56, 205.86, 341.63], [192.34, 64.05, 40.5, 93.19], [81.39, 78.23, 31.27, 78.64], [170.81, 263.59, 132.98, 56.14], [234.82, 81.05, 30.56, 42.1], [262.43, 86.12, 29.65, 38.09], [190.91, 65.85, 9.49, 32.13], [284.07, 84.53, 22.07, 39.52]]"
742,/home/pi/sambashare/BacArbeit/cocoval2017/000000526392.jpg,3.194660801000282,"['2: car', '2: car', '2: car', '0: person', '9: traffic light', '9: traffic light', '9: traffic light']","[2, 2, 2, 0, 9, 9, 9]","[0.89974487, 0.89848787, 0.8903551, 0.5315948, 0.50725394, 0.48474503, 0.30622613]","[[1.41, 175.34, 174.5, 157.31], [146.05, 179.48, 308.34, 152.27], [229.36, 247.24, 269.8, 85.02], [459.69, 206.18, 40.05, 42.6], [131.81, 86.44, 18.7, 32.33], [112.59, 84.85, 39.21, 34.4], [382.07, 40.31, 24.39, 51.63]]"
743,/home/pi/sambashare/BacArbeit/cocoval2017/000000182417.jpg,3.1840665039999294,"['45: bowl', '44: spoon', '41: cup', '44: spoon', '55: cake', '60: dining table', '75: vase']","[45, 44, 41, 44, 55, 60, 75]","[0.8533252, 0.8492286, 0.76639926, 0.69506055, 0.6751234, 0.32679412, 0.30760592]","[[536.49, 403.1, 102.82, 76.39], [340.97, 204.07, 186.42, 187.77], [516.33, 1, 122.36, 167.83], [1, 252.29, 28.84, 37.42], [185.96, 173.79, 228.76, 179.02], [21.86, 7.35, 581.55, 451.2], [171.6, 1, 247.92, 343.25]]"
744,/home/pi/sambashare/BacArbeit/cocoval2017/000000266409.jpg,3.1773773479999363,"['0: person', '24: backpack', '30: skis']","[0, 24, 30]","[0.9448833, 0.58497995, 0.52267265]","[[325.44, 146.78, 129.83, 298.75], [357.8, 190.51, 69.21, 46.64], [370.58, 440.82, 36.64, 38.81]]"
745,/home/pi/sambashare/BacArbeit/cocoval2017/000000377393.jpg,3.1791688470002555,"['25: umbrella', '74: clock', '58: potted plant', '0: person', '74: clock', '0: person', '0: person', '0: person', '0: person', '0: person']","[25, 74, 58, 0, 74, 0, 0, 0, 0, 0]","[0.85848016, 0.8436995, 0.80051047, 0.5252129, 0.43835774, 0.39100233, 0.34322277, 0.29343784, 0.27282572, 0.26201817]","[[143.55, 238.04, 93.92, 64.22], [505.42, 199.72, 14.75, 14.0], [231.68, 181.45, 95.12, 104.18], [226.45, 73.23, 5.72, 11.03], [532.88, 195.8, 7.81, 16.73], [458.61, 107.06, 6.66, 11.92], [570.95, 60.08, 15.3, 12.48], [252.28, 65.33, 5.17, 7.94], [609.89, 66.55, 16.7, 13.17], [597.12, 134.55, 7.4, 14.19]]"
746,/home/pi/sambashare/BacArbeit/cocoval2017/000000507081.jpg,3.172422916999949,"['56: chair', '69: oven', '39: bottle', '39: bottle', '39: bottle']","[56, 69, 39, 39, 39]","[0.64363015, 0.47034457, 0.34321502, 0.32374915, 0.26113245]","[[45.62, 365.29, 81.27, 179.67], [309.2, 351.72, 93.85, 225.0], [319.55, 117.92, 12.49, 38.87], [414.31, 74.44, 11.02, 43.75], [425.17, 63.85, 10.09, 51.42]]"
747,/home/pi/sambashare/BacArbeit/cocoval2017/000000082986.jpg,3.1959446630003185,"['0: person', '29: frisbee', '0: person', '0: person', '26: handbag']","[0, 29, 0, 0, 26]","[0.89763117, 0.82414615, 0.6687518, 0.6631726, 0.26312426]","[[357.69, 89.2, 76.57, 130.07], [415.26, 50.05, 28.78, 6.69], [455.09, 72.0, 89.37, 166.93], [591.41, 66.55, 48.3, 170.01], [162.66, 79.26, 40.16, 101.13]]"
748,/home/pi/sambashare/BacArbeit/cocoval2017/000000154947.jpg,3.1713610730002983,['18: sheep'],[18],[0.9516549],"[[228.13, 433.17, 170.45, 174.08]]"
749,/home/pi/sambashare/BacArbeit/cocoval2017/000000122927.jpg,3.182160680999914,"['14: bird', '14: bird']","[14, 14]","[0.95476025, 0.9020954]","[[315.79, 159.82, 234.1, 172.34], [9.24, 171.89, 124.6, 117.34]]"
750,/home/pi/sambashare/BacArbeit/cocoval2017/000000290163.jpg,3.1834359360000235,"['45: bowl', '56: chair', '0: person', '45: bowl', '0: person', '45: bowl', '45: bowl', '45: bowl', '0: person', '55: cake', '41: cup', '60: dining table', '56: chair']","[45, 56, 0, 45, 0, 45, 45, 45, 0, 55, 41, 60, 56]","[0.8300829, 0.7492499, 0.74103165, 0.7035651, 0.7028275, 0.68726707, 0.5369349, 0.50735754, 0.50689095, 0.5023955, 0.44327676, 0.44171688, 0.26995873]","[[429.81, 329.27, 71.06, 49.89], [173.09, 1.11, 91.42, 204.36], [137.07, 1, 290.76, 457.31], [434.32, 400.91, 66.06, 51.24], [1, 5.92, 223.9, 620.48], [489.15, 354.14, 22.66, 56.67], [402.27, 355.53, 77.94, 59.12], [489.5, 319.4, 22.29, 35.16], [431.49, 1, 80.2, 145.53], [254.22, 427.41, 143.39, 82.32], [406.69, 6.83, 19.08, 26.2], [5.58, 344.85, 506.42, 292.53], [475.79, 163.65, 36.12, 154.24]]"
751,/home/pi/sambashare/BacArbeit/cocoval2017/000000379441.jpg,3.1860297370003536,"['65: remote', '65: remote', '57: couch', '63: laptop', '56: chair', '13: bench', '73: book', '73: book']","[65, 65, 57, 63, 56, 13, 73, 73]","[0.83900404, 0.82371193, 0.81575525, 0.6927468, 0.5804907, 0.48399857, 0.371918, 0.26594505]","[[484.27, 354.77, 23.7, 14.99], [563.0, 455.18, 38.91, 24.75], [334.13, 331.36, 305.87, 148.64], [86.63, 378.79, 90.02, 29.63], [404.51, 285.41, 156.39, 96.93], [26.15, 343.93, 226.16, 135.77], [316.83, 172.23, 13.09, 35.57], [355.93, 268.49, 35.28, 10.77]]"
752,/home/pi/sambashare/BacArbeit/cocoval2017/000000277005.jpg,3.1895389440001054,"['2: car', '0: person', '1: bicycle', '0: person', '0: person', '2: car', '0: person', '6: train', '0: person', '0: person', '0: person', '0: person', '0: person', '0: person', '0: person', '0: person', '0: person', '24: backpack']","[2, 0, 1, 0, 0, 2, 0, 6, 0, 0, 0, 0, 0, 0, 0, 0, 0, 24]","[0.9215424, 0.9159971, 0.8994056, 0.8189873, 0.77860415, 0.76988405, 0.6707668, 0.6228528, 0.61028147, 0.56911975, 0.46127415, 0.44720134, 0.4033781, 0.4010864, 0.37798962, 0.34239352, 0.3029787, 0.29452676]","[[412.99, 266.53, 138.63, 66.22], [184.55, 260.53, 46.51, 124.88], [13.85, 322.82, 114.31, 61.47], [625.78, 275.49, 14.22, 51.21], [43.02, 283.03, 63.49, 71.74], [550.41, 285.22, 33.49, 36.17], [608.11, 278.4, 14.78, 48.12], [47.07, 219.22, 393.07, 92.55], [92.04, 259.71, 39.04, 82.49], [128.23, 267.7, 27.1, 65.66], [380.51, 268.71, 29.54, 54.2], [282.47, 270.57, 15.52, 52.4], [150.05, 272.19, 23.1, 60.22], [594.72, 278.72, 14.36, 47.3], [597.96, 278.64, 21.23, 47.96], [223.4, 263.08, 29.89, 93.18], [291.56, 267.51, 19.63, 56.2], [47.71, 296.47, 20.81, 16.81]]"
753,/home/pi/sambashare/BacArbeit/cocoval2017/000000024027.jpg,3.1820308119999936,"['33: kite', '0: person', '0: person', '0: person']","[33, 0, 0, 0]","[0.7103595, 0.6604196, 0.46775523, 0.33962154]","[[213.53, 50.71, 232.24, 153.54], [105.74, 359.4, 9.73, 15.52], [248.94, 356.84, 11.4, 18.16], [184.23, 360.77, 6.38, 14.16]]"
754,/home/pi/sambashare/BacArbeit/cocoval2017/000000007991.jpg,3.1943181490000825,"['45: bowl', '41: cup', '45: bowl', '43: knife', '42: fork']","[45, 41, 45, 43, 42]","[0.7481582, 0.5454678, 0.47334272, 0.47086725, 0.30391032]","[[137.89, 89.38, 378.31, 267.04], [459.75, 1, 93.12, 64.76], [1, 1.63, 409.7, 107.15], [1, 161.24, 149.11, 96.95], [482.87, 110.27, 39.4, 185.49]]"
755,/home/pi/sambashare/BacArbeit/cocoval2017/000000147740.jpg,3.184354385000006,"['0: person', '46: banana', '0: person', '0: person', '2: car', '0: person', '0: person', '26: handbag', '0: person', '0: person', '31: snowboard']","[0, 46, 0, 0, 2, 0, 0, 26, 0, 0, 31]","[0.8814523, 0.8706234, 0.76233464, 0.7607771, 0.7510024, 0.7256845, 0.5858147, 0.33667397, 0.32828814, 0.31684962, 0.28065002]","[[1, 145.09, 94.75, 204.97], [226.47, 128.34, 169.93, 158.44], [546.57, 91.23, 92.74, 385.09], [98.11, 220.98, 47.42, 134.1], [1.54, 302.96, 181.3, 176.44], [191.25, 279.58, 261.0, 199.9], [380.99, 129.9, 46.37, 114.93], [129.16, 251.6, 28.9, 47.51], [61.49, 137.52, 51.49, 188.78], [114.61, 235.41, 41.42, 88.06], [455.34, 215.05, 70.29, 263.89]]"
756,/home/pi/sambashare/BacArbeit/cocoval2017/000000344268.jpg,3.1914898879999782,"['0: person', '27: tie', '34: baseball bat']","[0, 27, 34]","[0.93436706, 0.6617987, 0.32949683]","[[114.75, 67.17, 324.61, 441.23], [286.77, 252.24, 50.25, 233.63], [490.28, 323.07, 139.41, 114.59]]"
757,/home/pi/sambashare/BacArbeit/cocoval2017/000000426253.jpg,3.1918592580000222,"['39: bottle', '68: microwave']","[39, 68]","[0.81890345, 0.7692294]","[[580.51, 86.0, 58.37, 291.91], [28.05, 65.51, 610.15, 294.99]]"
758,/home/pi/sambashare/BacArbeit/cocoval2017/000000061747.jpg,3.1867002280000634,"['0: person', '30: skis']","[0, 30]","[0.9390541, 0.8038188]","[[226.37, 29.93, 206.63, 486.88], [108.2, 448.12, 368.51, 125.88]]"
759,/home/pi/sambashare/BacArbeit/cocoval2017/000000494427.jpg,3.193147154000144,['63: laptop'],[63],[0.6989181],"[[37.56, 9.89, 434.7, 524.65]]"
760,/home/pi/sambashare/BacArbeit/cocoval2017/000000132622.jpg,3.1735800269998435,['21: bear'],[21],[0.75793445],"[[10.95, 1, 562.53, 511]]"
761,/home/pi/sambashare/BacArbeit/cocoval2017/000000119365.jpg,3.175446644999738,"['63: laptop', '67: cell phone', '0: person', '0: person', '62: tv', '0: person']","[63, 67, 0, 0, 62, 0]","[0.9026471, 0.87718993, 0.49251607, 0.4482043, 0.3925813, 0.36852437]","[[128.06, 142.41, 289.72, 346.07], [325.83, 287.17, 56.93, 86.6], [1.19, 178.66, 221.95, 292.79], [1, 404.43, 405.59, 233.63], [391.53, 1.17, 87.23, 304.7], [34.21, 1, 55.33, 80.82]]"
762,/home/pi/sambashare/BacArbeit/cocoval2017/000000426329.jpg,3.189536927000063,"['55: cake', '55: cake', '41: cup', '55: cake', '55: cake', '55: cake', '55: cake', '55: cake', '55: cake', '55: cake', '55: cake', '55: cake', '55: cake', '55: cake', '55: cake', '55: cake', '55: cake', '55: cake']","[55, 55, 41, 55, 55, 55, 55, 55, 55, 55, 55, 55, 55, 55, 55, 55, 55, 55]","[0.81549877, 0.7554596, 0.6726905, 0.67124355, 0.59919673, 0.5967133, 0.5793918, 0.57937235, 0.50566727, 0.4996505, 0.4974412, 0.47686902, 0.35929263, 0.34669477, 0.2974855, 0.2900694, 0.288869, 0.2764088]","[[1, 300.08, 110.92, 127.56], [126.87, 198.12, 124.65, 49.29], [103.04, 233.73, 158.1, 144.16], [260.36, 212.54, 147.76, 131.25], [462.07, 154.81, 108.42, 54.5], [233.12, 173.31, 114.0, 114.19], [1, 225.11, 112.73, 100.2], [346.01, 180.88, 118.86, 90.81], [5.68, 182.22, 122.66, 66.27], [263.12, 137.91, 93.71, 44.23], [120.81, 339.5, 194.39, 85.58], [586.01, 164.55, 53.8, 48.53], [365.37, 152.56, 99.72, 43.79], [283.03, 262.26, 209.83, 165.34], [407.78, 202.47, 231.53, 200.94], [175.1, 137.75, 91.86, 63.34], [11.96, 152.1, 109.5, 36.28], [114.37, 160.39, 97.34, 48.88]]"
763,/home/pi/sambashare/BacArbeit/cocoval2017/000000436738.jpg,3.1805801850000535,"['5: bus', '2: car', '2: car', '0: person', '2: car', '0: person', '5: bus', '9: traffic light', '9: traffic light']","[5, 2, 2, 0, 2, 0, 5, 9, 9]","[0.93670547, 0.92538214, 0.87275386, 0.86959857, 0.8679104, 0.8528641, 0.8200236, 0.6423874, 0.50217223]","[[153.52, 297.15, 237.3, 105.74], [261.59, 347.11, 136.35, 57.44], [375.48, 348.06, 93.11, 43.89], [131.52, 333.78, 20.01, 63.13], [447.69, 346.4, 52.15, 36.09], [60.6, 340.89, 30.82, 66.45], [381.08, 304.56, 70.83, 51.08], [120.75, 287.26, 12.5, 25.36], [103.78, 286.47, 7.9, 25.28]]"
764,/home/pi/sambashare/BacArbeit/cocoval2017/000000561366.jpg,3.19336119899981,"['67: cell phone', '65: remote', '63: laptop']","[67, 65, 63]","[0.79597247, 0.6922129, 0.6422141]","[[350.86, 87.85, 250.59, 172.04], [22.28, 139.38, 556.02, 277.81], [112.63, 1, 524.09, 155.3]]"
765,/home/pi/sambashare/BacArbeit/cocoval2017/000000295797.jpg,3.1825767939999423,"['74: clock', '74: clock']","[74, 74]","[0.9240419, 0.90586644]","[[97.42, 397.7, 116.09, 145.79], [265.83, 403.51, 82.83, 141.47]]"
766,/home/pi/sambashare/BacArbeit/cocoval2017/000000441491.jpg,3.1793049529997006,"['41: cup', '54: donut', '0: person', '0: person']","[41, 54, 0, 0]","[0.8517812, 0.56965524, 0.36128938, 0.26029783]","[[342.05, 400.0, 86.09, 79.86], [251.43, 265.47, 181.65, 81.59], [1.91, 2.36, 462.4, 477.3], [281.62, 38.14, 308.13, 439.48]]"
767,/home/pi/sambashare/BacArbeit/cocoval2017/000000070254.jpg,3.1719976049998877,"['6: train', '13: bench', '0: person', '26: handbag', '0: person', '0: person', '0: person', '26: handbag', '0: person', '0: person', '0: person', '26: handbag', '13: bench', '26: handbag', '0: person']","[6, 13, 0, 26, 0, 0, 0, 26, 0, 0, 0, 26, 13, 26, 0]","[0.9135039, 0.8181929, 0.80553466, 0.7965962, 0.7836177, 0.7784115, 0.74498004, 0.695768, 0.6824672, 0.67734075, 0.6315305, 0.5833542, 0.39982072, 0.2942688, 0.26217788]","[[272.63, 81.95, 221.43, 231.01], [164.19, 200.71, 42.83, 46.98], [116.5, 210.11, 83.24, 101.27], [73.0, 292.79, 61.38, 82.86], [245.45, 154.4, 21.14, 50.25], [177.53, 177.27, 52.05, 69.52], [211.73, 178.39, 31.24, 35.88], [43.12, 237.74, 21.46, 41.8], [194.04, 179.02, 33.75, 37.27], [53.73, 173.98, 59.92, 204.31], [420.63, 136.73, 35.79, 31.79], [118.83, 247.74, 47.73, 32.34], [105.09, 244.33, 68.92, 82.5], [245.1, 166.33, 18.04, 19.02], [137.68, 133.8, 28.58, 111.24]]"
768,/home/pi/sambashare/BacArbeit/cocoval2017/000000156292.jpg,3.1915523259999645,"['74: clock', '0: person', '74: clock', '26: handbag', '74: clock', '74: clock', '74: clock', '74: clock']","[74, 0, 74, 26, 74, 74, 74, 74]","[0.8942774, 0.89270335, 0.7957576, 0.7749299, 0.75054765, 0.73323214, 0.6218632, 0.2755424]","[[137.32, 241.39, 130.69, 132.93], [183.58, 498.81, 45.72, 133.51], [62.65, 305.42, 67.53, 67.42], [183.14, 523.87, 30.92, 56.76], [140.09, 381.18, 128.69, 129.07], [279.2, 246.27, 58.62, 55.87], [67.47, 244.51, 59.58, 57.62], [277.86, 306.75, 63.0, 64.36]]"
769,/home/pi/sambashare/BacArbeit/cocoval2017/000000404922.jpg,3.180632482999954,"['38: tennis racket', '0: person', '0: person', '0: person', '38: tennis racket', '38: tennis racket', '38: tennis racket']","[38, 0, 0, 0, 38, 38, 38]","[0.91046286, 0.88657266, 0.879069, 0.84093356, 0.75236297, 0.44068825, 0.36855718]","[[36.72, 301.15, 114.84, 77.5], [119.4, 22.22, 125.54, 448.89], [36.29, 187.92, 104.11, 266.57], [239.85, 142.47, 109.65, 329.36], [204.29, 96.67, 41.0, 218.98], [239.97, 264.17, 107.22, 98.2], [314.61, 265.14, 33.51, 85.59]]"
770,/home/pi/sambashare/BacArbeit/cocoval2017/000000014380.jpg,3.1776666370001294,"['6: train', '0: person', '2: car']","[6, 0, 2]","[0.7751089, 0.31493375, 0.31117964]","[[183.5, 251.73, 453.68, 140.95], [46.19, 339.56, 15.72, 27.4], [75.81, 228.19, 13.17, 10.31]]"
771,/home/pi/sambashare/BacArbeit/cocoval2017/000000308753.jpg,3.1896294289999787,['21: bear'],[21],[0.91092205],"[[249.38, 229.33, 160.56, 48.49]]"
772,/home/pi/sambashare/BacArbeit/cocoval2017/000000000632.jpg,3.190879399000096,"['59: bed', '58: potted plant', '56: chair', '58: potted plant', '39: bottle', '75: vase', '26: handbag', '73: book', '73: book', '73: book', '73: book', '71: sink', '73: book', '73: book']","[59, 58, 56, 58, 39, 75, 26, 73, 73, 73, 73, 71, 73, 73]","[0.92194563, 0.8673891, 0.84346116, 0.7967626, 0.6425744, 0.55307317, 0.53294927, 0.33461756, 0.33103448, 0.31038424, 0.28796002, 0.2832189, 0.27021208, 0.25951493]","[[1, 279.9, 398.52, 200.99], [341.61, 216.07, 88.42, 135.14], [246.33, 231.79, 103.05, 86.32], [185.07, 131.22, 58.37, 97.39], [97.66, 191.92, 17.13, 41.05], [205.71, 205.27, 26.28, 23.35], [447.52, 1, 68.02, 40.09], [493.64, 248.78, 29.22, 39.04], [481.13, 253.82, 21.11, 34.21], [474.33, 253.99, 19.27, 33.76], [506.92, 248.49, 32.19, 39.5], [144.97, 225.37, 53.19, 11.35], [522.97, 145.9, 27.6, 35.68], [476.62, 44.81, 82.88, 39.29]]"
773,/home/pi/sambashare/BacArbeit/cocoval2017/000000269316.jpg,3.180923279000126,"['0: person', '0: person', '29: frisbee', '0: person', '0: person']","[0, 0, 29, 0, 0]","[0.9292593, 0.9291333, 0.9273247, 0.91823876, 0.69069076]","[[201.5, 140.24, 181.44, 271.32], [395.4, 146.37, 219.83, 253.2], [169.12, 90.74, 48.21, 16.58], [33.38, 136.52, 189.07, 274.84], [504.61, 179.57, 94.97, 200.45]]"
774,/home/pi/sambashare/BacArbeit/cocoval2017/000000074200.jpg,3.1750729799996407,"['37: surfboard', '37: surfboard', '37: surfboard', '58: potted plant']","[37, 37, 37, 58]","[0.89508927, 0.6563465, 0.517442, 0.2549585]","[[425.8, 8.97, 213.06, 423.09], [256.49, 1.46, 158.11, 304.93], [46.67, 82.38, 93.27, 245.19], [499.24, 52.57, 140.58, 224.56]]"
775,/home/pi/sambashare/BacArbeit/cocoval2017/000000357748.jpg,3.188757698000245,"['5: bus', '0: person', '0: person', '0: person']","[5, 0, 0, 0]","[0.869562, 0.79362005, 0.7884856, 0.7032935]","[[48.64, 5.98, 588.97, 402.94], [37.32, 190.89, 14.8, 39.8], [24.84, 195.22, 15.34, 36.2], [6.36, 194.63, 14.48, 34.35]]"
776,/home/pi/sambashare/BacArbeit/cocoval2017/000000109441.jpg,3.1749328710002374,"['9: traffic light', '9: traffic light', '9: traffic light', '9: traffic light', '10: fire hydrant', '9: traffic light', '9: traffic light', '9: traffic light', '2: car', '14: bird', '9: traffic light', '2: car']","[9, 9, 9, 9, 10, 9, 9, 9, 2, 14, 9, 2]","[0.82469696, 0.81000394, 0.77491134, 0.73515064, 0.682485, 0.5890178, 0.5005265, 0.47384065, 0.4277739, 0.35718393, 0.3332999, 0.26886475]","[[103.53, 274.72, 19.65, 40.2], [129.61, 330.48, 11.64, 25.9], [352.09, 315.62, 10.53, 23.97], [194.85, 336.57, 11.57, 22.57], [457.63, 442.1, 11.4, 21.19], [304.7, 329.8, 14.17, 17.49], [317.25, 322.87, 9.14, 22.12], [245.97, 285.59, 14.02, 35.61], [100.32, 418.59, 33.9, 15.93], [399.99, 127.15, 24.84, 11.38], [310.45, 325.5, 14.78, 21.05], [128.0, 420.66, 18.5, 10.76]]"
777,/home/pi/sambashare/BacArbeit/cocoval2017/000000313454.jpg,3.182557999999972,"['40: wine glass', '0: person', '39: bottle', '27: tie', '56: chair', '58: potted plant', '60: dining table']","[40, 0, 39, 27, 56, 58, 60]","[0.8554283, 0.8549557, 0.81251514, 0.81060463, 0.68780965, 0.6160698, 0.4940716]","[[323.62, 278.18, 18.51, 35.21], [5.53, 77.06, 140.48, 309.79], [307.06, 268.19, 16.97, 46.01], [86.45, 148.78, 26.29, 78.49], [261.08, 256.0, 50.48, 54.92], [137.15, 121.83, 170.13, 135.99], [259.33, 301.18, 282.55, 85.81]]"
778,/home/pi/sambashare/BacArbeit/cocoval2017/000000274066.jpg,3.170616687999882,"['0: person', '0: person', '0: person', '0: person', '37: surfboard', '37: surfboard', '37: surfboard']","[0, 0, 0, 0, 37, 37, 37]","[0.92774445, 0.9103443, 0.87785244, 0.8539874, 0.8537068, 0.8534755, 0.67638254]","[[170.75, 86.15, 155.98, 200.98], [407.54, 110.78, 113.92, 118.32], [267.96, 155.71, 180.98, 162.67], [418.53, 49.3, 72.18, 79.02], [476.09, 228.3, 103.1, 24.0], [12.13, 211.31, 298.34, 146.38], [352.79, 112.89, 56.52, 17.7]]"
779,/home/pi/sambashare/BacArbeit/cocoval2017/000000260657.jpg,3.1795482160000574,"['17: horse', '17: horse']","[17, 17]","[0.6699662, 0.25424734]","[[50.38, 127.04, 128.86, 60.6], [85.1, 57.07, 57.7, 35.94]]"
780,/home/pi/sambashare/BacArbeit/cocoval2017/000000361730.jpg,3.173780510999677,"['0: person', '0: person', '0: person', '33: kite', '0: person', '0: person', '0: person', '13: bench', '0: person', '33: kite', '0: person', '0: person', '13: bench', '0: person', '33: kite', '33: kite', '0: person', '33: kite', '0: person', '33: kite', '33: kite', '0: person', '33: kite', '0: person', '33: kite', '33: kite', '33: kite', '33: kite', '0: person', '33: kite', '33: kite', '33: kite', '0: person', '33: kite', '33: kite']","[0, 0, 0, 33, 0, 0, 0, 13, 0, 33, 0, 0, 13, 0, 33, 33, 0, 33, 0, 33, 33, 0, 33, 0, 33, 33, 33, 33, 0, 33, 33, 33, 0, 33, 33]","[0.8505964, 0.82115424, 0.80884033, 0.7954133, 0.7818862, 0.7699456, 0.7339384, 0.7284866, 0.71347487, 0.70886385, 0.6829563, 0.68025213, 0.640098, 0.6221391, 0.5859055, 0.54181516, 0.5391493, 0.53172475, 0.4821622, 0.47890458, 0.43464425, 0.40438816, 0.40305692, 0.4000356, 0.38104042, 0.36054313, 0.34084013, 0.33155996, 0.31576583, 0.31119233, 0.3062798, 0.30571425, 0.29454696, 0.28526175, 0.28299817]","[[464.77, 389.17, 32.28, 79.42], [217.52, 382.97, 37.12, 43.59], [140.8, 366.58, 43.42, 70.05], [568.58, 263.43, 67.93, 40.76], [564.29, 346.74, 31.15, 103.42], [401.63, 383.57, 27.84, 44.98], [597.62, 355.8, 30.48, 96.55], [35.53, 414.58, 80.38, 37.45], [72.82, 389.3, 6.66, 17.51], [442.53, 157.36, 32.11, 29.51], [426.16, 361.38, 29.07, 57.52], [374.26, 393.95, 22.64, 32.01], [158.53, 404.94, 66.75, 30.09], [7.59, 410.77, 35.55, 28.79], [627.44, 141.06, 12.13, 9.78], [117.93, 227.2, 7.86, 12.5], [121.79, 385.48, 7.77, 19.38], [208.75, 161.66, 54.81, 36.46], [105.01, 402.04, 19.19, 34.67], [515.41, 243.99, 18.11, 13.62], [196.27, 231.35, 10.8, 7.34], [451.07, 387.07, 10.34, 25.62], [117.62, 303.16, 22.38, 7.07], [481.04, 382.73, 17.17, 37.35], [260.6, 285.84, 27.09, 15.91], [570.36, 202.7, 24.83, 19.77], [274.78, 226.11, 11.55, 5.25], [184.04, 184.36, 15.14, 7.56], [331.89, 367.83, 10.51, 22.98], [407.24, 250.9, 13.01, 6.7], [245.77, 1.46, 152.83, 179.62], [322.87, 189.07, 28.85, 17.8], [344.9, 370.56, 9.44, 20.36], [299.11, 200.9, 17.32, 8.65], [79.52, 283.95, 8.13, 5.35]]"
781,/home/pi/sambashare/BacArbeit/cocoval2017/000000224724.jpg,3.1883617290000075,"['0: person', '2: car', '26: handbag', '3: motorcycle', '0: person', '2: car', '0: person', '9: traffic light', '0: person', '9: traffic light']","[0, 2, 26, 3, 0, 2, 0, 9, 0, 9]","[0.93249667, 0.813833, 0.8019253, 0.7847021, 0.6151401, 0.5799271, 0.4406529, 0.3816567, 0.33879054, 0.28906903]","[[180.32, 490.9, 52.15, 146.19], [285.54, 517.99, 33.06, 53.2], [166.93, 512.47, 34.74, 52.18], [315.41, 526.35, 75.76, 52.58], [405.91, 512.1, 13.46, 23.62], [289.3, 511.05, 135.67, 53.31], [399.41, 508.98, 10.22, 24.47], [432.37, 396.43, 22.14, 32.36], [392.22, 508.89, 13.35, 26.04], [461.37, 466.34, 11.13, 18.06]]"
782,/home/pi/sambashare/BacArbeit/cocoval2017/000000423617.jpg,3.195279208000102,"['5: bus', '2: car', '2: car', '5: bus', '2: car', '2: car', '0: person', '0: person', '0: person', '1: bicycle', '0: person', '0: person', '0: person', '2: car']","[5, 2, 2, 5, 2, 2, 0, 0, 0, 1, 0, 0, 0, 2]","[0.95257527, 0.92982227, 0.92464435, 0.91682684, 0.9107447, 0.85788083, 0.74530363, 0.5639103, 0.5248501, 0.5229254, 0.49316677, 0.48148862, 0.46866855, 0.45183462]","[[149.45, 113.41, 304.76, 227.67], [406.02, 341.28, 166.47, 126.21], [126.46, 289.82, 139.66, 111.91], [52.84, 50.73, 155.52, 141.29], [1, 152.7, 56.06, 68.23], [557.14, 384.12, 82.22, 95.05], [12.94, 61.0, 21.04, 42.98], [321.06, 238.73, 21.49, 33.81], [120.34, 116.91, 20.86, 20.63], [14.12, 80.96, 19.16, 30.34], [441.28, 1, 17.61, 7.91], [570.54, 52.49, 12.76, 41.57], [1, 39.06, 4.38, 36.95], [336.26, 467.26, 118.25, 12.29]]"
783,/home/pi/sambashare/BacArbeit/cocoval2017/000000462728.jpg,3.1863513130001593,"['37: surfboard', '16: dog', '0: person', '0: person', '0: person']","[37, 16, 0, 0, 0]","[0.84238535, 0.70926654, 0.381554, 0.34667554, 0.278933]","[[172.94, 219.13, 164.99, 51.07], [209.43, 202.18, 55.06, 45.82], [90.21, 137.3, 35.78, 39.18], [90.35, 136.94, 175.29, 111.1], [91.02, 137.51, 73.53, 44.01]]"
784,/home/pi/sambashare/BacArbeit/cocoval2017/000000023034.jpg,3.1865001460000713,"['0: person', '17: horse', '17: horse', '0: person', '24: backpack']","[0, 17, 17, 0, 24]","[0.89340574, 0.83417857, 0.83003247, 0.79404235, 0.3526739]","[[237.34, 145.37, 79.18, 118.67], [305.1, 182.15, 67.21, 91.81], [254.65, 200.3, 46.92, 138.46], [417.04, 3.95, 220.23, 419.75], [514.61, 123.38, 124.89, 165.54]]"
785,/home/pi/sambashare/BacArbeit/cocoval2017/000000192871.jpg,3.185889146000136,"['41: cup', '44: spoon', '73: book']","[41, 44, 73]","[0.7480574, 0.3164216, 0.27662662]","[[46.28, 149.55, 532.08, 277.45], [70.24, 160.02, 128.62, 68.05], [392.6, 109.29, 116.13, 47.11]]"
786,/home/pi/sambashare/BacArbeit/cocoval2017/000000282912.jpg,3.171431671999926,['23: giraffe'],[23],[0.9242901],"[[1, 111.33, 454.2, 521.53]]"
787,/home/pi/sambashare/BacArbeit/cocoval2017/000000258911.jpg,3.19382436900014,"['19: cow', '0: person', '0: person', '19: cow', '19: cow', '19: cow', '19: cow', '19: cow', '19: cow']","[19, 0, 0, 19, 19, 19, 19, 19, 19]","[0.89146364, 0.7497291, 0.6663588, 0.45594302, 0.3893877, 0.37939176, 0.2807038, 0.26864132, 0.26357996]","[[1.2, 188.09, 419.42, 235.97], [543.01, 104.7, 96.3, 321.3], [313.98, 88.23, 41.22, 84.5], [109.99, 153.34, 307.94, 67.91], [375.2, 146.08, 77.58, 76.92], [223.95, 136.87, 86.53, 38.48], [10.4, 203.38, 148.26, 33.19], [69.41, 186.19, 144.52, 26.6], [354.33, 196.1, 127.19, 108.08]]"
788,/home/pi/sambashare/BacArbeit/cocoval2017/000000088345.jpg,3.17166867800006,"['74: clock', '0: person', '24: backpack']","[74, 0, 24]","[0.90580976, 0.6811123, 0.577842]","[[462.59, 189.15, 175.82, 207.17], [146.76, 203.19, 273.22, 221.81], [1, 362.12, 61.95, 62.63]]"
789,/home/pi/sambashare/BacArbeit/cocoval2017/000000009769.jpg,3.1829088239996963,"['7: truck', '10: fire hydrant', '8: boat']","[7, 10, 8]","[0.90230095, 0.84164447, 0.27492478]","[[141.03, 187.63, 323.97, 187.86], [552.11, 260.5, 10.3, 17.69], [84.04, 243.95, 197.96, 111.44]]"
790,/home/pi/sambashare/BacArbeit/cocoval2017/000000205834.jpg,3.17776085100013,"['45: bowl', '16: dog', '45: bowl']","[45, 16, 45]","[0.9133298, 0.81519955, 0.52019924]","[[140.9, 297.97, 228.16, 129.06], [164.65, 14.88, 387.46, 403.32], [1, 409.25, 82.5, 18.52]]"
791,/home/pi/sambashare/BacArbeit/cocoval2017/000000546219.jpg,3.1680117239998253,"['0: person', '0: person', '56: chair', '0: person', '0: person', '56: chair', '0: person', '41: cup', '0: person', '45: bowl', '45: bowl', '41: cup', '0: person', '60: dining table', '41: cup', '56: chair', '0: person', '41: cup', '41: cup', '44: spoon', '41: cup', '56: chair', '41: cup', '0: person', '56: chair', '39: bottle', '39: bottle', '44: spoon', '0: person', '56: chair', '41: cup', '39: bottle', '41: cup', '0: person', '0: person']","[0, 0, 56, 0, 0, 56, 0, 41, 0, 45, 45, 41, 0, 60, 41, 56, 0, 41, 41, 44, 41, 56, 41, 0, 56, 39, 39, 44, 0, 56, 41, 39, 41, 0, 0]","[0.912705, 0.8948253, 0.89463395, 0.87956697, 0.87540287, 0.8684697, 0.8487453, 0.8385018, 0.83458763, 0.83399004, 0.7997875, 0.79004323, 0.71458256, 0.6845132, 0.68285096, 0.6678129, 0.6212716, 0.5952776, 0.58450544, 0.5652816, 0.560503, 0.5366009, 0.53360134, 0.5144005, 0.512156, 0.43317816, 0.4308669, 0.39526087, 0.35372275, 0.34919512, 0.31661525, 0.3077406, 0.289287, 0.27137503, 0.25785664]","[[1, 246.67, 92.76, 179.57], [248.58, 223.03, 98.29, 94.42], [397.19, 360.1, 111.87, 66.55], [298.11, 243.59, 172.45, 182.82], [83.68, 267.74, 115.38, 158.91], [30.29, 363.67, 98.99, 63.24], [475.65, 231.96, 91.89, 194.03], [216.21, 344.13, 25.09, 23.51], [66.32, 216.6, 72.17, 127.3], [305.12, 361.54, 62.5, 28.2], [187.92, 366.07, 64.3, 23.76], [324.3, 342.29, 29.81, 21.35], [367.51, 211.36, 50.62, 116.64], [167.49, 313.11, 196.3, 105.6], [197.59, 334.53, 24.03, 29.1], [556.16, 314.65, 42.69, 112.24], [444.51, 199.16, 57.85, 171.26], [216.27, 318.95, 19.9, 25.54], [191.77, 320.68, 20.29, 20.51], [236.37, 369.42, 38.69, 26.04], [226.25, 305.66, 19.33, 15.91], [592.18, 413.95, 47.13, 12.85], [315.73, 318.99, 23.82, 24.7], [1, 214.77, 25.55, 79.62], [189.59, 277.62, 18.93, 46.06], [340.78, 313.88, 12.81, 36.14], [325.4, 305.54, 19.48, 16.42], [286.86, 373.71, 21.15, 19.47], [135.92, 251.09, 51.42, 31.58], [1, 372.75, 15.92, 53.94], [266.91, 303.39, 17.28, 13.35], [236.81, 313.19, 14.68, 41.66], [271.49, 356.47, 18.29, 19.15], [444.83, 200.32, 159.14, 163.88], [135.8, 251.64, 69.59, 79.14]]"
792,/home/pi/sambashare/BacArbeit/cocoval2017/000000466416.jpg,3.1762111770003685,"['74: clock', '74: clock', '2: car']","[74, 74, 2]","[0.88942707, 0.6712399, 0.57663417]","[[427.89, 159.14, 22.12, 23.91], [187.7, 160.71, 9.95, 25.81], [563.73, 405.47, 22.62, 11.25]]"
793,/home/pi/sambashare/BacArbeit/cocoval2017/000000266768.jpg,3.1867417470002692,"['0: person', '0: person', '0: person', '0: person', '0: person', '45: bowl', '41: cup', '0: person', '0: person', '0: person', '41: cup', '60: dining table', '43: knife', '13: bench', '0: person', '0: person', '0: person']","[0, 0, 0, 0, 0, 45, 41, 0, 0, 0, 41, 60, 43, 13, 0, 0, 0]","[0.8930582, 0.8766443, 0.8089296, 0.8063191, 0.75552416, 0.748056, 0.7205602, 0.6209294, 0.6198865, 0.61553115, 0.54768336, 0.5377948, 0.52265793, 0.35549444, 0.3496651, 0.29984862, 0.2931865]","[[60.43, 284.64, 156.28, 285.71], [330.49, 274.0, 174.97, 302.65], [317.39, 254.45, 101.28, 132.58], [273.75, 243.19, 36.22, 50.67], [422.3, 244.12, 61.62, 94.82], [314.91, 394.39, 32.27, 19.54], [199.28, 356.07, 21.12, 30.7], [213.06, 252.66, 49.2, 64.32], [240.57, 249.44, 35.13, 43.18], [123.43, 257.96, 93.13, 168.05], [315.46, 373.45, 21.23, 23.08], [177.24, 343.59, 203.59, 237.52], [190.68, 412.42, 36.35, 8.82], [61.36, 478.58, 78.47, 106.73], [308.16, 238.41, 43.84, 83.8], [108.44, 255.43, 28.89, 31.16], [169.27, 239.37, 27.73, 64.57]]"
794,/home/pi/sambashare/BacArbeit/cocoval2017/000000205514.jpg,3.1880550949999815,"['56: chair', '56: chair', '56: chair', '56: chair', '75: vase', '58: potted plant', '56: chair', '56: chair', '73: book', '75: vase', '75: vase', '56: chair', '75: vase', '73: book', '73: book', '73: book', '73: book', '73: book', '73: book']","[56, 56, 56, 56, 75, 58, 56, 56, 73, 75, 75, 56, 75, 73, 73, 73, 73, 73, 73]","[0.92254305, 0.8910153, 0.8724832, 0.8611777, 0.84978795, 0.6795275, 0.6562963, 0.57029057, 0.55368, 0.4834606, 0.43636417, 0.39724097, 0.3410411, 0.339779, 0.31637543, 0.29758996, 0.26637307, 0.2559035, 0.25033984]","[[159.71, 177.96, 175.27, 192.08], [364.18, 196.11, 168.21, 114.85], [3.73, 182.76, 104.82, 139.4], [466.34, 241.71, 111.41, 137.88], [107.3, 72.48, 15.44, 26.75], [1, 132.52, 43.48, 95.84], [154.85, 185.95, 76.24, 122.99], [540.06, 232.56, 95.77, 122.43], [105.48, 116.28, 11.02, 29.17], [80.99, 230.54, 23.05, 26.55], [124.99, 123.37, 12.17, 22.83], [345.87, 195.39, 86.77, 49.06], [333.24, 103.1, 13.28, 24.5], [98.48, 167.36, 5.38, 23.97], [125.8, 120.51, 25.74, 26.0], [89.24, 114.39, 27.1, 31.08], [82.17, 164.13, 6.75, 26.28], [81.37, 113.74, 11.81, 30.53], [320.92, 143.21, 6.97, 14.44]]"
795,/home/pi/sambashare/BacArbeit/cocoval2017/000000534601.jpg,3.1834163549997356,['77: teddy bear'],[77],[0.48767176],"[[56.67, 9.44, 361.91, 322.56]]"
796,/home/pi/sambashare/BacArbeit/cocoval2017/000000305343.jpg,3.192980927999997,"['75: vase', '75: vase']","[75, 75]","[0.9541804, 0.94890213]","[[311.1, 124.49, 262.14, 252.64], [67.36, 124.41, 237.32, 265.48]]"
797,/home/pi/sambashare/BacArbeit/cocoval2017/000000139871.jpg,3.184794452999995,['4: airplane'],[4],[0.8432417],"[[19.16, 92.52, 609.05, 219.14]]"
798,/home/pi/sambashare/BacArbeit/cocoval2017/000000210855.jpg,3.1834640100000797,"['61: toilet', '71: sink', '41: cup', '41: cup', '39: bottle']","[61, 71, 41, 41, 39]","[0.8993704, 0.83668226, 0.37940872, 0.30221426, 0.27158758]","[[194.46, 250.03, 75.68, 143.53], [414.93, 282.29, 89.25, 20.53], [383.39, 245.74, 10.23, 24.2], [532.15, 273.5, 21.05, 11.37], [346.85, 234.94, 22.0, 36.99]]"
799,/home/pi/sambashare/BacArbeit/cocoval2017/000000085772.jpg,3.1819263149996004,"['0: person', '32: sports ball', '38: tennis racket', '32: sports ball']","[0, 32, 38, 32]","[0.9595423, 0.9351945, 0.8571607, 0.61729825]","[[51.93, 65.34, 324.09, 360.06], [596.44, 275.48, 29.69, 28.04], [39.66, 11.63, 42.5, 200.06], [381.78, 294.67, 12.66, 12.41]]"
800,/home/pi/sambashare/BacArbeit/cocoval2017/000000458223.jpg,3.1946359859998665,"['0: person', '1: bicycle', '8: boat', '18: sheep', '8: boat']","[0, 1, 8, 18, 8]","[0.88662356, 0.8339473, 0.5988564, 0.34010023, 0.29474914]","[[146.08, 106.06, 74.17, 146.34], [173.42, 164.97, 44.42, 89.58], [522.19, 91.54, 31.63, 38.67], [510.51, 309.2, 128.24, 28.63], [586.94, 122.43, 7.65, 8.54]]"
801,/home/pi/sambashare/BacArbeit/cocoval2017/000000081766.jpg,3.18676220999987,"['16: dog', '16: dog', '16: dog']","[16, 16, 16]","[0.9394591, 0.9174984, 0.85869604]","[[230.57, 152.74, 263.07, 304.14], [470.22, 77.09, 132.26, 67.85], [33.59, 128.78, 161.29, 120.5]]"
802,/home/pi/sambashare/BacArbeit/cocoval2017/000000375278.jpg,3.187580017000073,"['16: dog', '73: book', '73: book']","[16, 73, 73]","[0.6021, 0.5516974, 0.33809868]","[[1, 34.67, 219.86, 313.77], [239.98, 104.67, 93.02, 133.78], [258.45, 223.37, 73.8, 216.87]]"
803,/home/pi/sambashare/BacArbeit/cocoval2017/000000125257.jpg,3.1916597710001042,"['0: person', '30: skis']","[0, 30]","[0.89726466, 0.5034895]","[[342.82, 88.47, 53.06, 143.1], [337.39, 216.18, 72.3, 21.65]]"
804,/home/pi/sambashare/BacArbeit/cocoval2017/000000035963.jpg,3.1840922490000594,"['77: teddy bear', '77: teddy bear']","[77, 77]","[0.7706812, 0.3112743]","[[167.11, 143.48, 168.15, 191.88], [200.95, 172.52, 193.18, 412.38]]"
805,/home/pi/sambashare/BacArbeit/cocoval2017/000000163611.jpg,3.1734738710001693,"['42: fork', '42: fork', '41: cup', '73: book', '43: knife', '53: pizza', '53: pizza', '43: knife']","[42, 42, 41, 73, 43, 53, 53, 43]","[0.9437334, 0.9160335, 0.9134788, 0.72001135, 0.57293385, 0.4489806, 0.43352377, 0.31749895]","[[38.51, 339.48, 224.42, 140.32], [134.14, 390.88, 148.73, 88.68], [170.23, 1, 107.39, 130.99], [504.15, 1.68, 135.63, 87.55], [589.95, 178.98, 49.69, 15.43], [2.55, 4.37, 179.47, 115.2], [6.58, 96.97, 631.14, 361.96], [547.86, 72.63, 91.46, 29.27]]"
806,/home/pi/sambashare/BacArbeit/cocoval2017/000000466986.jpg,3.1822901479999928,"['62: tv', '0: person', '0: person', '45: bowl']","[62, 0, 0, 45]","[0.8943958, 0.8871602, 0.8733837, 0.4009477]","[[1, 152.71, 150.42, 180.67], [230.96, 155.88, 232.49, 276.86], [1, 308.76, 103.97, 168.26], [348.24, 398.99, 116.18, 34.51]]"
807,/home/pi/sambashare/BacArbeit/cocoval2017/000000527750.jpg,3.188433153999995,"['0: person', '72: refrigerator', '45: bowl', '69: oven', '41: cup', '24: backpack']","[0, 72, 45, 69, 41, 24]","[0.94106627, 0.9174726, 0.76986337, 0.7129663, 0.27388445, 0.25063232]","[[176.8, 123.69, 113.22, 338.47], [289.54, 181.12, 136.94, 227.96], [100.71, 341.68, 28.99, 27.63], [15.64, 271.56, 171.54, 214.02], [1, 326.35, 21.22, 49.28], [294.28, 301.62, 39.1, 55.83]]"
808,/home/pi/sambashare/BacArbeit/cocoval2017/000000192670.jpg,3.177885090000018,"['0: person', '0: person', '2: car', '2: car', '35: baseball glove', '0: person', '0: person', '32: sports ball', '0: person', '2: car', '34: baseball bat', '56: chair', '0: person', '2: car']","[0, 0, 2, 2, 35, 0, 0, 32, 0, 2, 34, 56, 0, 2]","[0.9502839, 0.9388438, 0.89082235, 0.8418123, 0.79131466, 0.7822836, 0.7344464, 0.732001, 0.71068734, 0.6862464, 0.6709013, 0.66912484, 0.38274917, 0.32998475]","[[106.28, 231.87, 152.21, 159.53], [367.01, 120.56, 146.15, 244.03], [217.98, 93.17, 189.39, 87.92], [1, 119.45, 156.48, 73.78], [222.55, 266.75, 34.63, 40.7], [6.84, 123.9, 53.22, 87.34], [580.56, 97.55, 34.74, 112.48], [563.69, 172.51, 20.65, 16.14], [548.07, 100.33, 40.27, 110.77], [119.67, 101.26, 108.76, 65.87], [506.38, 198.57, 36.83, 34.58], [77.57, 159.79, 51.62, 53.52], [517.51, 100.73, 45.61, 57.81], [355.7, 91.46, 55.67, 27.02]]"
809,/home/pi/sambashare/BacArbeit/cocoval2017/000000121417.jpg,3.1908117020002464,"['25: umbrella', '0: person', '0: person', '0: person', '0: person', '0: person', '0: person', '0: person', '0: person', '0: person', '26: handbag']","[25, 0, 0, 0, 0, 0, 0, 0, 0, 0, 26]","[0.9178244, 0.86712974, 0.86368245, 0.74533755, 0.6381092, 0.6316974, 0.55500245, 0.50239354, 0.49741215, 0.3384348, 0.320077]","[[162.38, 79.29, 272.77, 243.34], [256.79, 1, 96.46, 63.49], [162.44, 1, 97.89, 55.5], [48.22, 1, 52.33, 99.88], [409.91, 1, 69.05, 56.18], [134.84, 141.72, 306.01, 479.13], [87.32, 1, 30.56, 75.04], [369.0, 1, 41.9, 36.46], [449.44, 1, 30.07, 52.15], [335.93, 1, 66.96, 52.23], [200.55, 238.37, 44.74, 78.69]]"
810,/home/pi/sambashare/BacArbeit/cocoval2017/000000349302.jpg,3.175454969999919,"['23: giraffe', '23: giraffe']","[23, 23]","[0.9303878, 0.9292053]","[[115.74, 87.93, 139.07, 298.86], [272.69, 124.02, 115.14, 260.23]]"
811,/home/pi/sambashare/BacArbeit/cocoval2017/000000428280.jpg,3.1809275659998093,"['63: laptop', '56: chair', '56: chair', '56: chair', '60: dining table', '39: bottle', '56: chair']","[63, 56, 56, 56, 60, 39, 56]","[0.8867981, 0.7572896, 0.5354483, 0.5182625, 0.47719532, 0.31854662, 0.27218777]","[[117.22, 137.95, 47.98, 37.21], [203.08, 182.17, 104.42, 138.95], [239.07, 153.35, 72.73, 39.04], [188.33, 115.0, 40.95, 68.53], [111.08, 165.92, 68.56, 69.8], [167.66, 147.99, 8.39, 22.05], [176.21, 152.71, 135.41, 76.43]]"
812,/home/pi/sambashare/BacArbeit/cocoval2017/000000417911.jpg,3.1845342400001755,"['0: person', '37: surfboard']","[0, 37]","[0.7944893, 0.4018299]","[[201.97, 37.04, 156.96, 168.54], [214.47, 128.21, 251.19, 145.79]]"
813,/home/pi/sambashare/BacArbeit/cocoval2017/000000305609.jpg,3.18102733600017,"['45: bowl', '0: person', '45: bowl', '42: fork', '42: fork', '39: bottle', '44: spoon', '45: bowl', '60: dining table', '55: cake', '45: bowl']","[45, 0, 45, 42, 42, 39, 44, 45, 60, 55, 45]","[0.9159087, 0.8459463, 0.780277, 0.77060366, 0.7670535, 0.60953593, 0.56011796, 0.5293637, 0.34055257, 0.26740074, 0.255943]","[[15.18, 350.31, 188.73, 147.64], [27.02, 1.05, 347.68, 168.45], [334.97, 107.02, 120.13, 62.58], [581.76, 319.37, 30.01, 45.23], [552.19, 144.93, 59.53, 67.74], [207.14, 265.26, 58.12, 103.57], [88.83, 282.01, 52.29, 149.47], [163.24, 144.83, 52.34, 40.98], [1, 97.7, 611, 512.69], [496.97, 149.03, 115.03, 96.78], [297.9, 136.7, 149.76, 77.12]]"
814,/home/pi/sambashare/BacArbeit/cocoval2017/000000043581.jpg,3.1894028299998354,"['55: cake', '39: bottle', '60: dining table', '42: fork']","[55, 39, 60, 42]","[0.8651126, 0.7419677, 0.36329272, 0.3184373]","[[175.75, 189.23, 445.56, 185.09], [255.64, 70.68, 91.02, 128.52], [1, 70.89, 637.01, 352.31], [455.37, 140.98, 47.98, 69.3]]"
815,/home/pi/sambashare/BacArbeit/cocoval2017/000000002149.jpg,3.1820656610002516,"['47: apple', '49: orange', '47: apple', '47: apple']","[47, 49, 47, 47]","[0.83285457, 0.7094713, 0.41873464, 0.27969557]","[[337.13, 71.41, 249.15, 250.15], [83.56, 96.61, 255.84, 232.14], [6.89, 74.01, 629.24, 344.9], [76.57, 71.97, 163.9, 167.42]]"
816,/home/pi/sambashare/BacArbeit/cocoval2017/000000508101.jpg,3.1921641710000586,"['0: person', '16: dog', '8: boat']","[0, 16, 8]","[0.8893786, 0.6960622, 0.59848166]","[[410.64, 238.64, 23.65, 93.2], [491.2, 293.3, 50.85, 42.15], [60.95, 254.83, 363.53, 79.81]]"
817,/home/pi/sambashare/BacArbeit/cocoval2017/000000484029.jpg,3.178184226999747,"['11: stop sign', '2: car', '2: car', '11: stop sign', '2: car', '2: car', '2: car']","[11, 2, 2, 11, 2, 2, 2]","[0.9537264, 0.87898785, 0.85309356, 0.7246091, 0.7022938, 0.68467546, 0.6233636]","[[1, 157.04, 157.96, 179.88], [252.77, 511.22, 53.34, 32.95], [292.33, 508.25, 33.24, 30.81], [117.75, 445.77, 22.14, 25.09], [222.89, 503.89, 40.54, 30.38], [368.72, 511.18, 21.4, 19.67], [397.25, 520.27, 11.26, 26.15]]"
818,/home/pi/sambashare/BacArbeit/cocoval2017/000000406570.jpg,3.1695296830002917,"['47: apple', '47: apple', '47: apple', '47: apple', '47: apple', '47: apple', '47: apple', '47: apple', '47: apple', '47: apple', '47: apple', '47: apple', '47: apple', '47: apple', '47: apple', '47: apple', '47: apple', '47: apple']","[47, 47, 47, 47, 47, 47, 47, 47, 47, 47, 47, 47, 47, 47, 47, 47, 47, 47]","[0.7402104, 0.73627204, 0.73040336, 0.7066749, 0.68589693, 0.64966506, 0.636066, 0.6240165, 0.62000304, 0.6065443, 0.5626817, 0.5370133, 0.5080436, 0.4298362, 0.36218327, 0.35709247, 0.30094382, 0.27251086]","[[276.73, 250.76, 119.94, 138.78], [184.18, 281.52, 166.91, 151.93], [381.35, 291.01, 45.45, 79.97], [40.13, 450.69, 128.98, 162.92], [295.94, 423.09, 130.97, 126.72], [124.35, 456.85, 186.62, 182.75], [294.17, 506.53, 132.23, 131.89], [1, 430.84, 56.28, 142.52], [38.41, 384.99, 149.5, 102.47], [332.17, 365.93, 94.63, 66.67], [184.24, 414.59, 130.29, 73.23], [24.41, 259.34, 143.55, 135.54], [140.69, 348.75, 73.12, 89.72], [330.4, 240.95, 95.64, 70.24], [1, 561.92, 65.11, 77.43], [43.49, 607.69, 113.24, 31.91], [1, 287.24, 48.11, 109.09], [1, 377.83, 70.51, 69.45]]"
819,/home/pi/sambashare/BacArbeit/cocoval2017/000000008532.jpg,3.1773628380001355,"['27: tie', '0: person']","[27, 0]","[0.8935907, 0.48793885]","[[418.31, 369.75, 77.02, 56.14], [156.84, 13.67, 477.73, 409.65]]"
820,/home/pi/sambashare/BacArbeit/cocoval2017/000000115118.jpg,3.1750564839999242,['6: train'],[6],[0.8961448],"[[74.68, 77.72, 433.57, 261.42]]"
821,/home/pi/sambashare/BacArbeit/cocoval2017/000000179285.jpg,3.1834510900002897,"['32: sports ball', '38: tennis racket']","[32, 38]","[0.50407696, 0.2503523]","[[205.33, 235.67, 157.94, 164.95], [9.34, 13.15, 399.1, 587.72]]"
822,/home/pi/sambashare/BacArbeit/cocoval2017/000000118209.jpg,3.192472440999609,"['17: horse', '17: horse']","[17, 17]","[0.927889, 0.9162575]","[[385.22, 47.69, 216.89, 401.42], [10.11, 79.38, 354.17, 379.9]]"
823,/home/pi/sambashare/BacArbeit/cocoval2017/000000577864.jpg,3.183802990999993,"['32: sports ball', '0: person', '0: person', '0: person']","[32, 0, 0, 0]","[0.93353516, 0.89664, 0.7256179, 0.63338846]","[[526.3, 84.29, 29.61, 27.9], [502.96, 1, 52.07, 67.5], [296.79, 1, 189.19, 167.91], [137.39, 1, 265.04, 334.65]]"
824,/home/pi/sambashare/BacArbeit/cocoval2017/000000419312.jpg,3.1666133480002827,"['42: fork', '41: cup', '41: cup', '45: bowl', '43: knife', '41: cup', '45: bowl', '55: cake', '45: bowl', '43: knife', '60: dining table']","[42, 41, 41, 45, 43, 41, 45, 55, 45, 43, 60]","[0.9285466, 0.9200846, 0.9042063, 0.87270457, 0.8491007, 0.45685384, 0.45389074, 0.42950514, 0.40035424, 0.37799922, 0.25955957]","[[162.85, 329.69, 66.33, 170.31], [22.72, 10.43, 92.76, 140.35], [1, 70.27, 91.52, 158.76], [314.0, 1, 60.83, 86.97], [255.03, 241.07, 119.2, 50.38], [1, 1, 25.26, 76.95], [197.12, 1, 90.73, 23.12], [256.7, 90.09, 84.62, 48.63], [119.73, 11.55, 65.35, 55.98], [110.25, 122.44, 94.86, 46.62], [5.83, 6.96, 362.44, 491.05]]"
825,/home/pi/sambashare/BacArbeit/cocoval2017/000000239318.jpg,3.1748665509999228,['63: laptop'],[63],[0.5264548],"[[11.06, 1, 358.09, 491.7]]"
826,/home/pi/sambashare/BacArbeit/cocoval2017/000000348481.jpg,3.1812090019998323,"['63: laptop', '67: cell phone', '73: book', '67: cell phone', '67: cell phone', '67: cell phone']","[63, 67, 73, 67, 67, 67]","[0.91588074, 0.90338105, 0.8552509, 0.52561986, 0.38348806, 0.29333434]","[[311.32, 17.55, 284.39, 162.13], [479.39, 277.18, 42.01, 82.17], [168.95, 44.46, 132.95, 130.44], [29.74, 264.96, 69.51, 82.49], [12.02, 365.18, 66.17, 102.0], [114.75, 28.9, 70.54, 99.95]]"
827,/home/pi/sambashare/BacArbeit/cocoval2017/000000231549.jpg,3.176965546000247,"['59: bed', '74: clock', '73: book', '62: tv']","[59, 74, 73, 62]","[0.83815414, 0.47678906, 0.3531389, 0.32646593]","[[113.87, 352.7, 404.33, 126.33], [552.76, 404.28, 71.47, 22.41], [15.23, 401.13, 58.68, 35.36], [1, 370.63, 21.36, 71.77]]"
828,/home/pi/sambashare/BacArbeit/cocoval2017/000000230008.jpg,3.180515467999612,"['2: car', '0: person', '3: motorcycle']","[2, 0, 3]","[0.86577165, 0.8139904, 0.734627]","[[429.94, 75.97, 208.83, 234.19], [149.67, 63.95, 89.89, 281.96], [26.07, 82.0, 419.89, 270.2]]"
829,/home/pi/sambashare/BacArbeit/cocoval2017/000000504439.jpg,3.192232907000289,"['22: zebra', '22: zebra']","[22, 22]","[0.9342315, 0.79153836]","[[288.96, 81.28, 206.31, 160.94], [1, 3.5, 187.95, 239.5]]"
830,/home/pi/sambashare/BacArbeit/cocoval2017/000000128148.jpg,3.1859660539998913,"['57: couch', '57: couch', '62: tv', '56: chair', '73: book', '56: chair', '56: chair', '73: book', '73: book', '73: book']","[57, 57, 62, 56, 73, 56, 56, 73, 73, 73]","[0.95150787, 0.9430712, 0.75088507, 0.44100508, 0.3939208, 0.35942504, 0.30318686, 0.28811827, 0.26672322, 0.2659196]","[[46.31, 206.59, 212.4, 162.53], [258.72, 194.42, 247.53, 132.0], [605.28, 197.79, 34.56, 126.75], [218.47, 179.69, 28.98, 49.62], [100.65, 123.59, 42.98, 18.79], [59.06, 192.1, 37.47, 40.56], [1.01, 198.57, 92.7, 95.93], [107.19, 169.84, 40.75, 28.66], [103.54, 145.43, 40.63, 22.4], [121.16, 146.91, 10.09, 19.72]]"
831,/home/pi/sambashare/BacArbeit/cocoval2017/000000283268.jpg,3.1831621779997477,"['0: person', '0: person', '0: person']","[0, 0, 0]","[0.3399257, 0.30021647, 0.27842075]","[[4.14, 231.78, 427.21, 192.01], [1.92, 236.56, 166.2, 187.08], [313.12, 6.38, 323.41, 417.01]]"
832,/home/pi/sambashare/BacArbeit/cocoval2017/000000043816.jpg,3.195420772000034,"['0: person', '0: person', '32: sports ball', '35: baseball glove', '34: baseball bat']","[0, 0, 32, 35, 34]","[0.9258804, 0.9215773, 0.8687465, 0.8267374, 0.76901585]","[[479.69, 193.28, 159.85, 174.24], [249.19, 86.83, 203.64, 258.74], [92.7, 216.08, 16.08, 12.32], [479.9, 227.16, 41.34, 43.56], [317.52, 187.07, 105.52, 32.87]]"
833,/home/pi/sambashare/BacArbeit/cocoval2017/000000355677.jpg,3.1707067330003156,['37: surfboard'],[37],[0.7706763],"[[282.37, 301.14, 161.01, 97.0]]"
834,/home/pi/sambashare/BacArbeit/cocoval2017/000000154000.jpg,3.178940512000281,"['7: truck', '7: truck', '2: car']","[7, 7, 2]","[0.92161304, 0.66204137, 0.32090622]","[[40.54, 98.32, 510.4, 336.42], [513.29, 180.7, 60.43, 162.77], [601.58, 345.9, 37.99, 29.13]]"
835,/home/pi/sambashare/BacArbeit/cocoval2017/000000172648.jpg,3.1820970200001284,"['0: person', '2: car', '0: person', '0: person', '7: truck']","[0, 2, 0, 0, 7]","[0.9197091, 0.88318247, 0.8208033, 0.7028502, 0.63826776]","[[332.29, 203.34, 74.87, 189.61], [1, 217.16, 24.56, 35.66], [88.22, 214.42, 23.76, 63.66], [159.08, 206.47, 23.0, 55.67], [192.12, 154.86, 445.61, 232.86]]"
836,/home/pi/sambashare/BacArbeit/cocoval2017/000000184400.jpg,3.17292712499966,"['9: traffic light', '6: train']","[9, 6]","[0.71689814, 0.548338]","[[546.83, 460.04, 37.05, 19.88], [1, 198.08, 636.34, 87.09]]"
837,/home/pi/sambashare/BacArbeit/cocoval2017/000000307074.jpg,3.1739507010001944,"['2: car', '2: car', '2: car', '2: car', '2: car', '9: traffic light', '9: traffic light', '2: car', '9: traffic light', '2: car']","[2, 2, 2, 2, 2, 9, 9, 2, 9, 2]","[0.824612, 0.8113633, 0.7463606, 0.6817704, 0.6737578, 0.62835765, 0.3932874, 0.38590512, 0.36703125, 0.28179014]","[[217.76, 274.18, 18.02, 8.66], [120.76, 282.47, 26.05, 14.31], [192.71, 275.82, 18.55, 9.08], [161.44, 279.13, 22.93, 10.79], [176.33, 275.83, 16.86, 9.02], [39.42, 99.49, 60.84, 134.0], [255.32, 134.05, 17.13, 58.03], [146.47, 277.83, 21.03, 11.51], [155.11, 226.94, 8.29, 20.03], [1, 315.18, 6.84, 15.57]]"
838,/home/pi/sambashare/BacArbeit/cocoval2017/000000190756.jpg,3.170042851999824,"['0: person', '3: motorcycle']","[0, 3]","[0.9302102, 0.753063]","[[128.34, 30.64, 290.02, 164.45], [121.37, 95.99, 368.18, 330.37]]"
839,/home/pi/sambashare/BacArbeit/cocoval2017/000000170595.jpg,3.186214894999921,['60: dining table'],[60],[0.546392],"[[25.76, 44.18, 573.3, 543.45]]"
840,/home/pi/sambashare/BacArbeit/cocoval2017/000000180798.jpg,3.1801595419997284,"['67: cell phone', '57: couch']","[67, 57]","[0.9322906, 0.33506727]","[[167.49, 152.53, 128.5, 287.01], [1, 2.99, 374, 492.2]]"
841,/home/pi/sambashare/BacArbeit/cocoval2017/000000060102.jpg,3.1788185800000974,"['32: sports ball', '0: person', '0: person']","[32, 0, 0]","[0.79739803, 0.7419859, 0.50526947]","[[37.02, 19.66, 112.7, 111.2], [1, 103.86, 320.44, 255.62], [148.67, 1, 469.26, 357.32]]"
842,/home/pi/sambashare/BacArbeit/cocoval2017/000000180751.jpg,3.199855508999917,"['40: wine glass', '0: person', '40: wine glass', '0: person', '39: bottle', '39: bottle', '39: bottle', '39: bottle', '39: bottle', '39: bottle', '39: bottle', '39: bottle', '39: bottle', '39: bottle', '73: book', '39: bottle', '39: bottle', '60: dining table', '39: bottle', '39: bottle']","[40, 0, 40, 0, 39, 39, 39, 39, 39, 39, 39, 39, 39, 39, 73, 39, 39, 60, 39, 39]","[0.92232275, 0.9139141, 0.90827733, 0.8413374, 0.83631444, 0.7127909, 0.6919879, 0.6380834, 0.62011194, 0.5830512, 0.44159687, 0.42860588, 0.38060775, 0.37255517, 0.3700291, 0.36020213, 0.34615865, 0.33613914, 0.2640917, 0.26169878]","[[132.3, 356.58, 82.43, 122.78], [21.8, 11.17, 235.95, 366.95], [411.07, 278.66, 52.79, 101.76], [588.47, 340.96, 51.2, 64.53], [297.84, 118.97, 62.59, 290.35], [389.68, 146.71, 33.05, 128.14], [356.81, 145.07, 39.32, 177.08], [304.38, 81.62, 8.05, 36.32], [236.32, 129.09, 13.31, 49.48], [409.88, 116.15, 31.31, 160.47], [211.96, 133.42, 13.24, 44.4], [337.43, 145.29, 25.54, 115.59], [331.37, 84.41, 7.22, 33.71], [227.03, 129.62, 13.13, 48.28], [40.78, 408.12, 346.52, 71.54], [430.88, 122.53, 34.88, 158.54], [351.6, 87.99, 9.18, 32.13], [2.81, 278.18, 637.19, 197.84], [216.71, 85.89, 30.25, 25.22], [580.13, 143.27, 16.38, 56.32]]"
843,/home/pi/sambashare/BacArbeit/cocoval2017/000000041990.jpg,3.1927534970000124,"['0: person', '0: person', '0: person', '24: backpack', '31: snowboard', '30: skis']","[0, 0, 0, 24, 31, 30]","[0.9451729, 0.94220895, 0.93204314, 0.62692744, 0.37173426, 0.29491463]","[[214.67, 126.26, 173.14, 275.87], [41.48, 134.15, 187.59, 277.62], [378.52, 126.66, 202.8, 248.72], [94.11, 187.75, 78.5, 76.1], [363.97, 286.79, 65.25, 92.56], [432.08, 362.72, 39.19, 14.12]]"
844,/home/pi/sambashare/BacArbeit/cocoval2017/000000491008.jpg,3.201332695000019,"['56: chair', '0: person', '56: chair', '0: person', '56: chair', '60: dining table', '56: chair', '56: chair', '27: tie', '56: chair', '56: chair', '56: chair', '75: vase', '56: chair', '56: chair', '55: cake', '56: chair', '43: knife', '39: bottle', '56: chair', '60: dining table', '60: dining table', '60: dining table', '41: cup']","[56, 0, 56, 0, 56, 60, 56, 56, 27, 56, 56, 56, 75, 56, 56, 55, 56, 43, 39, 56, 60, 60, 60, 41]","[0.9279148, 0.9189242, 0.88372505, 0.88098747, 0.87452245, 0.87147343, 0.858179, 0.83494973, 0.82261926, 0.7884856, 0.7862698, 0.74316263, 0.7339554, 0.7152234, 0.67952067, 0.60222554, 0.52175015, 0.42090988, 0.41854042, 0.3885714, 0.36538672, 0.35850725, 0.35680184, 0.3143764]","[[537.1, 339.82, 102.63, 86.64], [351.61, 147.71, 123.45, 277.73], [90.32, 388.04, 126.8, 38.7], [220.51, 175.83, 117.33, 250.8], [1, 317.83, 32.34, 52.02], [1, 351.12, 216.99, 74.77], [64.5, 334.88, 89.0, 27.55], [456.59, 336.35, 91.87, 88.88], [264.51, 245.45, 24.47, 12.51], [456.72, 410.5, 83.11, 16.33], [80.3, 309.93, 66.21, 32.57], [59.96, 295.97, 56.26, 16.92], [42.97, 213.33, 24.57, 33.75], [301.99, 345.62, 49.78, 55.48], [1, 297.64, 47.47, 24.47], [292.77, 287.61, 102.6, 57.97], [160.94, 266.18, 41.34, 62.44], [106.91, 357.18, 15.56, 14.25], [531.42, 308.35, 11.34, 25.18], [1, 414.45, 20.72, 12.37], [455.01, 317.06, 176.27, 38.07], [177.07, 269.33, 34.77, 24.6], [1.61, 306.77, 146.33, 34.14], [514.52, 315.15, 14.22, 20.85]]"
845,/home/pi/sambashare/BacArbeit/cocoval2017/000000470173.jpg,3.201312406999932,"['1: bicycle', '20: elephant', '1: bicycle', '73: book']","[1, 20, 1, 73]","[0.8142095, 0.65113246, 0.27024212, 0.2668129]","[[224.41, 173.4, 72.73, 46.94], [27.1, 26.77, 272.56, 495.02], [213.25, 175.58, 31.63, 38.26], [128.94, 482.72, 118.25, 85.27]]"
846,/home/pi/sambashare/BacArbeit/cocoval2017/000000353051.jpg,3.1903945940002814,"['17: horse', '0: person']","[17, 0]","[0.941335, 0.9126589]","[[336.04, 7.97, 303.22, 353.63], [128.14, 120.12, 142.95, 276.58]]"
847,/home/pi/sambashare/BacArbeit/cocoval2017/000000110784.jpg,3.181747933999759,"['5: bus', '0: person', '3: motorcycle']","[5, 0, 3]","[0.92618686, 0.64519995, 0.3792944]","[[1, 225.72, 281.81, 200.09], [175.6, 271.0, 57.88, 107.22], [306.98, 357.79, 25.34, 50.8]]"
848,/home/pi/sambashare/BacArbeit/cocoval2017/000000498807.jpg,3.19550143799961,"['0: person', '37: surfboard', '0: person']","[0, 37, 0]","[0.9488781, 0.8973168, 0.45159695]","[[107.34, 33.3, 318.41, 310.51], [253.94, 286.97, 202.0, 79.15], [624.89, 120.6, 14.97, 46.61]]"
849,/home/pi/sambashare/BacArbeit/cocoval2017/000000178744.jpg,3.1778260999999475,"['8: boat', '0: person', '0: person', '6: train', '0: person', '0: person', '0: person']","[8, 0, 0, 6, 0, 0, 0]","[0.9345511, 0.6322125, 0.4000309, 0.38361213, 0.37702525, 0.33374473, 0.28547195]","[[166.82, 163.38, 223.94, 124.29], [205.54, 222.44, 16.13, 19.27], [237.44, 232.99, 11.11, 13.33], [445.04, 1.56, 194.33, 196.38], [250.36, 228.25, 15.38, 15.56], [229.52, 233.52, 10.61, 13.32], [185.62, 218.99, 8.87, 14.45]]"
850,/home/pi/sambashare/BacArbeit/cocoval2017/000000131273.jpg,3.1823818929997287,['15: cat'],[15],[0.601839],"[[117.63, 1, 361.39, 634.18]]"
851,/home/pi/sambashare/BacArbeit/cocoval2017/000000158227.jpg,3.1732682830001977,"['0: person', '34: baseball bat']","[0, 34]","[0.88004863, 0.5449466]","[[108.73, 13.77, 274.77, 340.93], [109.26, 24.86, 55.02, 269.91]]"
852,/home/pi/sambashare/BacArbeit/cocoval2017/000000010977.jpg,3.1799965449999945,"['61: toilet', '71: sink', '39: bottle', '39: bottle', '39: bottle']","[61, 71, 39, 39, 39]","[0.8361128, 0.68805707, 0.6095895, 0.5849991, 0.26504758]","[[241.15, 254.58, 58.53, 85.09], [336.74, 217.28, 84.01, 38.81], [367.21, 181.17, 11.54, 31.88], [379.05, 177.18, 18.04, 38.04], [394.65, 183.81, 11.34, 30.95]]"
853,/home/pi/sambashare/BacArbeit/cocoval2017/000000468245.jpg,3.1890947520000736,"['59: bed', '41: cup']","[59, 41]","[0.89692515, 0.8318507]","[[86.75, 221.24, 449.9, 204.56], [605.82, 335.94, 22.2, 23.65]]"
854,/home/pi/sambashare/BacArbeit/cocoval2017/000000471789.jpg,3.1822097200001735,"['0: person', '0: person', '0: person', '0: person', '33: kite', '0: person', '0: person', '0: person', '0: person', '0: person', '0: person', '0: person']","[0, 0, 0, 0, 33, 0, 0, 0, 0, 0, 0, 0]","[0.88502836, 0.86871225, 0.796958, 0.78276956, 0.7539112, 0.66007036, 0.61688906, 0.56817245, 0.5308368, 0.3740909, 0.35868123, 0.32143083]","[[445.84, 393.97, 23.8, 58.31], [503.26, 387.12, 19.56, 62.85], [55.85, 320.71, 10.31, 28.45], [120.58, 354.7, 12.34, 25.06], [320.65, 39.87, 97.6, 142.97], [255.57, 244.17, 9.68, 16.51], [241.86, 245.0, 9.11, 12.69], [266.01, 243.18, 16.2, 20.01], [368.87, 277.71, 28.04, 89.15], [208.65, 235.33, 8.01, 9.38], [215.83, 236.18, 6.46, 10.35], [265.16, 241.61, 8.06, 19.68]]"
855,/home/pi/sambashare/BacArbeit/cocoval2017/000000441442.jpg,3.1966172489997007,"['17: horse', '0: person', '0: person', '56: chair']","[17, 0, 0, 56]","[0.94580007, 0.87830365, 0.7768877, 0.6496183]","[[153.14, 141.03, 316.46, 176.59], [264.19, 54.41, 60.19, 174.02], [1, 164.54, 30.79, 42.37], [1, 181.5, 43.58, 37.85]]"
856,/home/pi/sambashare/BacArbeit/cocoval2017/000000239041.jpg,3.1904116460000296,"['39: bottle', '71: sink', '78: hair drier', '61: toilet', '59: bed', '56: chair']","[39, 71, 78, 61, 59, 56]","[0.8165357, 0.7324588, 0.7075474, 0.5048612, 0.4353381, 0.36062655]","[[34.49, 281.54, 23.87, 60.67], [1, 302.4, 86.29, 100.19], [62.2, 189.98, 47.29, 54.33], [618.82, 395.92, 20.87, 30.7], [430.82, 149.27, 46.69, 54.88], [455.04, 167.72, 21.39, 69.21]]"
857,/home/pi/sambashare/BacArbeit/cocoval2017/000000358195.jpg,3.1902916599997297,"['0: person', '36: skateboard']","[0, 36]","[0.9435837, 0.91597694]","[[207.74, 107.07, 132.09, 431.75], [266.83, 471.11, 99.88, 86.09]]"
858,/home/pi/sambashare/BacArbeit/cocoval2017/000000099039.jpg,3.175169804000234,"['45: bowl', '40: wine glass', '43: knife', '40: wine glass', '0: person', '45: bowl', '44: spoon', '45: bowl', '67: cell phone', '45: bowl', '42: fork', '60: dining table', '44: spoon']","[45, 40, 43, 40, 0, 45, 44, 45, 67, 45, 42, 60, 44]","[0.9095232, 0.89822674, 0.8808111, 0.84488463, 0.74481136, 0.706953, 0.7023441, 0.6687502, 0.61424124, 0.5704963, 0.41069832, 0.40964785, 0.34701267]","[[365.36, 359.39, 172.5, 100.4], [420.85, 229.27, 62.55, 112.97], [127.89, 323.14, 104.35, 62.02], [280.09, 229.22, 66.94, 140.88], [518.8, 106.67, 120.59, 198.4], [423.51, 337.86, 143.1, 67.42], [394.32, 373.31, 36.43, 23.65], [303.51, 335.77, 84.23, 48.7], [617.17, 109.2, 22.66, 38.88], [457.56, 321.8, 108.34, 36.14], [199.64, 306.09, 23.45, 11.11], [1, 279.1, 626.02, 196.83], [373.48, 336.47, 53.06, 13.57]]"
859,/home/pi/sambashare/BacArbeit/cocoval2017/000000234607.jpg,3.1912337750000006,"['0: person', '65: remote', '65: remote', '16: dog', '0: person', '0: person']","[0, 65, 65, 16, 0, 0]","[0.7807916, 0.7120225, 0.5654729, 0.45818242, 0.39483154, 0.26650673]","[[3.9, 126.52, 170.81, 329.7], [124.05, 264.6, 47.68, 17.73], [165.31, 246.71, 16.86, 13.89], [84.34, 483.35, 109.42, 16.56], [4.87, 67.73, 368.31, 399.88], [372.52, 207.26, 2.31, 21.65]]"
860,/home/pi/sambashare/BacArbeit/cocoval2017/000000509656.jpg,3.193579844999931,['22: zebra'],[22],[0.9421731],"[[119.43, 129.01, 309.99, 323.08]]"
861,/home/pi/sambashare/BacArbeit/cocoval2017/000000166277.jpg,3.188446089000081,"['41: cup', '41: cup', '41: cup', '15: cat', '29: frisbee']","[41, 41, 41, 15, 29]","[0.90291566, 0.9018116, 0.81034034, 0.6726938, 0.59393245]","[[423.2, 179.57, 56.7, 170.12], [166.75, 286.83, 172.82, 259.15], [330.55, 239.82, 119.49, 173.34], [1, 1.67, 368.01, 526.71], [1, 361.59, 149.31, 277.03]]"
862,/home/pi/sambashare/BacArbeit/cocoval2017/000000166166.jpg,3.1972998040000675,"['75: vase', '62: tv', '73: book', '65: remote', '65: remote', '56: chair', '56: chair', '73: book', '60: dining table', '0: person', '56: chair', '58: potted plant']","[75, 62, 73, 65, 65, 56, 56, 73, 60, 0, 56, 58]","[0.9184876, 0.871555, 0.8343936, 0.78278726, 0.7041377, 0.46258402, 0.42907262, 0.38254267, 0.35666728, 0.34975055, 0.29792538, 0.25201353]","[[296.43, 175.58, 49.34, 112.12], [166.14, 94.77, 88.21, 69.21], [351.8, 251.96, 148.03, 90.0], [169.44, 233.47, 31.27, 12.83], [161.33, 227.84, 21.1, 11.97], [351.03, 349.57, 117.84, 25.15], [1.29, 221.95, 122.04, 151.68], [335.94, 269.46, 75.46, 70.76], [47.91, 222.82, 447.43, 150.63], [179.02, 106.65, 51.85, 47.7], [358.25, 91.36, 46.5, 92.75], [262.09, 6.35, 116.2, 285.23]]"
863,/home/pi/sambashare/BacArbeit/cocoval2017/000000073326.jpg,3.1894509449998623,"['39: bottle', '39: bottle', '39: bottle', '39: bottle', '72: refrigerator', '39: bottle', '39: bottle', '39: bottle', '39: bottle', '39: bottle', '39: bottle', '39: bottle', '39: bottle', '39: bottle', '39: bottle', '39: bottle', '39: bottle', '39: bottle', '39: bottle', '39: bottle', '39: bottle', '39: bottle', '39: bottle', '39: bottle', '39: bottle', '39: bottle']","[39, 39, 39, 39, 72, 39, 39, 39, 39, 39, 39, 39, 39, 39, 39, 39, 39, 39, 39, 39, 39, 39, 39, 39, 39, 39]","[0.8525533, 0.78549194, 0.7437914, 0.6334074, 0.59078026, 0.55545986, 0.53477377, 0.523789, 0.50778383, 0.4984007, 0.48098388, 0.45965943, 0.42893764, 0.4274219, 0.42669448, 0.40358463, 0.379476, 0.35586628, 0.3451472, 0.32694015, 0.321613, 0.29405963, 0.26155835, 0.2604815, 0.25651142, 0.25025207]","[[97.68, 77.7, 66.8, 99.68], [427.58, 182.43, 33.93, 84.1], [516.31, 267.55, 36.67, 67.95], [455.86, 213.5, 28.41, 73.02], [31.42, 42.89, 596.9, 423.76], [365.15, 211.09, 22.5, 53.76], [187.52, 102.24, 41.36, 67.75], [487.54, 237.67, 45.5, 82.92], [408.5, 238.88, 28.66, 47.95], [190.84, 81.99, 18.75, 23.87], [407.31, 209.59, 21.97, 35.47], [307.44, 69.51, 35.97, 65.02], [284.11, 91.23, 25.19, 45.3], [151.87, 80.38, 23.33, 83.62], [393.18, 316.39, 23.48, 33.7], [572.6, 296.2, 49.71, 63.39], [170.59, 99.52, 22.81, 61.08], [545.2, 304.57, 38.73, 43.03], [410.34, 318.97, 31.98, 52.87], [369.18, 209.86, 37.72, 54.75], [165.36, 84.35, 19.07, 21.93], [519.13, 389.03, 34.0, 35.03], [384.1, 240.37, 35.06, 36.95], [581.3, 246.95, 35.11, 54.07], [259.24, 100.19, 27.44, 36.66], [378.6, 302.73, 22.98, 37.89]]"
864,/home/pi/sambashare/BacArbeit/cocoval2017/000000569976.jpg,3.187778072999663,"['0: person', '0: person', '73: book', '39: bottle', '63: laptop', '0: person']","[0, 0, 73, 39, 63, 0]","[0.8500625, 0.5874874, 0.5114219, 0.43395543, 0.4073368, 0.27493063]","[[125.23, 2.21, 215.67, 400.96], [16.97, 324.4, 221.41, 295.55], [7.32, 484.0, 88.41, 48.45], [394.28, 536.02, 84.93, 103.34], [325.94, 1, 153.55, 626.12], [195.21, 202.41, 144.66, 201.94]]"
865,/home/pi/sambashare/BacArbeit/cocoval2017/000000261318.jpg,3.1962686659999235,"['0: person', '28: suitcase', '28: suitcase', '67: cell phone']","[0, 28, 28, 67]","[0.8583003, 0.83952665, 0.72817034, 0.58639205]","[[89.37, 176.43, 214.5, 405.61], [1, 349.7, 76.54, 275.35], [350.47, 374.83, 76.13, 263.87], [172.54, 226.95, 22.19, 36.12]]"
866,/home/pi/sambashare/BacArbeit/cocoval2017/000000127394.jpg,3.178026015999876,"['0: person', '44: spoon', '45: bowl', '41: cup', '41: cup', '0: person', '0: person', '0: person', '44: spoon', '41: cup', '42: fork', '39: bottle', '41: cup', '39: bottle', '41: cup', '56: chair', '44: spoon', '60: dining table', '41: cup', '45: bowl', '41: cup', '41: cup', '42: fork']","[0, 44, 45, 41, 41, 0, 0, 0, 44, 41, 42, 39, 41, 39, 41, 56, 44, 60, 41, 45, 41, 41, 42]","[0.9200082, 0.9197008, 0.91867703, 0.9076541, 0.88708144, 0.88602525, 0.8773278, 0.8610482, 0.8029518, 0.77603406, 0.7655796, 0.68760204, 0.68144524, 0.6472009, 0.63485533, 0.63294244, 0.5451289, 0.42674422, 0.4134421, 0.38555238, 0.35109895, 0.3312748, 0.28479287]","[[170.14, 51.48, 106.05, 170.64], [129.58, 340.7, 38.85, 152.35], [94.06, 420.61, 169.09, 144.33], [353.2, 303.95, 43.3, 61.57], [243.83, 167.44, 22.75, 32.33], [1, 85.97, 91.38, 250.04], [258.83, 52.38, 68.02, 106.01], [69.48, 77.2, 94.15, 165.6], [205.92, 408.38, 123.47, 107.88], [161.6, 199.78, 26.35, 55.0], [42.88, 301.39, 55.78, 35.61], [303.87, 175.17, 18.6, 42.84], [327.76, 186.55, 31.08, 44.67], [318.41, 160.8, 15.47, 58.24], [334.11, 226.48, 22.5, 31.07], [138.1, 112.9, 74.38, 112.1], [353.79, 376.24, 54.91, 32.4], [1, 122.35, 408, 512.14], [323.49, 122.35, 12.36, 23.93], [140.72, 568.12, 205.36, 71.68], [344.58, 177.39, 21.9, 38.42], [373.84, 180.12, 18.76, 34.74], [381.07, 392.52, 27.92, 36.61]]"
867,/home/pi/sambashare/BacArbeit/cocoval2017/000000292456.jpg,3.1721672419998868,"['28: suitcase', '0: person', '0: person', '26: handbag', '28: suitcase', '58: potted plant', '0: person']","[28, 0, 0, 26, 28, 58, 0]","[0.85998833, 0.8425298, 0.61021906, 0.60821706, 0.26935047, 0.26565093, 0.2621415]","[[149.63, 156.8, 74.36, 62.69], [127.22, 36.24, 60.9, 233.53], [180.71, 42.54, 252.23, 307.32], [312.52, 151.66, 49.91, 73.57], [243.28, 224.15, 118.36, 113.61], [189.64, 114.25, 29.26, 38.72], [307.53, 61.49, 129.66, 281.34]]"
868,/home/pi/sambashare/BacArbeit/cocoval2017/000000274460.jpg,3.179391589000261,"['37: surfboard', '37: surfboard', '0: person', '0: person', '0: person', '0: person', '37: surfboard', '0: person', '0: person', '0: person', '24: backpack', '0: person', '0: person', '0: person', '0: person', '0: person', '0: person', '37: surfboard', '0: person']","[37, 37, 0, 0, 0, 0, 37, 0, 0, 0, 24, 0, 0, 0, 0, 0, 0, 37, 0]","[0.9228197, 0.91613686, 0.9134357, 0.89227223, 0.8408392, 0.8390868, 0.8205361, 0.80779034, 0.8075171, 0.7838433, 0.7557407, 0.7324333, 0.7200889, 0.69604427, 0.6726696, 0.6306379, 0.59795076, 0.4163444, 0.33678615]","[[501.76, 327.49, 99.89, 70.25], [286.28, 327.5, 62.58, 83.32], [4.82, 195.67, 40.6, 94.13], [154.98, 174.32, 51.47, 141.78], [342.99, 273.67, 52.58, 103.61], [207.46, 182.71, 60.94, 146.58], [140.08, 339.71, 72.5, 83.55], [24.69, 291.12, 112.89, 118.08], [511.11, 211.64, 44.99, 107.47], [450.26, 282.66, 54.96, 93.83], [112.01, 263.69, 45.08, 17.49], [134.1, 293.28, 77.54, 99.21], [435.33, 184.47, 61.35, 147.24], [259.49, 169.95, 57.04, 156.42], [352.17, 194.39, 37.69, 82.74], [323.24, 250.09, 41.09, 98.58], [309.15, 189.42, 51.1, 120.83], [204.48, 228.36, 16.81, 61.07], [549.21, 192.86, 22.44, 74.32]]"
869,/home/pi/sambashare/BacArbeit/cocoval2017/000000099053.jpg,3.1906832829999985,"['44: spoon', '45: bowl', '50: broccoli', '50: broccoli']","[44, 45, 50, 50]","[0.941548, 0.69041574, 0.6451958, 0.3478065]","[[400.91, 1, 238.51, 300.58], [7.56, 41.75, 628.61, 508.24], [357.4, 394.16, 86.37, 72.63], [445.3, 292.12, 62.15, 47.95]]"
870,/home/pi/sambashare/BacArbeit/cocoval2017/000000262587.jpg,3.1756773000001886,"['0: person', '37: surfboard']","[0, 37]","[0.9261936, 0.75371253]","[[328.63, 154.89, 84.58, 76.01], [335.56, 206.88, 80.57, 42.8]]"
871,/home/pi/sambashare/BacArbeit/cocoval2017/000000016228.jpg,3.1898022440000204,"['17: horse', '13: bench', '0: person', '25: umbrella', '0: person', '0: person', '0: person', '25: umbrella', '0: person', '0: person', '0: person', '0: person', '0: person', '25: umbrella', '13: bench']","[17, 13, 0, 25, 0, 0, 0, 25, 0, 0, 0, 0, 0, 25, 13]","[0.9240854, 0.8106034, 0.72755253, 0.7238982, 0.6689504, 0.65139735, 0.6222198, 0.60610765, 0.59853214, 0.5493894, 0.39887607, 0.3896738, 0.3535638, 0.3158983, 0.26291654]","[[335.83, 154.81, 205.13, 198.4], [526.15, 233.11, 95.57, 58.51], [545.54, 168.34, 25.23, 27.15], [347.43, 131.32, 129.91, 60.67], [74.38, 197.38, 32.59, 65.0], [30.12, 201.66, 24.29, 62.32], [526.42, 167.79, 18.52, 32.57], [6.8, 177.45, 22.95, 15.0], [198.83, 189.81, 42.37, 108.08], [479.03, 220.87, 62.54, 63.62], [91.1, 199.56, 21.34, 59.21], [620.77, 177.65, 12.85, 14.96], [108.34, 194.13, 23.08, 60.23], [591.2, 160.53, 41.03, 14.23], [577.71, 193.69, 20.84, 23.11]]"
872,/home/pi/sambashare/BacArbeit/cocoval2017/000000555597.jpg,3.185060576000069,"['2: car', '2: car', '2: car', '2: car', '2: car', '7: truck', '2: car', '2: car', '2: car', '0: person', '2: car', '2: car', '2: car', '2: car', '2: car', '2: car', '2: car', '2: car', '2: car', '2: car', '0: person', '2: car', '2: car']","[2, 2, 2, 2, 2, 7, 2, 2, 2, 0, 2, 2, 2, 2, 2, 2, 2, 2, 2, 2, 0, 2, 2]","[0.942283, 0.91712105, 0.90024555, 0.89200354, 0.8907871, 0.88391554, 0.869935, 0.76578015, 0.7199975, 0.68796366, 0.68137455, 0.67431587, 0.58677596, 0.5003891, 0.42080972, 0.39005813, 0.3643598, 0.32328779, 0.31456962, 0.29254788, 0.2846905, 0.27886075, 0.2755409]","[[438.83, 408.5, 192.83, 97.63], [183.99, 423.74, 257.51, 83.2], [57.39, 392.14, 102.67, 40.27], [390.45, 384.07, 95.58, 36.41], [305.0, 385.29, 99.89, 40.33], [148.83, 360.41, 162.13, 79.26], [511.94, 381.56, 108.57, 33.58], [7.26, 413.47, 23.7, 26.61], [577.13, 369.34, 51.12, 15.24], [219.03, 379.81, 14.63, 36.63], [162.16, 374.22, 35.86, 12.76], [127.47, 373.12, 36.89, 13.06], [80.29, 373.56, 30.36, 11.87], [8.37, 409.46, 32.54, 17.47], [107.97, 372.5, 18.85, 9.17], [467.64, 378.87, 52.84, 14.71], [63.53, 373.64, 21.09, 11.0], [346.3, 376.48, 39.44, 13.61], [373.27, 372.73, 21.8, 10.56], [30.01, 373.66, 19.16, 9.79], [185.96, 369.25, 79.87, 57.57], [7.52, 402.09, 21.51, 13.85], [603.59, 382.46, 28.33, 29.9]]"
873,/home/pi/sambashare/BacArbeit/cocoval2017/000000562581.jpg,3.192253810999773,"['0: person', '38: tennis racket', '32: sports ball', '38: tennis racket', '32: sports ball']","[0, 38, 32, 38, 32]","[0.9264479, 0.76954216, 0.6571024, 0.5145549, 0.4765321]","[[46.45, 82.19, 85.71, 110.6], [50.4, 69.9, 22.59, 36.84], [221.89, 153.79, 6.41, 6.43], [125.69, 133.55, 30.23, 14.21], [549.7, 299.27, 5.9, 5.83]]"
874,/home/pi/sambashare/BacArbeit/cocoval2017/000000402346.jpg,3.178943937999975,"['45: bowl', '41: cup']","[45, 41]","[0.9329703, 0.5046902]","[[173.69, 249.93, 393.92, 229.71], [452.88, 20.39, 186.58, 342.18]]"
875,/home/pi/sambashare/BacArbeit/cocoval2017/000000402720.jpg,3.1923956759997054,"['0: person', '0: person', '0: person', '40: wine glass', '40: wine glass', '40: wine glass', '40: wine glass', '42: fork', '43: knife', '39: bottle', '40: wine glass', '40: wine glass', '40: wine glass', '39: bottle', '67: cell phone', '60: dining table', '60: dining table', '43: knife']","[0, 0, 0, 40, 40, 40, 40, 42, 43, 39, 40, 40, 40, 39, 67, 60, 60, 43]","[0.9603162, 0.9331685, 0.9319823, 0.9162583, 0.85603464, 0.83010507, 0.82211035, 0.8168669, 0.79542, 0.77634937, 0.7288484, 0.7007432, 0.6815971, 0.5930122, 0.4701272, 0.42398763, 0.38735473, 0.28507927]","[[382.12, 244.84, 228.92, 287.43], [1.01, 255.81, 172.29, 274.63], [248.05, 224.41, 166.6, 196.74], [256.64, 423.0, 46.89, 112.77], [297.48, 404.83, 47.32, 128.23], [206.5, 344.65, 38.56, 94.49], [186.66, 332.14, 28.61, 78.07], [125.43, 437.18, 67.36, 26.26], [134.7, 462.15, 81.19, 35.3], [333.5, 339.2, 39.14, 175.0], [581.39, 275.56, 23.34, 52.68], [561.92, 282.92, 19.36, 42.83], [401.39, 378.23, 46.66, 76.61], [212.28, 463.39, 34.24, 69.14], [463.32, 460.18, 24.46, 25.95], [494.8, 285.28, 116.2, 129.37], [102.15, 347.15, 448.4, 184.57], [542.62, 326.35, 30.04, 11.13]]"
876,/home/pi/sambashare/BacArbeit/cocoval2017/000000229553.jpg,3.1760790409998663,"['36: skateboard', '0: person']","[36, 0]","[0.91283756, 0.88001925]","[[159.25, 361.58, 390.22, 68.61], [55.03, 55.16, 452.13, 331.0]]"
877,/home/pi/sambashare/BacArbeit/cocoval2017/000000572678.jpg,3.180230849000054,"['56: chair', '56: chair', '57: couch', '39: bottle', '41: cup', '44: spoon', '57: couch', '56: chair', '60: dining table', '58: potted plant']","[56, 56, 57, 39, 41, 44, 57, 56, 60, 58]","[0.85638064, 0.74178684, 0.6310893, 0.56694794, 0.54269576, 0.53376836, 0.46014726, 0.41051143, 0.26308587, 0.25537145]","[[164.63, 225.19, 161.43, 100.47], [524.82, 271.98, 87.43, 152.41], [144.42, 187.9, 175.5, 84.84], [48.98, 183.11, 16.18, 28.4], [295.81, 296.56, 32.05, 52.72], [240.68, 342.58, 48.52, 31.7], [339.13, 195.97, 87.51, 50.71], [449.77, 217.78, 62.24, 56.76], [181.42, 249.65, 434.63, 175.35], [387.09, 139.31, 88.09, 263.0]]"
878,/home/pi/sambashare/BacArbeit/cocoval2017/000000255718.jpg,3.182736234999993,['10: fire hydrant'],[10],[0.74176764],"[[98.85, 64.62, 290.98, 546.48]]"
879,/home/pi/sambashare/BacArbeit/cocoval2017/000000253742.jpg,3.1825433140002133,"['25: umbrella', '0: person', '25: umbrella', '0: person', '18: sheep', '0: person', '0: person', '0: person', '18: sheep', '25: umbrella', '0: person', '0: person', '25: umbrella', '25: umbrella', '25: umbrella', '0: person', '25: umbrella', '24: backpack', '25: umbrella', '25: umbrella', '25: umbrella', '25: umbrella', '25: umbrella', '18: sheep', '25: umbrella', '0: person', '25: umbrella', '25: umbrella', '25: umbrella', '0: person', '0: person', '0: person', '26: handbag']","[25, 0, 25, 0, 18, 0, 0, 0, 18, 25, 0, 0, 25, 25, 25, 0, 25, 24, 25, 25, 25, 25, 25, 18, 25, 0, 25, 25, 25, 0, 0, 0, 26]","[0.91104734, 0.8988834, 0.8934597, 0.893413, 0.89064807, 0.88430816, 0.88082117, 0.83946574, 0.8380251, 0.831182, 0.8252142, 0.8221021, 0.7924219, 0.7886923, 0.7704358, 0.7630457, 0.7467213, 0.72117805, 0.68861336, 0.68399775, 0.6525489, 0.55698454, 0.4955509, 0.47739178, 0.4676508, 0.44558126, 0.40552726, 0.39318922, 0.35368893, 0.34906155, 0.3382878, 0.32748985, 0.2536558]","[[281.61, 95.62, 127.47, 89.69], [383.58, 95.38, 141.67, 374.0], [1, 105.66, 99.97, 57.9], [26.0, 118.66, 70.74, 151.45], [1, 224.17, 236.12, 254.45], [153.94, 110.72, 71.51, 131.11], [540.52, 155.46, 46.19, 110.88], [102.24, 111.28, 58.66, 126.56], [191.26, 215.6, 157.11, 229.47], [82.99, 96.18, 88.39, 54.26], [297.52, 110.75, 68.85, 134.42], [249.87, 123.49, 55.89, 112.59], [232.74, 104.42, 72.04, 30.33], [297.29, 67.37, 159.29, 41.36], [604.21, 107.54, 35.79, 50.18], [586.45, 146.12, 35.78, 110.97], [139.53, 82.11, 144.05, 68.54], [409.74, 199.95, 68.39, 85.1], [518.19, 122.18, 81.26, 47.7], [332.91, 1, 282.12, 108.29], [206.69, 140.1, 51.08, 17.95], [609.2, 153.25, 30.8, 39.6], [1, 76.06, 14.96, 15.46], [85.62, 226.72, 95.58, 59.68], [533.79, 187.83, 23.45, 63.93], [1, 158.99, 30.04, 71.06], [592.1, 114.47, 32.94, 17.29], [1, 99.83, 38.86, 24.34], [577.42, 127.22, 37.13, 18.68], [357.91, 180.2, 44.79, 98.04], [628.02, 231.11, 11.63, 65.61], [612.99, 154.21, 26.64, 101.16], [251.02, 190.12, 13.08, 23.06]]"
880,/home/pi/sambashare/BacArbeit/cocoval2017/000000031322.jpg,3.1848017039997103,"['14: bird', '14: bird', '14: bird', '14: bird', '14: bird', '14: bird', '14: bird', '14: bird', '14: bird', '14: bird', '8: boat', '14: bird', '14: bird', '8: boat', '8: boat', '14: bird', '14: bird', '8: boat', '8: boat', '8: boat', '8: boat', '8: boat', '8: boat', '14: bird', '14: bird', '8: boat']","[14, 14, 14, 14, 14, 14, 14, 14, 14, 14, 8, 14, 14, 8, 8, 14, 14, 8, 8, 8, 8, 8, 8, 14, 14, 8]","[0.9015296, 0.8926928, 0.8920139, 0.84203064, 0.80222124, 0.6783441, 0.6713721, 0.6637742, 0.6510966, 0.6293336, 0.6284414, 0.62222266, 0.6167681, 0.59220326, 0.5790598, 0.5702402, 0.56652623, 0.4543194, 0.4471738, 0.4442877, 0.43598667, 0.42128348, 0.35977456, 0.35081536, 0.3061222, 0.2834084]","[[410.35, 207.24, 61.79, 87.78], [278.08, 232.39, 49.56, 40.72], [100.8, 192.4, 97.68, 45.97], [232.61, 193.04, 30.74, 33.87], [426.16, 123.96, 52.53, 28.13], [253.51, 107.24, 34.48, 28.34], [221.23, 112.53, 30.4, 26.41], [558.37, 187.41, 21.78, 13.88], [239.9, 128.5, 29.83, 39.83], [388.41, 111.83, 22.19, 20.53], [404.06, 55.52, 88.15, 32.74], [280.11, 134.32, 39.0, 12.85], [360.21, 132.85, 36.81, 81.55], [468.63, 49.68, 49.35, 13.85], [610.17, 70.36, 29.55, 31.24], [456.45, 155.84, 63.25, 30.34], [329.94, 131.16, 49.1, 30.68], [169.66, 38.06, 72.82, 24.28], [14.66, 55.21, 67.39, 22.61], [273.94, 44.9, 64.37, 25.1], [16.81, 44.49, 118.42, 33.26], [319.87, 35.78, 102.65, 50.87], [119.63, 39.8, 72.91, 36.15], [504.58, 138.44, 40.28, 40.0], [221.52, 106.64, 63.81, 30.33], [169.49, 2.16, 72.44, 60.05]]"
881,/home/pi/sambashare/BacArbeit/cocoval2017/000000229601.jpg,3.1869311899999957,"['0: person', '0: person', '0: person', '0: person', '0: person', '35: baseball glove', '35: baseball glove', '34: baseball bat', '0: person', '0: person']","[0, 0, 0, 0, 0, 35, 35, 34, 0, 0]","[0.9335876, 0.8853298, 0.85875326, 0.68665206, 0.669424, 0.6055586, 0.5253165, 0.44333088, 0.4264699, 0.3295449]","[[472.52, 70.87, 114.68, 287.69], [88.74, 73.78, 168.73, 275.21], [104.96, 119.62, 21.35, 54.41], [71.18, 125.64, 8.72, 19.6], [231.82, 108.42, 27.2, 74.13], [471.8, 216.14, 24.44, 38.39], [87.07, 239.7, 44.53, 43.64], [231.12, 148.76, 14.32, 33.47], [63.46, 126.22, 6.42, 14.6], [64.59, 125.86, 13.33, 17.01]]"
882,/home/pi/sambashare/BacArbeit/cocoval2017/000000167240.jpg,3.1828030300002865,"['75: vase', '75: vase']","[75, 75]","[0.9609341, 0.34933314]","[[132.23, 118.24, 223.3, 308.11], [1, 173.91, 65.05, 145.0]]"
883,/home/pi/sambashare/BacArbeit/cocoval2017/000000057672.jpg,3.1884169710001515,"['0: person', '2: car', '0: person', '0: person', '0: person', '0: person', '8: boat', '0: person', '0: person', '0: person', '0: person', '0: person', '0: person', '7: truck', '2: car', '0: person', '0: person', '0: person', '0: person', '0: person']","[0, 2, 0, 0, 0, 0, 8, 0, 0, 0, 0, 0, 0, 7, 2, 0, 0, 0, 0, 0]","[0.8675287, 0.8218422, 0.7485885, 0.73184, 0.70496035, 0.6770127, 0.66092503, 0.6579711, 0.642638, 0.64206827, 0.60325044, 0.5929433, 0.58852, 0.57044035, 0.5520071, 0.48854744, 0.41266483, 0.41207704, 0.32571992, 0.25242183]","[[164.44, 131.77, 48.37, 110.0], [189.73, 58.63, 44.96, 13.6], [308.54, 181.71, 46.06, 72.62], [513.36, 192.27, 44.83, 78.45], [450.99, 190.75, 38.88, 75.97], [593.7, 199.78, 45.91, 75.0], [28.12, 216.41, 609.81, 79.09], [273.07, 188.45, 42.17, 74.17], [481.6, 199.66, 39.87, 71.29], [340.62, 195.32, 46.98, 61.86], [554.09, 196.75, 48.5, 93.38], [416.76, 192.02, 40.69, 97.43], [336.43, 59.84, 10.73, 22.01], [120.77, 45.04, 54.58, 27.06], [234.77, 60.27, 25.28, 11.72], [382.45, 212.82, 39.76, 46.67], [386.37, 198.11, 44.36, 48.97], [317.55, 61.24, 9.15, 21.99], [171.61, 52.83, 10.03, 23.37], [26.41, 56.77, 10.28, 21.12]]"
884,/home/pi/sambashare/BacArbeit/cocoval2017/000000478474.jpg,3.1909664499999053,"['7: truck', '2: car', '2: car', '2: car']","[7, 2, 2, 2]","[0.8935475, 0.8335906, 0.6638949, 0.45787647]","[[38.5, 225.46, 322.58, 201.74], [376.3, 330.41, 17.35, 23.73], [418.68, 340.17, 13.75, 12.25], [471.19, 333.6, 8.71, 17.71]]"
885,/home/pi/sambashare/BacArbeit/cocoval2017/000000163257.jpg,3.200246157000038,"['0: person', '2: car', '0: person']","[0, 2, 0]","[0.91853243, 0.6846416, 0.60355246]","[[45.19, 1, 305.62, 635.75], [35.79, 96.31, 101.88, 35.91], [386.22, 92.8, 38.57, 134.96]]"
886,/home/pi/sambashare/BacArbeit/cocoval2017/000000318080.jpg,3.189710686000126,"['21: bear', '21: bear']","[21, 21]","[0.9419745, 0.93887126]","[[341.38, 130.55, 298.27, 200.49], [52.23, 147.03, 310.18, 195.2]]"
887,/home/pi/sambashare/BacArbeit/cocoval2017/000000437239.jpg,3.1837109030002466,"['0: person', '29: frisbee', '0: person', '0: person', '24: backpack', '0: person', '13: bench', '29: frisbee', '2: car', '2: car', '24: backpack', '0: person', '29: frisbee', '0: person']","[0, 29, 0, 0, 24, 0, 13, 29, 2, 2, 24, 0, 29, 0]","[0.931031, 0.9218758, 0.9090995, 0.90486854, 0.90016776, 0.8736682, 0.8657687, 0.8312037, 0.8046373, 0.57763433, 0.43302754, 0.43135056, 0.41251644, 0.25752673]","[[185.79, 139.44, 78.2, 244.18], [51.44, 268.58, 29.23, 27.68], [18.41, 131.71, 70.4, 235.2], [533.02, 145.85, 98.21, 229.84], [363.61, 307.7, 61.73, 52.45], [486.58, 127.05, 75.84, 241.39], [239.33, 310.87, 320.59, 111.8], [320.83, 330.05, 38.41, 17.71], [67.08, 217.72, 20.37, 17.48], [4.19, 213.55, 17.74, 10.72], [385.58, 336.89, 107.34, 64.89], [126.42, 217.92, 9.8, 14.05], [499.31, 213.22, 23.2, 32.72], [126.95, 216.05, 19.05, 15.75]]"
888,/home/pi/sambashare/BacArbeit/cocoval2017/000000269866.jpg,3.1775567370000317,"['56: chair', '56: chair', '69: oven']","[56, 56, 69]","[0.7585055, 0.7558397, 0.6604668]","[[341.39, 133.03, 50.81, 21.33], [286.23, 129.87, 44.55, 20.89], [118.19, 30.91, 422.88, 355.4]]"
889,/home/pi/sambashare/BacArbeit/cocoval2017/000000261706.jpg,3.191812863999985,"['15: cat', '65: remote']","[15, 65]","[0.6001287, 0.5969768]","[[66.6, 24.78, 342.03, 606.68], [130.92, 220.58, 61.44, 53.93]]"
890,/home/pi/sambashare/BacArbeit/cocoval2017/000000472030.jpg,3.175842856000145,"['13: bench', '24: backpack']","[13, 24]","[0.919348, 0.42211106]","[[491.94, 364.2, 147.07, 114.9], [521.92, 355.57, 43.06, 67.36]]"
891,/home/pi/sambashare/BacArbeit/cocoval2017/000000567886.jpg,3.1884365420000904,"['0: person', '77: teddy bear', '73: book', '76: scissors', '73: book', '73: book', '73: book', '0: person', '73: book']","[0, 77, 73, 76, 73, 73, 73, 0, 73]","[0.79921114, 0.7122096, 0.6756292, 0.53358775, 0.47406948, 0.46555117, 0.39258265, 0.3899704, 0.35608795]","[[1, 96.37, 207.87, 278.09], [64.84, 47.55, 159.32, 128.92], [1, 4.45, 21.52, 82.02], [343.5, 277.29, 156.04, 81.24], [51.93, 1.0, 22.14, 83.23], [31.95, 1.62, 21.55, 83.78], [16.77, 11.88, 24.34, 73.79], [446.25, 1, 53.24, 92.75], [4.9, 1.61, 47.9, 84.76]]"
892,/home/pi/sambashare/BacArbeit/cocoval2017/000000074457.jpg,3.192636483000115,"['0: person', '37: surfboard', '37: surfboard']","[0, 37, 37]","[0.7921827, 0.64443547, 0.44560137]","[[431.26, 157.41, 41.95, 92.03], [364.47, 182.52, 180.19, 52.75], [410.39, 175.95, 87.19, 61.89]]"
893,/home/pi/sambashare/BacArbeit/cocoval2017/000000163258.jpg,3.182063198999913,"['61: toilet', '71: sink']","[61, 71]","[0.9072894, 0.7844628]","[[94.56, 224.53, 167.87, 255.36], [546.51, 218.88, 92.83, 64.24]]"
894,/home/pi/sambashare/BacArbeit/cocoval2017/000000500613.jpg,3.1803293749999284,"['7: truck', '2: car', '7: truck', '7: truck', '7: truck', '7: truck', '7: truck']","[7, 2, 7, 7, 7, 7, 7]","[0.939844, 0.895957, 0.78744864, 0.7738803, 0.68588895, 0.5561675, 0.2887488]","[[156.51, 101.06, 370.11, 265.12], [576.38, 205.71, 63.42, 78.08], [31.49, 214.53, 30.3, 33.15], [64.31, 206.88, 39.4, 40.27], [1, 214.35, 27.57, 31.65], [504.48, 207.01, 87.52, 40.74], [502.23, 175.4, 131.44, 72.38]]"
895,/home/pi/sambashare/BacArbeit/cocoval2017/000000556873.jpg,3.187228103000052,['55: cake'],[55],[0.88651156],"[[97.45, 334.58, 156.53, 183.57]]"
896,/home/pi/sambashare/BacArbeit/cocoval2017/000000025386.jpg,3.1758350259997314,"['0: person', '0: person', '43: knife', '56: chair', '56: chair', '56: chair']","[0, 0, 43, 56, 56, 56]","[0.9317437, 0.8396587, 0.47843397, 0.43046105, 0.41668385, 0.25559384]","[[164.06, 120.35, 193.17, 256.9], [1, 109.8, 222.98, 528.14], [118.35, 371.39, 100.14, 87.76], [349.37, 265.89, 77.32, 372.86], [1, 523.08, 130.69, 116.14], [9.04, 169.32, 69.43, 68.53]]"
897,/home/pi/sambashare/BacArbeit/cocoval2017/000000024144.jpg,3.1917566889997033,['75: vase'],[75],[0.70804965],"[[57.02, 9.85, 516.84, 446.47]]"
898,/home/pi/sambashare/BacArbeit/cocoval2017/000000226171.jpg,3.18387671399978,"['39: bottle', '41: cup', '62: tv', '66: keyboard', '63: laptop', '41: cup', '66: keyboard', '39: bottle']","[39, 41, 62, 66, 63, 41, 66, 39]","[0.92087615, 0.9169256, 0.91256595, 0.9005247, 0.84374946, 0.52938175, 0.32732525, 0.27182457]","[[201.85, 154.04, 53.43, 170.53], [51.44, 285.97, 106.94, 111.92], [245.37, 7.91, 351.17, 237.3], [271.12, 284.01, 368.88, 64.39], [49.95, 141.67, 186.52, 141.67], [595.59, 219.06, 44.27, 72.79], [60.74, 246.02, 146.66, 29.93], [122.11, 106.45, 41.53, 38.57]]"
899,/home/pi/sambashare/BacArbeit/cocoval2017/000000183500.jpg,3.180032846999893,['4: airplane'],[4],[0.90871686],"[[87.61, 76.07, 449.43, 266.26]]"
900,/home/pi/sambashare/BacArbeit/cocoval2017/000000051309.jpg,3.18210843199995,"['17: horse', '17: horse', '17: horse', '17: horse']","[17, 17, 17, 17]","[0.9365899, 0.88592136, 0.6019532, 0.5987021]","[[8.79, 162.62, 197.35, 116.68], [332.27, 79.27, 293.87, 192.04], [201.96, 76.45, 278.58, 196.36], [73.0, 46.08, 267.53, 144.39]]"
901,/home/pi/sambashare/BacArbeit/cocoval2017/000000401862.jpg,3.1814023439997072,"['0: person', '0: person', '0: person', '0: person', '0: person', '7: truck', '0: person']","[0, 0, 0, 0, 0, 7, 0]","[0.88228476, 0.8701533, 0.8600979, 0.83609056, 0.8118644, 0.7629881, 0.7321564]","[[197.91, 201.5, 73.19, 227.4], [385.73, 230.46, 67.88, 230.84], [306.64, 224.08, 45.36, 181.96], [449.27, 145.44, 190.59, 334.18], [260.48, 239.73, 48.58, 175.81], [1.54, 91.52, 400.66, 289.28], [440.01, 229.28, 41.29, 220.43]]"
902,/home/pi/sambashare/BacArbeit/cocoval2017/000000231831.jpg,3.185471511000287,"['15: cat', '73: book', '45: bowl', '65: remote', '63: laptop']","[15, 73, 45, 65, 63]","[0.8062795, 0.695657, 0.40538242, 0.37546146, 0.36142465]","[[22.27, 153.69, 458.73, 486.31], [17.8, 133.03, 127.09, 57.43], [195.72, 151.09, 246.78, 127.92], [1, 192.06, 72.54, 37.84], [1, 17.06, 114.34, 73.39]]"
903,/home/pi/sambashare/BacArbeit/cocoval2017/000000260105.jpg,3.19249129300033,"['41: cup', '44: spoon', '42: fork', '45: bowl', '43: knife', '56: chair', '60: dining table', '42: fork']","[41, 44, 42, 45, 43, 56, 60, 42]","[0.9093447, 0.77230775, 0.7175132, 0.5297465, 0.4835091, 0.40710008, 0.37377796, 0.3664033]","[[277.61, 1, 90.13, 57.97], [241.82, 7.5, 37.9, 24.6], [414.49, 1, 125.93, 119.47], [1, 40.03, 23.9, 68.84], [470.26, 13.92, 93.28, 112.19], [495.17, 1, 144.73, 89.86], [1, 24.51, 627.21, 440.5], [417.48, 6.38, 216.72, 182.52]]"
904,/home/pi/sambashare/BacArbeit/cocoval2017/000000089296.jpg,3.1986588549998487,"['0: person', '0: person', '34: baseball bat', '32: sports ball', '32: sports ball', '32: sports ball']","[0, 0, 34, 32, 32, 32]","[0.94321954, 0.86707926, 0.7826017, 0.74833214, 0.6729874, 0.6542569]","[[221.95, 104.74, 213.0, 318.09], [539.32, 1, 100.68, 255.8], [346.5, 32.89, 53.33, 97.76], [592.65, 333.11, 15.07, 13.82], [386.18, 296.27, 14.03, 12.83], [460.37, 371.72, 12.76, 14.45]]"
905,/home/pi/sambashare/BacArbeit/cocoval2017/000000044652.jpg,3.1763491530000465,['4: airplane'],[4],[0.94787383],"[[76.86, 169.89, 192.52, 78.17]]"
906,/home/pi/sambashare/BacArbeit/cocoval2017/000000490413.jpg,3.1843134690002444,['4: airplane'],[4],[0.39163673],"[[2.15, 44.44, 624.18, 179.68]]"
907,/home/pi/sambashare/BacArbeit/cocoval2017/000000563470.jpg,3.1762600749998455,"['0: person', '56: chair', '56: chair']","[0, 56, 56]","[0.9154487, 0.90286916, 0.40410504]","[[88.61, 94.79, 127.01, 230.19], [1, 11.41, 57.18, 95.49], [1, 6.52, 41.18, 18.13]]"
908,/home/pi/sambashare/BacArbeit/cocoval2017/000000535306.jpg,3.1642403509999895,"['36: skateboard', '0: person']","[36, 0]","[0.93258977, 0.92104006]","[[146.34, 117.22, 224.91, 120.79], [111.58, 1, 225.04, 207.44]]"
909,/home/pi/sambashare/BacArbeit/cocoval2017/000000294831.jpg,3.1847264429998177,"['63: laptop', '55: cake', '41: cup', '0: person', '0: person']","[63, 55, 41, 0, 0]","[0.77254707, 0.6469699, 0.6180236, 0.57874537, 0.45744345]","[[484.63, 11.25, 138.88, 109.86], [167.64, 113.8, 357.66, 213.85], [608.06, 1, 31.67, 50.94], [515.64, 153.9, 123.55, 206.9], [461.17, 1, 143.58, 37.27]]"
910,/home/pi/sambashare/BacArbeit/cocoval2017/000000297084.jpg,3.187183890999677,"['39: bottle', '39: bottle', '0: person', '0: person', '45: bowl', '0: person', '41: cup', '44: spoon', '45: bowl', '40: wine glass', '41: cup', '40: wine glass', '41: cup', '40: wine glass', '41: cup', '41: cup', '41: cup', '60: dining table', '41: cup', '60: dining table', '60: dining table']","[39, 39, 0, 0, 45, 0, 41, 44, 45, 40, 41, 40, 41, 40, 41, 41, 41, 60, 41, 60, 60]","[0.91313523, 0.8967159, 0.87225235, 0.83497995, 0.83475596, 0.78981113, 0.78070086, 0.6423277, 0.6311541, 0.6150341, 0.56946784, 0.5690523, 0.4819039, 0.4071852, 0.3879956, 0.3747921, 0.3554245, 0.32653844, 0.3074487, 0.2940351, 0.28235245]","[[319.92, 428.75, 64.48, 182.27], [219.33, 414.89, 70.31, 195.55], [122.67, 103.41, 78.81, 52.08], [140.47, 1, 397.3, 421.12], [390.74, 568.67, 121.3, 43.33], [188.2, 96.85, 52.64, 56.66], [145.47, 381.17, 84.92, 178.2], [432.25, 524.22, 60.51, 86.8], [273.71, 533.76, 50.4, 68.81], [66.8, 166.22, 38.88, 73.25], [79.26, 572.67, 122.61, 38.03], [106.03, 167.98, 38.44, 74.08], [78.81, 555.97, 121.36, 36.28], [142.78, 168.91, 33.01, 71.73], [77.61, 539.3, 122.21, 38.53], [74.86, 505.91, 123.45, 64.19], [501.98, 398.62, 109.89, 211.5], [1, 218.62, 157.9, 202.44], [1, 354.88, 90.33, 245.59], [7.52, 373.81, 599.64, 230.66], [551.17, 269.83, 60.53, 136.91]]"
911,/home/pi/sambashare/BacArbeit/cocoval2017/000000532058.jpg,3.187098047999825,"['39: bottle', '39: bottle', '65: remote', '0: person', '65: remote']","[39, 39, 65, 0, 65]","[0.9140894, 0.89719003, 0.813196, 0.7194806, 0.31811342]","[[354.4, 219.81, 146.03, 63.01], [589.88, 1, 50.12, 98.08], [608.24, 143.98, 31.69, 29.79], [23.04, 133.12, 616.89, 341.88], [502.8, 46.82, 110.47, 80.12]]"
912,/home/pi/sambashare/BacArbeit/cocoval2017/000000489842.jpg,3.1942081820002386,"['0: person', '0: person', '0: person', '0: person', '0: person', '0: person', '0: person', '27: tie', '0: person', '27: tie', '0: person', '75: vase', '0: person', '0: person', '27: tie', '0: person', '0: person', '0: person', '0: person', '0: person', '0: person', '0: person', '0: person', '0: person', '0: person']","[0, 0, 0, 0, 0, 0, 0, 27, 0, 27, 0, 75, 0, 0, 27, 0, 0, 0, 0, 0, 0, 0, 0, 0, 0]","[0.9292759, 0.90469474, 0.86873716, 0.86381847, 0.84070325, 0.8302049, 0.74107033, 0.6969044, 0.65672076, 0.6567041, 0.59528166, 0.5722623, 0.55898875, 0.55458003, 0.55122054, 0.5418403, 0.54003346, 0.47835094, 0.45859548, 0.4285404, 0.42369157, 0.41646355, 0.31899387, 0.30165365, 0.29738128]","[[17.67, 212.72, 123.21, 353.28], [147.2, 380.16, 151.66, 185.18], [285.07, 375.23, 163.8, 190.77], [541.02, 373.05, 98.17, 191.2], [419.69, 359.29, 143.57, 206.52], [116.41, 224.5, 89.99, 327.07], [504.9, 126.15, 104.09, 356.84], [456.61, 181.45, 9.44, 20.22], [434.32, 114.04, 85.62, 168.19], [144.27, 76.84, 23.21, 50.71], [116.8, 123.41, 88.48, 121.52], [49.75, 25.88, 42.09, 83.51], [195.95, 134.38, 92.01, 142.68], [28.35, 134.43, 117.79, 163.54], [199.47, 75.4, 14.26, 31.85], [287.03, 220.38, 153.04, 306.8], [366.89, 117.23, 91.37, 158.03], [399.66, 225.37, 63.41, 141.11], [449.12, 215.84, 66.58, 128.41], [439.04, 215.52, 96.12, 280.78], [166.81, 8.44, 77.37, 189.77], [100.99, 6.68, 83.94, 191.59], [239.1, 37.04, 84.49, 136.45], [191.29, 235.77, 76.86, 268.12], [1, 351.55, 23.37, 213.32]]"
913,/home/pi/sambashare/BacArbeit/cocoval2017/000000420472.jpg,3.190569627000059,"['23: giraffe', '23: giraffe']","[23, 23]","[0.91407305, 0.8315784]","[[331.21, 207.4, 306.88, 165.05], [1.92, 51.63, 375.42, 320.16]]"
914,/home/pi/sambashare/BacArbeit/cocoval2017/000000410487.jpg,3.185098987999936,['69: oven'],[69],[0.6001995],"[[43.8, 3.07, 344.12, 383.46]]"
915,/home/pi/sambashare/BacArbeit/cocoval2017/000000512330.jpg,3.192227566999918,"['39: bottle', '39: bottle', '39: bottle', '39: bottle', '39: bottle', '72: refrigerator', '39: bottle']","[39, 39, 39, 39, 39, 72, 39]","[0.7191671, 0.709538, 0.6940716, 0.5275458, 0.4651923, 0.3899971, 0.27490416]","[[327.95, 108.04, 37.61, 118.23], [313.51, 119.13, 20.29, 116.17], [295.43, 153.58, 21.18, 92.07], [313.24, 314.66, 42.3, 104.71], [311.19, 431.69, 24.97, 113.96], [4.54, 1, 418.41, 637.34], [334.81, 359.92, 22.31, 67.5]]"
916,/home/pi/sambashare/BacArbeit/cocoval2017/000000155443.jpg,3.189545583000381,"['6: train', '6: train']","[6, 6]","[0.9105829, 0.83608747]","[[162.9, 195.29, 209.73, 86.36], [586.51, 194.22, 52.93, 80.33]]"
917,/home/pi/sambashare/BacArbeit/cocoval2017/000000540932.jpg,3.185801199999787,"['0: person', '0: person', '0: person', '0: person', '0: person', '0: person', '0: person', '37: surfboard', '37: surfboard', '37: surfboard']","[0, 0, 0, 0, 0, 0, 0, 37, 37, 37]","[0.8741621, 0.8549504, 0.79607236, 0.7507436, 0.6927761, 0.68410873, 0.64431435, 0.49169177, 0.43188518, 0.3642459]","[[217.73, 288.56, 21.89, 44.22], [17.42, 303.52, 17.68, 40.97], [236.88, 289.08, 15.51, 45.63], [210.24, 231.88, 19.65, 18.9], [77.74, 126.28, 22.85, 16.18], [401.53, 198.7, 22.64, 11.69], [177.13, 262.16, 23.02, 19.89], [66.73, 138.3, 33.93, 8.66], [187.35, 234.11, 14.5, 31.48], [123.72, 279.4, 48.09, 9.57]]"
918,/home/pi/sambashare/BacArbeit/cocoval2017/000000507235.jpg,3.1879729340002996,"['45: bowl', '45: bowl']","[45, 45]","[0.9214945, 0.50323606]","[[69.64, 1.29, 283.76, 151.18], [3.81, 144.01, 608.19, 431.81]]"
919,/home/pi/sambashare/BacArbeit/cocoval2017/000000448365.jpg,3.1836400459997094,"['36: skateboard', '0: person', '29: frisbee']","[36, 0, 29]","[0.94869745, 0.91516167, 0.74347687]","[[194.58, 269.57, 148.69, 139.43], [148.96, 32.83, 221.48, 303.97], [111.28, 1, 26.74, 21.16]]"
920,/home/pi/sambashare/BacArbeit/cocoval2017/000000289393.jpg,3.188170001999879,"['14: bird', '18: sheep', '23: giraffe', '7: truck']","[14, 18, 23, 7]","[0.9014836, 0.7585783, 0.7476982, 0.47626993]","[[523.22, 333.01, 115.94, 140.36], [331.6, 215.53, 182.96, 204.81], [34.51, 84.11, 241.98, 151.36], [395.19, 1.15, 242.77, 404.56]]"
921,/home/pi/sambashare/BacArbeit/cocoval2017/000000293245.jpg,3.1922575240000697,"['3: motorcycle', '58: potted plant']","[3, 58]","[0.79422164, 0.62027353]","[[168.59, 111.3, 420.61, 355.53], [582.82, 61.82, 56.99, 262.64]]"
922,/home/pi/sambashare/BacArbeit/cocoval2017/000000253819.jpg,3.1926849680003215,"['0: person', '36: skateboard', '41: cup']","[0, 36, 41]","[0.93678427, 0.92880505, 0.26971743]","[[190.85, 7.41, 276.28, 309.78], [302.19, 247.02, 108.29, 94.88], [208.86, 320.96, 14.47, 13.43]]"
923,/home/pi/sambashare/BacArbeit/cocoval2017/000000244379.jpg,3.195491297999979,"['9: traffic light', '9: traffic light']","[9, 9]","[0.92293525, 0.9051214]","[[205.82, 50.11, 27.56, 57.82], [87.34, 53.13, 27.54, 57.29]]"
924,/home/pi/sambashare/BacArbeit/cocoval2017/000000537053.jpg,3.190553631000057,['23: giraffe'],[23],[0.9194984],"[[161.86, 38.99, 230.65, 570.93]]"
925,/home/pi/sambashare/BacArbeit/cocoval2017/000000455448.jpg,3.174086184999851,['54: donut'],[54],[0.8353119],"[[35.02, 89.45, 423.45, 379.45]]"
926,/home/pi/sambashare/BacArbeit/cocoval2017/000000093717.jpg,3.1824842519999947,"['0: person', '36: skateboard', '0: person', '0: person', '0: person', '0: person', '0: person', '36: skateboard', '36: skateboard', '0: person', '0: person', '0: person', '0: person', '0: person', '1: bicycle', '36: skateboard', '0: person', '36: skateboard']","[0, 36, 0, 0, 0, 0, 0, 36, 36, 0, 0, 0, 0, 0, 1, 36, 0, 36]","[0.95580316, 0.88371795, 0.86978996, 0.8668835, 0.82226115, 0.7992747, 0.7651359, 0.7305783, 0.7148995, 0.67471826, 0.53411657, 0.52076256, 0.47296354, 0.45869297, 0.34827054, 0.32841355, 0.2638328, 0.25802332]","[[209.54, 52.7, 260.61, 271.34], [366.41, 266.09, 128.53, 64.54], [530.44, 164.55, 59.12, 167.14], [9.16, 332.14, 67.48, 63.94], [567.26, 222.9, 68.4, 100.74], [209.75, 246.19, 46.63, 65.03], [216.49, 351.15, 48.78, 56.77], [241.53, 277.25, 19.51, 37.66], [47.23, 380.87, 31.56, 16.79], [15.93, 287.4, 13.32, 28.12], [88.06, 344.02, 19.44, 39.25], [165.64, 335.81, 19.07, 39.35], [113.65, 307.78, 49.09, 70.41], [48.68, 157.04, 14.16, 24.02], [485.1, 296.8, 140.05, 40.56], [215.25, 298.35, 29.58, 14.81], [39.96, 287.33, 6.89, 10.59], [253.31, 369.94, 12.88, 35.83]]"
927,/home/pi/sambashare/BacArbeit/cocoval2017/000000347544.jpg,3.1883893059998627,['5: bus'],[5],[0.8408974],"[[266.08, 71.18, 280.62, 332.1]]"
928,/home/pi/sambashare/BacArbeit/cocoval2017/000000284623.jpg,3.182247241999903,"['39: bottle', '15: cat', '39: bottle', '41: cup']","[39, 15, 39, 41]","[0.88042444, 0.8798984, 0.6035682, 0.5048442]","[[36.14, 177.44, 62.36, 150.3], [33.49, 4.66, 438.35, 405.87], [175.92, 150.34, 50.73, 65.59], [1, 269.83, 64.93, 132.71]]"
929,/home/pi/sambashare/BacArbeit/cocoval2017/000000481404.jpg,3.1751132569997935,"['74: clock', '13: bench', '56: chair', '74: clock', '69: oven']","[74, 13, 56, 74, 69]","[0.8707874, 0.5043462, 0.44748288, 0.42353064, 0.30968636]","[[294.12, 125.02, 33.64, 46.4], [411.44, 254.12, 91.72, 110.96], [337.22, 240.02, 46.61, 46.05], [15.38, 41.88, 55.11, 62.28], [493.72, 265.68, 146.0, 158.32]]"
930,/home/pi/sambashare/BacArbeit/cocoval2017/000000297147.jpg,3.1821854320000966,"['0: person', '0: person', '3: motorcycle', '0: person']","[0, 0, 3, 0]","[0.80736315, 0.689099, 0.641054, 0.5160356]","[[62.15, 29.8, 11.43, 28.34], [24.15, 36.35, 7.16, 11.47], [9.09, 5.88, 590.49, 442.34], [1, 43.14, 6.18, 14.13]]"
931,/home/pi/sambashare/BacArbeit/cocoval2017/000000282046.jpg,3.1838881599996967,['13: bench'],[13],[0.9144191],"[[77.81, 168.75, 112.8, 72.34]]"
932,/home/pi/sambashare/BacArbeit/cocoval2017/000000134096.jpg,3.1838981539999622,"['15: cat', '41: cup', '39: bottle', '71: sink', '71: sink']","[15, 41, 39, 71, 71]","[0.93413484, 0.75741065, 0.67535365, 0.5129853, 0.38801524]","[[214.41, 110.42, 424.16, 369.58], [477.19, 1, 52.12, 32.42], [540.34, 1, 42.63, 34.01], [131.73, 1, 248.35, 26.12], [1, 410.26, 382.36, 69.12]]"
933,/home/pi/sambashare/BacArbeit/cocoval2017/000000127530.jpg,3.193835517000025,"['0: person', '32: sports ball']","[0, 32]","[0.92550176, 0.9144762]","[[252.83, 14.24, 284.07, 423.93], [503.5, 251.99, 40.12, 40.9]]"
934,/home/pi/sambashare/BacArbeit/cocoval2017/000000492968.jpg,3.1821825319998425,"['0: person', '31: snowboard']","[0, 31]","[0.9425939, 0.92224956]","[[106.43, 45.12, 239.64, 305.27], [234.11, 311.14, 139.69, 72.0]]"
935,/home/pi/sambashare/BacArbeit/cocoval2017/000000472298.jpg,3.180253793999782,"['0: person', '8: boat', '0: person']","[0, 8, 0]","[0.815314, 0.79601276, 0.7491136]","[[166.78, 163.12, 75.54, 74.36], [57.8, 207.56, 549.28, 60.94], [307.81, 182.42, 45.16, 53.63]]"
936,/home/pi/sambashare/BacArbeit/cocoval2017/000000439525.jpg,3.179049280000072,"['55: cake', '39: bottle', '39: bottle', '0: person', '39: bottle', '60: dining table', '43: knife', '0: person']","[55, 39, 39, 0, 39, 60, 43, 0]","[0.90765464, 0.901198, 0.88120633, 0.85475445, 0.8439882, 0.556408, 0.53895175, 0.27824685]","[[69.25, 484.79, 123.23, 80.45], [90.82, 328.83, 32.73, 142.47], [120.67, 332.46, 33.5, 126.86], [164.98, 111.43, 245.77, 528.57], [151.02, 313.75, 33.17, 137.15], [1.16, 444.83, 238.97, 194.03], [163.66, 473.41, 25.8, 22.67], [161.38, 97.03, 92.92, 536.42]]"
937,/home/pi/sambashare/BacArbeit/cocoval2017/000000270908.jpg,3.1861154169996553,"['38: tennis racket', '0: person']","[38, 0]","[0.86195904, 0.8293982]","[[341.65, 152.03, 141.66, 120.69], [23.95, 29.53, 354.09, 177.49]]"
938,/home/pi/sambashare/BacArbeit/cocoval2017/000000041633.jpg,3.2028987280000365,"['7: truck', '2: car', '2: car']","[7, 2, 2]","[0.8868456, 0.33605206, 0.2810221]","[[1.9, 173.56, 587.25, 247.87], [560.72, 329.98, 52.37, 41.17], [605.22, 327.6, 34.32, 37.91]]"
939,/home/pi/sambashare/BacArbeit/cocoval2017/000000548506.jpg,3.189748835000046,"['47: apple', '46: banana', '46: banana', '47: apple', '47: apple', '47: apple', '46: banana', '46: banana']","[47, 46, 46, 47, 47, 47, 46, 46]","[0.72649926, 0.69681525, 0.6808043, 0.65148586, 0.58727175, 0.5321526, 0.4361863, 0.3679582]","[[1, 188.37, 257.16, 236.33], [354.99, 2.08, 227.08, 299.71], [1, 1, 63.39, 67.37], [58.63, 1, 302.69, 177.89], [1, 59.08, 72.62, 169.86], [88.28, 170.43, 213.2, 161.73], [237.22, 210.94, 295.72, 213.06], [485.21, 207.09, 154.69, 217.28]]"
940,/home/pi/sambashare/BacArbeit/cocoval2017/000000108440.jpg,3.1829337720000694,"['6: train', '10: fire hydrant']","[6, 10]","[0.8567387, 0.4222009]","[[13.43, 168.93, 494.77, 58.72], [224.14, 252.48, 60.3, 68.66]]"
941,/home/pi/sambashare/BacArbeit/cocoval2017/000000281687.jpg,3.196380515999863,"['0: person', '0: person', '26: handbag', '0: person', '0: person', '0: person', '0: person', '67: cell phone', '0: person']","[0, 0, 26, 0, 0, 0, 0, 67, 0]","[0.92693806, 0.86100066, 0.8181015, 0.80489403, 0.7486156, 0.73595965, 0.62547463, 0.39526832, 0.26982275]","[[1, 121.54, 146.5, 252.46], [197.35, 209.73, 36.78, 164.62], [212.27, 197.45, 139.04, 176.52], [131.31, 238.2, 22.64, 56.73], [370.84, 160.13, 128.69, 214.55], [102.44, 252.3, 21.36, 41.95], [236.59, 247.34, 21.1, 42.13], [331.39, 167.21, 15.7, 11.72], [258.27, 223.07, 21.34, 39.96]]"
942,/home/pi/sambashare/BacArbeit/cocoval2017/000000155145.jpg,3.174185824000233,"['0: person', '25: umbrella', '0: person', '0: person', '8: boat', '8: boat', '8: boat']","[0, 25, 0, 0, 8, 8, 8]","[0.84565526, 0.83867085, 0.79140127, 0.76549774, 0.61720467, 0.49087086, 0.36958796]","[[118.14, 195.04, 27.52, 33.94], [205.55, 164.86, 55.19, 37.5], [314.11, 175.61, 23.4, 24.3], [331.43, 175.73, 22.02, 22.95], [1, 195.37, 15.86, 30.95], [57.07, 208.28, 156.52, 20.3], [64.61, 177.66, 332.78, 48.78]]"
943,/home/pi/sambashare/BacArbeit/cocoval2017/000000393838.jpg,3.171269258999928,"['44: spoon', '45: bowl']","[44, 45]","[0.5389817, 0.47827682]","[[316.79, 410.59, 19.31, 16.09], [26.1, 1.98, 507.06, 424.28]]"
944,/home/pi/sambashare/BacArbeit/cocoval2017/000000309495.jpg,3.1898611569999957,"['61: toilet', '71: sink']","[61, 71]","[0.49198288, 0.35437882]","[[140.87, 230.29, 177.02, 209.11], [278.74, 170.82, 44.32, 77.51]]"
945,/home/pi/sambashare/BacArbeit/cocoval2017/000000275058.jpg,3.1847912180001003,"['0: person', '37: surfboard']","[0, 37]","[0.8980585, 0.8797821]","[[204.49, 151.55, 69.66, 146.81], [171.6, 266.32, 86.33, 46.68]]"
946,/home/pi/sambashare/BacArbeit/cocoval2017/000000286994.jpg,3.1969996779998837,"['20: elephant', '20: elephant', '20: elephant', '20: elephant', '20: elephant', '20: elephant', '20: elephant', '20: elephant', '20: elephant']","[20, 20, 20, 20, 20, 20, 20, 20, 20]","[0.9312623, 0.8902405, 0.8862926, 0.87478924, 0.852745, 0.84451675, 0.7813979, 0.7770231, 0.73054636]","[[328.16, 312.75, 111.17, 71.08], [296.92, 233.1, 33.25, 19.95], [116.26, 219.11, 47.23, 28.55], [488.51, 224.38, 48.85, 23.93], [51.05, 225.37, 35.46, 16.23], [1, 217.47, 25.7, 20.64], [251.81, 242.47, 19.33, 10.98], [274.56, 240.18, 20.83, 12.44], [361.94, 239.78, 25.52, 10.79]]"
947,/home/pi/sambashare/BacArbeit/cocoval2017/000000482100.jpg,3.188716095000018,"['61: toilet', '61: toilet', '58: potted plant', '58: potted plant', '58: potted plant', '58: potted plant']","[61, 61, 58, 58, 58, 58]","[0.86831063, 0.6872734, 0.50992644, 0.4225051, 0.39690253, 0.36014068]","[[426.43, 151.05, 151.31, 200.66], [247.85, 163.29, 179.92, 204.03], [336.19, 1, 54.19, 39.24], [241.83, 6.16, 42.3, 38.57], [160.43, 1, 48.44, 34.31], [269.52, 1, 45.99, 29.03]]"
948,/home/pi/sambashare/BacArbeit/cocoval2017/000000027932.jpg,3.174742076000257,['3: motorcycle'],[3],[0.43949217],"[[19.24, 30.7, 234.08, 238.96]]"
949,/home/pi/sambashare/BacArbeit/cocoval2017/000000084431.jpg,3.1857564719998663,"['62: tv', '53: pizza', '0: person', '27: tie']","[62, 53, 0, 27]","[0.8507329, 0.6819218, 0.42188063, 0.32697695]","[[88.28, 70.35, 161.78, 118.86], [7.42, 252.82, 321.77, 286.45], [119.79, 76.36, 80.53, 94.15], [144.12, 120.17, 12.08, 47.95]]"
950,/home/pi/sambashare/BacArbeit/cocoval2017/000000193674.jpg,3.1812516330001017,"['37: surfboard', '0: person']","[37, 0]","[0.9078564, 0.88819724]","[[237.69, 220.74, 320.86, 87.85], [416.08, 127.83, 153.39, 163.95]]"
951,/home/pi/sambashare/BacArbeit/cocoval2017/000000318908.jpg,3.192505930000152,['16: dog'],[16],[0.80107385],"[[89.83, 1, 302.22, 330.35]]"
952,/home/pi/sambashare/BacArbeit/cocoval2017/000000117525.jpg,3.1754815980002604,['16: dog'],[16],[0.9269374],"[[32.09, 311.85, 174.01, 187.54]]"
953,/home/pi/sambashare/BacArbeit/cocoval2017/000000120853.jpg,3.189865005000229,"['41: cup', '39: bottle', '67: cell phone', '45: bowl', '56: chair', '48: sandwich', '56: chair']","[41, 39, 67, 45, 56, 48, 56]","[0.92469174, 0.85594976, 0.8508154, 0.5984163, 0.43302, 0.30492157, 0.25469443]","[[204.01, 1, 123.31, 145.64], [44.77, 1, 95.4, 173.49], [352.36, 69.03, 136.16, 57.68], [318.4, 121.55, 321.6, 188.05], [560.27, 1, 77.56, 61.96], [101.57, 115.31, 245.59, 170.3], [343.87, 1, 204.24, 61.21]]"
954,/home/pi/sambashare/BacArbeit/cocoval2017/000000048504.jpg,3.1957897080001203,"['20: elephant', '20: elephant', '56: chair', '0: person', '56: chair']","[20, 20, 56, 0, 56]","[0.9345316, 0.86307746, 0.63886076, 0.3928409, 0.25102293]","[[185.94, 198.76, 183.9, 204.63], [352.81, 231.91, 232.75, 187.42], [90.53, 266.61, 53.83, 46.41], [20.77, 250.34, 30.42, 53.91], [44.38, 269.67, 27.25, 36.25]]"
955,/home/pi/sambashare/BacArbeit/cocoval2017/000000284296.jpg,3.171386724000058,"['23: giraffe', '23: giraffe', '14: bird', '14: bird']","[23, 23, 14, 14]","[0.9150657, 0.91419363, 0.8589268, 0.59714]","[[399.35, 162.34, 126.15, 116.07], [96.64, 124.07, 123.91, 110.79], [262.16, 140.22, 97.45, 106.06], [366.95, 236.41, 14.01, 22.25]]"
956,/home/pi/sambashare/BacArbeit/cocoval2017/000000436883.jpg,3.1953736749997006,"['7: truck', '7: truck', '5: bus', '0: person', '0: person']","[7, 7, 5, 0, 0]","[0.897702, 0.8926125, 0.8878791, 0.69987315, 0.44496942]","[[568.78, 154.76, 70.54, 211.02], [16.68, 111.64, 86.56, 150.42], [92.85, 32.72, 465.09, 344.36], [571.0, 168.53, 21.5, 51.23], [557.86, 167.36, 17.15, 53.56]]"
957,/home/pi/sambashare/BacArbeit/cocoval2017/000000434247.jpg,3.1894807030002994,"['17: horse', '17: horse', '0: person', '0: person', '17: horse', '17: horse', '0: person', '0: person', '17: horse']","[17, 17, 0, 0, 17, 17, 0, 0, 17]","[0.8774101, 0.8686475, 0.76938605, 0.75098777, 0.6829692, 0.66168475, 0.5449887, 0.48781788, 0.379622]","[[17.6, 294.71, 44.65, 27.07], [121.52, 290.74, 39.56, 27.59], [137.85, 279.77, 13.4, 27.09], [35.61, 283.62, 15.53, 28.68], [545.41, 271.76, 17.81, 16.45], [517.22, 269.88, 18.47, 19.39], [550.53, 264.46, 13.34, 21.39], [392.42, 280.07, 20.72, 16.09], [354.77, 278.77, 23.8, 14.12]]"
958,/home/pi/sambashare/BacArbeit/cocoval2017/000000292024.jpg,3.1903194199999234,"['41: cup', '53: pizza', '53: pizza', '43: knife', '0: person']","[41, 53, 53, 43, 0]","[0.8948389, 0.7837898, 0.76652956, 0.6756952, 0.3559574]","[[539.5, 468.87, 72.04, 142.5], [6.21, 321.51, 327.26, 255.05], [293.06, 370.07, 276.02, 190.37], [455.09, 318.87, 152.35, 95.37], [225.95, 1, 347.58, 390.22]]"
959,/home/pi/sambashare/BacArbeit/cocoval2017/000000137950.jpg,3.1920463750002455,['4: airplane'],[4],[0.90106833],"[[13.07, 35.49, 515.57, 135.55]]"
960,/home/pi/sambashare/BacArbeit/cocoval2017/000000485027.jpg,3.17887700700021,"['0: person', '38: tennis racket', '29: frisbee']","[0, 38, 29]","[0.9350315, 0.86791104, 0.79046947]","[[84.75, 178.72, 159.25, 440.31], [232.21, 248.93, 89.59, 77.27], [27.28, 16.8, 14.95, 13.77]]"
961,/home/pi/sambashare/BacArbeit/cocoval2017/000000149222.jpg,3.1867984790001174,"['64: mouse', '62: tv', '67: cell phone', '66: keyboard', '39: bottle', '63: laptop']","[64, 62, 67, 66, 39, 63]","[0.92226446, 0.77392584, 0.44947004, 0.42809722, 0.4208644, 0.30791444]","[[378.14, 287.57, 61.72, 43.17], [4.53, 1, 284.04, 246.01], [314.46, 358.25, 93.36, 24.71], [79.79, 298.55, 296.76, 84.37], [254.95, 207.33, 37.46, 90.59], [268.75, 2.44, 230.8, 305.02]]"
962,/home/pi/sambashare/BacArbeit/cocoval2017/000000295809.jpg,3.1912993290002305,"['2: car', '7: truck', '2: car', '9: traffic light', '0: person', '9: traffic light', '9: traffic light', '9: traffic light', '9: traffic light', '9: traffic light', '9: traffic light', '2: car', '9: traffic light', '0: person', '2: car', '9: traffic light', '0: person']","[2, 7, 2, 9, 0, 9, 9, 9, 9, 9, 9, 2, 9, 0, 2, 9, 0]","[0.9279427, 0.92349434, 0.876457, 0.7748165, 0.69161963, 0.6866563, 0.5841446, 0.57925254, 0.48814058, 0.4774188, 0.44932622, 0.4455897, 0.31284156, 0.3056314, 0.30244586, 0.28576067, 0.28124467]","[[533.34, 108.66, 106.04, 31.37], [50.12, 104.37, 101.51, 37.09], [295.54, 116.62, 27.31, 21.62], [378.43, 22.86, 8.0, 19.6], [247.75, 112.61, 8.6, 26.54], [503.95, 60.02, 11.19, 20.71], [540.98, 1.21, 10.86, 24.39], [518.76, 60.9, 9.42, 20.58], [231.3, 68.5, 9.06, 21.53], [82.72, 35.98, 10.83, 29.17], [71.94, 37.1, 10.1, 30.16], [436.74, 463.4, 16.43, 8.8], [223.01, 86.38, 8.78, 9.37], [281.06, 117.84, 7.71, 17.38], [321.19, 123.71, 9.54, 9.75], [107.0, 1, 20.17, 43.73], [1, 124.29, 5.76, 15.58]]"
963,/home/pi/sambashare/BacArbeit/cocoval2017/000000378116.jpg,3.185071885999605,"['0: person', '37: surfboard']","[0, 37]","[0.9231869, 0.5012444]","[[316.63, 97.65, 185.02, 182.17], [445.89, 248.73, 62.95, 46.13]]"
964,/home/pi/sambashare/BacArbeit/cocoval2017/000000533206.jpg,3.1932933319999393,"['41: cup', '40: wine glass', '40: wine glass', '40: wine glass', '41: cup', '55: cake', '43: knife', '60: dining table', '44: spoon', '45: bowl', '55: cake']","[41, 40, 40, 40, 41, 55, 43, 60, 44, 45, 55]","[0.9401219, 0.92651504, 0.86682403, 0.85853046, 0.8495065, 0.57412994, 0.5030207, 0.29402548, 0.28850564, 0.26524287, 0.2538047]","[[395.38, 152.28, 177.45, 141.51], [333.08, 1, 105.05, 155.0], [286.43, 1, 89.99, 112.66], [593.08, 1, 46.57, 175.9], [1, 1, 73.61, 177.06], [124.69, 126.03, 236.7, 146.15], [197.47, 305.92, 60.07, 120.71], [2.86, 4.74, 637.14, 413.27], [12.77, 244.11, 254.65, 86.15], [624.94, 177.5, 14.85, 56.38], [43.33, 132.79, 403.89, 250.93]]"
965,/home/pi/sambashare/BacArbeit/cocoval2017/000000216419.jpg,3.1893195010002273,"['74: clock', '9: traffic light']","[74, 9]","[0.8805671, 0.6728884]","[[106.11, 99.04, 157.33, 149.36], [580.86, 336.25, 25.78, 59.55]]"
966,/home/pi/sambashare/BacArbeit/cocoval2017/000000030213.jpg,3.1915693509999983,"['56: chair', '71: sink', '45: bowl', '72: refrigerator', '63: laptop', '69: oven', '39: bottle', '39: bottle']","[56, 71, 45, 72, 63, 69, 39, 39]","[0.94133985, 0.87198424, 0.8716372, 0.80378276, 0.5786286, 0.5707947, 0.53613055, 0.29063895]","[[306.26, 333.28, 263.49, 115.01], [318.15, 163.15, 153.18, 54.72], [295.14, 221.36, 48.79, 26.01], [493.92, 111.82, 138.02, 244.29], [1, 269.75, 278.55, 178.41], [1, 179.72, 172.61, 120.95], [281.19, 182.24, 29.73, 55.02], [245.9, 163.61, 10.77, 15.75]]"
967,/home/pi/sambashare/BacArbeit/cocoval2017/000000232489.jpg,3.1742082340001616,"['41: cup', '41: cup', '53: pizza', '41: cup']","[41, 41, 53, 41]","[0.7621149, 0.75006306, 0.5511326, 0.29492196]","[[412.61, 1, 131.51, 47.38], [137.46, 1, 132.95, 24.93], [2.66, 28.23, 628.95, 602.7], [1, 1, 55.75, 33.24]]"
968,/home/pi/sambashare/BacArbeit/cocoval2017/000000535858.jpg,3.181367205999777,['0: person'],[0],[0.7523553],"[[372.79, 211.83, 80.51, 69.62]]"
969,/home/pi/sambashare/BacArbeit/cocoval2017/000000196759.jpg,3.195635227999901,"['2: car', '7: truck', '2: car', '2: car', '2: car', '2: car']","[2, 7, 2, 2, 2, 2]","[0.8741102, 0.8704834, 0.86655295, 0.73326004, 0.40506214, 0.3459269]","[[1, 240.77, 40.6, 28.29], [34.71, 155.04, 576.48, 270.66], [575.61, 228.16, 50.4, 26.85], [531.49, 231.0, 44.96, 19.3], [617.88, 228.52, 20.71, 12.31], [621.53, 229.03, 18.33, 23.51]]"
970,/home/pi/sambashare/BacArbeit/cocoval2017/000000007108.jpg,3.1822141640000154,"['20: elephant', '20: elephant', '20: elephant', '20: elephant', '20: elephant']","[20, 20, 20, 20, 20]","[0.7721826, 0.603859, 0.48258445, 0.3508938, 0.30470386]","[[391.38, 72.26, 247.02, 351.32], [338.53, 1, 163.61, 98.77], [120.05, 16.38, 511.7, 409.33], [568.8, 46.16, 71.2, 363.02], [117.71, 217.88, 81.11, 124.98]]"
971,/home/pi/sambashare/BacArbeit/cocoval2017/000000000885.jpg,3.193059084000197,"['0: person', '0: person', '38: tennis racket', '0: person', '0: person', '0: person', '0: person', '0: person', '0: person', '0: person', '0: person', '56: chair', '0: person', '0: person', '0: person', '0: person']","[0, 0, 38, 0, 0, 0, 0, 0, 0, 0, 0, 56, 0, 0, 0, 0]","[0.9134693, 0.899809, 0.8930138, 0.80817586, 0.70807475, 0.670397, 0.6223494, 0.50387716, 0.45531046, 0.40502122, 0.39493474, 0.3717971, 0.35824046, 0.32652724, 0.3152705, 0.29978377]","[[594.18, 26.76, 45.57, 222.93], [277.79, 185.5, 138.82, 211.76], [400.33, 268.65, 79.68, 41.15], [292.08, 88.07, 110.4, 162.96], [260.17, 1, 71.76, 11.4], [542.33, 1, 69.34, 14.56], [184.48, 1, 71.35, 10.67], [496.89, 1, 74.52, 14.24], [454.23, 1, 54.19, 12.25], [326.25, 1, 59.07, 10.73], [1, 1, 54.16, 7.04], [55.2, 1.21, 54.93, 8.4], [116.94, 1, 55.62, 9.32], [385.52, 1, 50.49, 11.45], [616.02, 1, 23.51, 13.82], [435.09, 1, 22.82, 12.28]]"
972,/home/pi/sambashare/BacArbeit/cocoval2017/000000499768.jpg,3.1962428009996984,"['2: car', '2: car', '10: fire hydrant']","[2, 2, 10]","[0.9398328, 0.9093921, 0.52372605]","[[41.9, 41.01, 168.48, 71.89], [1, 63.57, 45.79, 43.66], [243.63, 29.59, 96.25, 144.88]]"
973,/home/pi/sambashare/BacArbeit/cocoval2017/000000390555.jpg,3.1941680549998637,"['0: person', '27: tie', '0: person', '0: person', '0: person', '0: person', '27: tie', '0: person', '27: tie', '27: tie', '27: tie', '27: tie', '0: person', '0: person', '27: tie', '0: person', '0: person', '0: person', '27: tie', '0: person', '0: person', '27: tie', '0: person', '28: suitcase', '27: tie', '0: person', '0: person']","[0, 27, 0, 0, 0, 0, 27, 0, 27, 27, 27, 27, 0, 0, 27, 0, 0, 0, 27, 0, 0, 27, 0, 28, 27, 0, 0]","[0.7587218, 0.7196482, 0.7030173, 0.62750405, 0.60259813, 0.5669471, 0.56661284, 0.4886596, 0.471515, 0.46212953, 0.45318338, 0.44654307, 0.43938223, 0.4343489, 0.4015489, 0.39353463, 0.3788796, 0.37021658, 0.33737832, 0.3280867, 0.32159936, 0.28728873, 0.270951, 0.26995665, 0.26581746, 0.25988868, 0.25251132]","[[97.87, 292.23, 116.27, 142.77], [77.12, 295.19, 10.29, 24.2], [32.42, 247.1, 93.44, 181.23], [359.22, 281.44, 96.17, 153.52], [198.14, 279.15, 104.39, 155.21], [425.73, 276.63, 94.82, 157.67], [163.39, 339.31, 11.15, 36.78], [407.63, 183.5, 73.47, 146.4], [495.19, 86.93, 12.78, 33.8], [328.54, 334.95, 9.97, 23.2], [68.59, 97.81, 9.46, 22.84], [197.19, 97.99, 8.95, 18.75], [496.67, 281.45, 98.04, 152.47], [158.82, 187.12, 67.66, 156.58], [241.21, 328.69, 12.74, 31.81], [116.67, 194.32, 57.42, 157.05], [262.27, 182.39, 72.74, 161.66], [291.83, 289.19, 72.4, 145.52], [493.38, 72.64, 15.86, 62.65], [473.44, 172.58, 79.37, 157.85], [553.36, 236.71, 79.46, 187.08], [234.13, 314.22, 27.22, 63.93], [363.9, 179.47, 61.06, 136.86], [289.63, 391.71, 71.82, 43.29], [313.36, 93.53, 11.69, 12.02], [184.66, 124.19, 65.61, 102.04], [530.3, 21.59, 75.93, 142.33]]"
974,/home/pi/sambashare/BacArbeit/cocoval2017/000000290592.jpg,3.1831287859999975,"['18: sheep', '18: sheep', '18: sheep', '14: bird', '18: sheep', '18: sheep', '18: sheep', '18: sheep', '18: sheep', '18: sheep', '18: sheep', '18: sheep', '18: sheep', '18: sheep', '17: horse']","[18, 18, 18, 14, 18, 18, 18, 18, 18, 18, 18, 18, 18, 18, 17]","[0.87860733, 0.8605887, 0.84007084, 0.8366388, 0.82666314, 0.7649539, 0.7647593, 0.67045426, 0.6184854, 0.5219035, 0.5042372, 0.38520586, 0.30841073, 0.29105738, 0.28937954]","[[46.37, 93.24, 122.03, 189.97], [286.92, 129.11, 101.9, 219.34], [400.6, 108.06, 136.51, 276.02], [510.82, 116.42, 93.66, 215.82], [198.29, 98.83, 124.39, 230.35], [588.46, 110.76, 51.23, 167.4], [1, 82.55, 102.1, 190.71], [97.4, 79.16, 164.18, 249.42], [1, 129.71, 28.56, 33.29], [431.45, 93.63, 78.3, 92.53], [164.54, 78.16, 95.59, 78.84], [94.46, 82.12, 44.15, 50.31], [61.99, 80.92, 77.05, 65.76], [1, 100.99, 72.02, 29.65], [237.92, 73.81, 47.27, 32.18]]"
975,/home/pi/sambashare/BacArbeit/cocoval2017/000000268831.jpg,3.1993129829997997,"['61: toilet', '61: toilet']","[61, 61]","[0.87649536, 0.6089963]","[[67.84, 95.69, 31.04, 50.27], [27.27, 110.38, 27.02, 39.92]]"
976,/home/pi/sambashare/BacArbeit/cocoval2017/000000455301.jpg,3.189785102999849,"['0: person', '63: laptop', '0: person']","[0, 63, 0]","[0.6502303, 0.55362576, 0.39066458]","[[92.47, 41.54, 461.26, 433.68], [1, 380.06, 238.97, 100.18], [133.78, 119.63, 95.75, 118.2]]"
977,/home/pi/sambashare/BacArbeit/cocoval2017/000000442009.jpg,3.185950475000027,"['71: sink', '75: vase', '39: bottle', '71: sink']","[71, 75, 39, 71]","[0.66589546, 0.48380065, 0.40825573, 0.36472267]","[[576.85, 264.32, 22.91, 13.77], [46.35, 305.12, 32.92, 55.27], [57.8, 341.08, 18.6, 21.41], [91.55, 244.84, 293.28, 110.66]]"
978,/home/pi/sambashare/BacArbeit/cocoval2017/000000277051.jpg,3.1908898530000442,"['14: bird', '14: bird', '39: bottle', '56: chair', '56: chair', '43: knife', '73: book']","[14, 14, 39, 56, 56, 43, 73]","[0.9364597, 0.9129961, 0.8207686, 0.7438736, 0.67706317, 0.6501375, 0.3204652]","[[72.7, 200.43, 296.44, 149.2], [255.94, 175.33, 184.04, 153.2], [53.33, 1, 135.79, 307.47], [389.47, 129.96, 249.33, 245.52], [435.27, 76.71, 138.49, 98.48], [7.63, 340.81, 505.41, 85.78], [578.77, 116.33, 61.23, 30.69]]"
979,/home/pi/sambashare/BacArbeit/cocoval2017/000000389315.jpg,3.19642494000027,"['73: book', '73: book', '73: book', '73: book', '73: book', '73: book', '73: book', '28: suitcase', '73: book']","[73, 73, 73, 73, 73, 73, 73, 28, 73]","[0.7066979, 0.64599127, 0.5305154, 0.51069117, 0.42307895, 0.4120362, 0.36005396, 0.31683642, 0.27456528]","[[90.05, 344.61, 92.14, 94.22], [178.76, 308.74, 90.81, 127.42], [341.66, 348.29, 178.44, 199.03], [204.9, 412.77, 83.87, 146.63], [279.69, 399.1, 63.25, 156.25], [267.12, 293.18, 98.45, 121.06], [440.9, 295.49, 118.27, 151.16], [11.25, 1.65, 621.91, 632.9], [355.92, 302.39, 54.65, 82.31]]"
980,/home/pi/sambashare/BacArbeit/cocoval2017/000000389812.jpg,3.1758817749996524,"['0: person', '46: banana']","[0, 46]","[0.84086514, 0.8354412]","[[176.32, 50.86, 376.7, 429.14], [186.33, 314.13, 235.34, 165.68]]"
981,/home/pi/sambashare/BacArbeit/cocoval2017/000000500477.jpg,3.173876231000122,['16: dog'],[16],[0.6168033],"[[13.93, 5.04, 625.86, 296.3]]"
982,/home/pi/sambashare/BacArbeit/cocoval2017/000000339823.jpg,3.1753829169997516,"['0: person', '25: umbrella']","[0, 25]","[0.6879271, 0.60532933]","[[17.28, 187.4, 334.75, 440.99], [85.48, 38.35, 308.49, 290.33]]"
983,/home/pi/sambashare/BacArbeit/cocoval2017/000000098497.jpg,3.175749167000049,[],[],[],[]
984,/home/pi/sambashare/BacArbeit/cocoval2017/000000233567.jpg,3.175886645999981,"['18: sheep', '18: sheep', '18: sheep', '18: sheep', '19: cow']","[18, 18, 18, 18, 19]","[0.91665137, 0.8820434, 0.873814, 0.84952796, 0.68277603]","[[121.68, 238.02, 176.05, 380.65], [90.59, 88.3, 276.57, 164.64], [72.04, 171.59, 300.4, 297.6], [117.62, 52.36, 132.03, 101.77], [455.87, 144.33, 23.64, 178.49]]"
985,/home/pi/sambashare/BacArbeit/cocoval2017/000000466835.jpg,3.1885393919997114,['46: banana'],[46],[0.8694858],"[[171.63, 56.97, 175.34, 361.6]]"
986,/home/pi/sambashare/BacArbeit/cocoval2017/000000390826.jpg,3.186075786999936,"['21: bear', '0: person', '29: frisbee']","[21, 0, 29]","[0.8414895, 0.83657354, 0.4513318]","[[188.81, 140.95, 142.65, 232.9], [290.14, 1, 337.49, 413.08], [275.05, 154.83, 40.0, 95.92]]"
987,/home/pi/sambashare/BacArbeit/cocoval2017/000000312406.jpg,3.1948229439999523,"['46: banana', '41: cup', '41: cup', '44: spoon', '60: dining table']","[46, 41, 41, 44, 60]","[0.74454343, 0.73342866, 0.59061074, 0.3399907, 0.2510941]","[[47.38, 130.69, 245.81, 238.44], [288.18, 22.53, 139.42, 186.99], [409.49, 190.63, 199.76, 110.73], [363.01, 131.3, 65.84, 84.47], [10.0, 11.54, 620.18, 443.63]]"
988,/home/pi/sambashare/BacArbeit/cocoval2017/000000569059.jpg,3.181719709999925,"['66: keyboard', '64: mouse', '62: tv', '56: chair', '56: chair', '56: chair', '62: tv']","[66, 64, 62, 56, 56, 56, 62]","[0.9410035, 0.9251162, 0.89502066, 0.78201777, 0.33601704, 0.32627863, 0.27462125]","[[241.78, 268.11, 194.76, 70.09], [460.48, 274.3, 42.52, 21.36], [231.42, 39.27, 164.43, 145.71], [383.43, 402.83, 253.74, 76.51], [134.33, 433.79, 110.69, 46.21], [1, 446.47, 42.0, 33.19], [360.28, 135.0, 70.26, 59.98]]"
989,/home/pi/sambashare/BacArbeit/cocoval2017/000000364126.jpg,3.1877095449999615,"['0: person', '37: surfboard']","[0, 37]","[0.94998074, 0.79188216]","[[214.98, 129.92, 125.98, 198.75], [207.32, 318.97, 133.42, 37.59]]"
990,/home/pi/sambashare/BacArbeit/cocoval2017/000000405205.jpg,3.17833420199986,"['5: bus', '5: bus', '5: bus']","[5, 5, 5]","[0.9007281, 0.53160256, 0.27280176]","[[60.61, 17.83, 450.08, 358.37], [496.26, 114.66, 52.84, 168.3], [1, 100.71, 33.24, 238.35]]"
991,/home/pi/sambashare/BacArbeit/cocoval2017/000000076547.jpg,3.1824353440001687,"['0: person', '63: laptop', '1: bicycle', '6: train', '1: bicycle', '0: person', '24: backpack', '39: bottle', '13: bench', '13: bench', '13: bench']","[0, 63, 1, 6, 1, 0, 24, 39, 13, 13, 13]","[0.9368561, 0.8691038, 0.80503535, 0.71190155, 0.6915758, 0.5130889, 0.44216293, 0.44187036, 0.41918615, 0.35640597, 0.26649684]","[[411.97, 206.32, 169.92, 258.39], [388.23, 252.82, 77.09, 53.12], [1, 234.58, 150.18, 245.42], [1, 108.43, 244.42, 218.57], [80.47, 277.46, 116.23, 201.75], [432.12, 256.78, 69.2, 35.13], [144.4, 301.49, 85.83, 109.32], [127.9, 307.01, 12.81, 11.16], [236.53, 368.27, 177.29, 101.27], [451.75, 319.79, 187.5, 160.21], [501.76, 371.22, 78.34, 31.04]]"
992,/home/pi/sambashare/BacArbeit/cocoval2017/000000133343.jpg,3.176068796999971,"['27: tie', '0: person']","[27, 0]","[0.7555275, 0.4839989]","[[71.97, 297.64, 89.89, 174.37], [1, 1, 278.05, 478.39]]"
993,/home/pi/sambashare/BacArbeit/cocoval2017/000000129416.jpg,3.195029075000093,"['19: cow', '19: cow', '19: cow', '19: cow', '19: cow', '19: cow', '19: cow', '19: cow', '14: bird']","[19, 19, 19, 19, 19, 19, 19, 19, 14]","[0.9289877, 0.9016519, 0.89876705, 0.86921656, 0.8349711, 0.8174812, 0.75556195, 0.67347264, 0.3250703]","[[410.76, 218.4, 60.64, 39.83], [82.34, 215.21, 28.34, 38.44], [262.7, 219.28, 44.17, 34.49], [142.76, 213.25, 47.02, 29.48], [32.57, 212.04, 22.01, 33.65], [173.72, 228.01, 25.1, 25.15], [196.24, 224.51, 22.18, 26.86], [55.48, 213.79, 18.23, 20.54], [17.65, 1, 5.05, 10.01]]"
994,/home/pi/sambashare/BacArbeit/cocoval2017/000000461036.jpg,3.179926243000409,['21: bear'],[21],[0.84351635],"[[204.12, 125.32, 102.78, 99.95]]"
995,/home/pi/sambashare/BacArbeit/cocoval2017/000000034071.jpg,3.1765970479996213,"['12: parking meter', '12: parking meter', '12: parking meter']","[12, 12, 12]","[0.8822258, 0.8322844, 0.3458685]","[[288.51, 233.75, 214.64, 191.64], [67.29, 222.17, 224.41, 202.9], [1, 160.83, 159.79, 262.32]]"
996,/home/pi/sambashare/BacArbeit/cocoval2017/000000289594.jpg,3.18272301099978,"['0: person', '2: car', '2: car']","[0, 2, 2]","[0.93348724, 0.78048974, 0.6402204]","[[331.58, 224.07, 71.01, 241.32], [23.07, 268.73, 41.87, 36.33], [19.9, 263.02, 25.99, 27.19]]"
997,/home/pi/sambashare/BacArbeit/cocoval2017/000000475191.jpg,3.180094559999816,"['0: person', '38: tennis racket', '38: tennis racket']","[0, 38, 38]","[0.9140168, 0.643934, 0.42893502]","[[179.74, 93.24, 242.91, 320.57], [176.4, 291.5, 39.1, 63.11], [379.65, 26.23, 39.6, 112.1]]"
998,/home/pi/sambashare/BacArbeit/cocoval2017/000000384661.jpg,3.1883558399999856,"['69: oven', '44: spoon', '44: spoon', '39: bottle', '44: spoon', '39: bottle', '44: spoon', '74: clock', '72: refrigerator', '44: spoon']","[69, 44, 44, 39, 44, 39, 44, 74, 72, 44]","[0.7769058, 0.71385664, 0.6254761, 0.5934844, 0.45892957, 0.42766064, 0.39909244, 0.34043178, 0.28839695, 0.28686666]","[[42.08, 3.36, 256.5, 371.64], [319.73, 41.87, 43.27, 44.49], [358.39, 38.1, 15.39, 48.61], [302.51, 265.04, 48.66, 59.89], [368.66, 50.53, 20.57, 38.08], [386.95, 135.1, 24.78, 41.87], [412.94, 56.79, 26.5, 18.97], [134.13, 18.16, 127.48, 25.39], [417.34, 1, 81.2, 369.54], [384.86, 62.47, 16.86, 19.57]]"
999,/home/pi/sambashare/BacArbeit/cocoval2017/000000377723.jpg,3.1865431649998754,"['5: bus', '0: person', '0: person', '0: person', '0: person', '0: person', '0: person', '0: person', '0: person', '26: handbag', '0: person', '26: handbag', '0: person', '0: person', '26: handbag', '26: handbag', '26: handbag']","[5, 0, 0, 0, 0, 0, 0, 0, 0, 26, 0, 26, 0, 0, 26, 26, 26]","[0.9304693, 0.87865174, 0.8333006, 0.8117546, 0.7984153, 0.7759559, 0.69846034, 0.61908257, 0.5936404, 0.558396, 0.52360225, 0.4168071, 0.3770707, 0.36399934, 0.35575995, 0.34155664, 0.31751767]","[[369.06, 147.47, 241.46, 195.71], [130.34, 231.84, 35.28, 120.3], [183.94, 234.27, 39.72, 105.62], [62.2, 228.02, 36.34, 109.12], [230.81, 232.98, 39.78, 105.69], [289.17, 228.62, 42.34, 115.97], [267.48, 232.52, 27.21, 106.47], [86.74, 232.07, 31.91, 108.83], [347.02, 232.64, 30.56, 108.37], [61.89, 244.61, 13.64, 30.74], [321.77, 231.99, 31.3, 108.01], [325.72, 252.26, 22.84, 25.06], [220.21, 230.01, 29.77, 107.41], [313.94, 225.62, 16.79, 27.9], [210.22, 262.5, 13.92, 35.82], [326.02, 272.04, 23.38, 16.87], [229.95, 254.81, 14.48, 36.16]]"
1000,/home/pi/sambashare/BacArbeit/cocoval2017/000000346703.jpg,3.185351992000051,"['0: person', '41: cup', '40: wine glass', '0: person', '0: person', '55: cake', '0: person', '39: bottle', '41: cup', '55: cake', '0: person', '0: person', '39: bottle', '60: dining table', '44: spoon', '44: spoon', '42: fork', '55: cake', '42: fork', '41: cup', '0: person', '43: knife', '39: bottle', '60: dining table', '0: person']","[0, 41, 40, 0, 0, 55, 0, 39, 41, 55, 0, 0, 39, 60, 44, 44, 42, 55, 42, 41, 0, 43, 39, 60, 0]","[0.9492005, 0.916155, 0.9037591, 0.9033165, 0.8883888, 0.8805537, 0.8634069, 0.860976, 0.8449087, 0.7789108, 0.7603516, 0.7255191, 0.68312836, 0.6822235, 0.65946424, 0.59881556, 0.5561619, 0.54247224, 0.44731322, 0.4256778, 0.33936328, 0.33409104, 0.30927593, 0.30869108, 0.3060907]","[[21.44, 1, 251.21, 364.24], [112.04, 391.02, 44.8, 98.4], [104.46, 528.1, 71.7, 111.71], [336.17, 130.0, 213.02, 235.59], [457.86, 375.78, 91.41, 147.11], [413.74, 512.28, 129.5, 81.04], [187.51, 375.69, 149.02, 178.24], [357.45, 297.6, 37.68, 69.71], [1, 579.56, 42.09, 59.99], [228.03, 556.66, 136.02, 76.03], [1, 375.7, 63.89, 69.76], [376.38, 374.29, 100.47, 183.26], [507.32, 324.1, 25.85, 42.85], [1, 379.34, 174.43, 257.35], [242.94, 194.09, 78.72, 36.3], [418.03, 500.31, 54.08, 30.62], [186.5, 498.49, 41.35, 50.72], [20.96, 492.38, 111.83, 101.66], [146.59, 463.18, 20.43, 49.84], [23.66, 449.87, 40.85, 42.57], [266.82, 157.48, 106.58, 197.52], [376.66, 590.2, 73.31, 36.81], [402.49, 210.63, 57.85, 153.66], [373.06, 519.49, 174.54, 117.33], [483.65, 600.1, 66.06, 39.54]]"
1001,/home/pi/sambashare/BacArbeit/cocoval2017/000000348012.jpg,3.1721458370002438,['76: scissors'],[76],[0.31846413],"[[5.23, 8.62, 634.53, 410.66]]"
1002,/home/pi/sambashare/BacArbeit/cocoval2017/000000104424.jpg,3.1895557450002343,"['0: person', '38: tennis racket', '32: sports ball', '0: person']","[0, 38, 32, 0]","[0.93979627, 0.91529965, 0.6281359, 0.27188084]","[[151.6, 164.22, 110.02, 378.41], [225.39, 186.83, 83.94, 122.03], [96.97, 359.15, 5.67, 6.68], [330.16, 420.03, 92.96, 218.5]]"
1003,/home/pi/sambashare/BacArbeit/cocoval2017/000000027186.jpg,3.1761554469999282,"['0: person', '57: couch', '65: remote']","[0, 57, 65]","[0.5493489, 0.5433267, 0.33869138]","[[157.93, 38.6, 249.19, 388.55], [7.85, 161.92, 628.87, 263.91], [361.47, 171.74, 38.35, 39.54]]"
1004,/home/pi/sambashare/BacArbeit/cocoval2017/000000386134.jpg,3.179916950000006,['55: cake'],[55],[0.6942538],"[[166.15, 33.49, 419.96, 552.69]]"
1005,/home/pi/sambashare/BacArbeit/cocoval2017/000000203864.jpg,3.1900388160001967,"['0: person', '0: person', '38: tennis racket', '38: tennis racket', '32: sports ball']","[0, 0, 38, 38, 32]","[0.918722, 0.91193473, 0.76790154, 0.46981704, 0.37874457]","[[253.76, 108.03, 181.68, 326.26], [104.99, 82.86, 109.1, 253.84], [351.25, 270.56, 73.46, 57.45], [78.77, 159.9, 37.41, 39.78], [112.2, 155.86, 12.55, 11.54]]"
1006,/home/pi/sambashare/BacArbeit/cocoval2017/000000575357.jpg,3.191391081000347,['16: dog'],[16],[0.9429226],"[[250.08, 159.22, 364.82, 202.38]]"
1007,/home/pi/sambashare/BacArbeit/cocoval2017/000000364322.jpg,3.180650496999988,"['18: sheep', '18: sheep', '18: sheep', '18: sheep', '18: sheep', '18: sheep', '18: sheep', '18: sheep', '18: sheep', '18: sheep', '18: sheep', '18: sheep', '18: sheep', '18: sheep', '18: sheep', '18: sheep', '18: sheep', '18: sheep']","[18, 18, 18, 18, 18, 18, 18, 18, 18, 18, 18, 18, 18, 18, 18, 18, 18, 18]","[0.9345394, 0.91708106, 0.90390414, 0.9038159, 0.8971991, 0.8971209, 0.89690524, 0.88981503, 0.8826136, 0.84978884, 0.8382542, 0.7866426, 0.73266125, 0.7061767, 0.6521228, 0.52961165, 0.4350198, 0.309128]","[[113.84, 268.78, 445.93, 211.0], [1, 93.65, 105.44, 184.5], [406.86, 1, 101.68, 119.14], [493.04, 305.93, 145.93, 173.08], [176.11, 8.47, 84.35, 67.5], [13.54, 36.6, 87.1, 86.15], [1, 209.86, 211.95, 267.76], [1, 302.86, 77.3, 176.59], [138.25, 50.0, 117.03, 91.75], [576.67, 160.26, 63.09, 152.48], [107.52, 119.41, 146.25, 93.35], [110.62, 159.87, 366.56, 151.79], [450.79, 63.06, 125.43, 75.89], [316.39, 112.94, 170.33, 70.2], [428.05, 120.58, 174.86, 178.23], [478.77, 80.9, 160.47, 88.74], [571.47, 75.31, 68.45, 96.17], [556.05, 55.57, 83.78, 31.7]]"
1008,/home/pi/sambashare/BacArbeit/cocoval2017/000000475572.jpg,3.195163160999982,"['75: vase', '58: potted plant', '77: teddy bear', '0: person', '0: person']","[75, 58, 77, 0, 0]","[0.9174728, 0.7505116, 0.7212706, 0.6449735, 0.5782812]","[[65.61, 193.1, 135.49, 148.01], [1.28, 30.53, 282.1, 314.83], [153.43, 105.41, 207.86, 263.75], [375.38, 223.29, 71.66, 121.82], [433.81, 208.18, 110.37, 141.44]]"
1009,/home/pi/sambashare/BacArbeit/cocoval2017/000000274272.jpg,3.178165008000178,"['2: car', '2: car', '5: bus', '0: person', '9: traffic light', '0: person']","[2, 2, 5, 0, 9, 0]","[0.9234278, 0.91736555, 0.8477721, 0.7446708, 0.33636656, 0.26137364]","[[28.85, 387.83, 184.29, 91.52], [1, 391.58, 83.3, 87.68], [178.57, 193.27, 458.37, 285.57], [263.8, 360.68, 64.04, 42.16], [211.17, 189.41, 41.5, 37.53], [380.19, 366.11, 28.09, 34.23]]"
1010,/home/pi/sambashare/BacArbeit/cocoval2017/000000446117.jpg,3.177519693999784,"['49: orange', '49: orange']","[49, 49]","[0.7060148, 0.2805957]","[[252.87, 152.44, 129.76, 108.15], [152.05, 6.13, 361.1, 413.16]]"
1011,/home/pi/sambashare/BacArbeit/cocoval2017/000000145665.jpg,3.188365171999976,"['0: person', '36: skateboard']","[0, 36]","[0.9394609, 0.89687085]","[[2.22, 280.23, 198.81, 253.36], [382.83, 261.56, 45.66, 41.92]]"
1012,/home/pi/sambashare/BacArbeit/cocoval2017/000000364166.jpg,3.176907864999521,"['22: zebra', '22: zebra']","[22, 22]","[0.886681, 0.5378246]","[[190.38, 130.69, 308.62, 244.15], [123.27, 1, 375.66, 269.82]]"
1013,/home/pi/sambashare/BacArbeit/cocoval2017/000000016958.jpg,3.1779954339999676,"['56: chair', '56: chair', '56: chair', '75: vase', '75: vase', '56: chair', '75: vase', '75: vase', '73: book', '73: book']","[56, 56, 56, 75, 75, 56, 75, 75, 73, 73]","[0.92024374, 0.90675414, 0.8972582, 0.89026767, 0.86405504, 0.66559964, 0.37217304, 0.3465512, 0.33002442, 0.3114864]","[[562.52, 235.63, 66.78, 123.04], [441.78, 240.16, 125.97, 186.82], [310.27, 229.02, 59.81, 126.91], [22.53, 72.96, 42.75, 67.58], [278.94, 86.99, 27.69, 52.97], [335.01, 296.59, 142.55, 131.41], [92.66, 45.46, 23.03, 93.72], [258.31, 110.12, 26.86, 29.28], [422.82, 217.71, 56.0, 19.12], [449.84, 215.19, 52.9, 18.49]]"
1014,/home/pi/sambashare/BacArbeit/cocoval2017/000000402096.jpg,3.190599386000031,[],[],[],[]
1015,/home/pi/sambashare/BacArbeit/cocoval2017/000000356094.jpg,3.179316095000104,"['0: person', '0: person', '34: baseball bat', '35: baseball glove']","[0, 0, 34, 35]","[0.9068121, 0.8807325, 0.7429699, 0.7390199]","[[186.02, 40.49, 157.16, 346.96], [403.96, 116.71, 71.98, 218.63], [300.78, 82.74, 158.32, 42.32], [404.09, 220.37, 20.51, 33.53]]"
1016,/home/pi/sambashare/BacArbeit/cocoval2017/000000225184.jpg,3.1869701320001695,"['18: sheep', '18: sheep', '18: sheep', '16: dog']","[18, 18, 18, 16]","[0.92483807, 0.9237241, 0.9230583, 0.9031032]","[[322.02, 456.32, 47.48, 64.76], [268.77, 431.41, 53.28, 68.56], [380.14, 432.2, 53.72, 61.37], [191.92, 352.86, 42.57, 41.61]]"
1017,/home/pi/sambashare/BacArbeit/cocoval2017/000000122217.jpg,3.181006357000115,"['0: person', '0: person', '36: skateboard', '2: car', '36: skateboard']","[0, 0, 36, 2, 36]","[0.9338446, 0.93016374, 0.7267085, 0.7231204, 0.70341146]","[[162.9, 294.95, 61.63, 74.54], [84.73, 275.93, 54.35, 89.88], [181.15, 366.03, 23.08, 13.86], [210.72, 1, 61.26, 47.62], [99.67, 362.35, 23.18, 11.61]]"
1018,/home/pi/sambashare/BacArbeit/cocoval2017/000000394677.jpg,3.1830419409998285,"['0: person', '0: person', '26: handbag', '26: handbag', '26: handbag', '26: handbag', '0: person', '26: handbag', '26: handbag', '67: cell phone']","[0, 0, 26, 26, 26, 26, 0, 26, 26, 67]","[0.883646, 0.88325703, 0.73332435, 0.6156875, 0.5915136, 0.56347805, 0.5026817, 0.442902, 0.41415384, 0.35722515]","[[142.99, 100.18, 208.52, 274.13], [2.11, 63.45, 193.87, 311.55], [447.67, 169.71, 51.92, 79.81], [33.7, 150.95, 58.58, 58.67], [374.51, 135.19, 92.62, 138.22], [204.1, 187.67, 143.73, 48.26], [423.61, 80.64, 75.92, 292.17], [1, 137.75, 42.67, 68.3], [1, 90.08, 58.36, 174.51], [71.8, 107.13, 33.19, 23.93]]"
1019,/home/pi/sambashare/BacArbeit/cocoval2017/000000453981.jpg,3.1791474479996396,['16: dog'],[16],[0.8856473],"[[116.18, 104.76, 492.67, 320.35]]"
1020,/home/pi/sambashare/BacArbeit/cocoval2017/000000410510.jpg,3.1987163769999825,"['0: person', '38: tennis racket', '38: tennis racket', '32: sports ball']","[0, 38, 38, 32]","[0.91376, 0.72626364, 0.5082284, 0.44821158]","[[248.19, 187.57, 94.29, 147.27], [255.76, 183.59, 30.09, 29.55], [332.15, 265.33, 35.12, 23.97], [295.66, 201.88, 10.1, 9.69]]"
1021,/home/pi/sambashare/BacArbeit/cocoval2017/000000509258.jpg,3.192698456000471,['56: chair'],[56],[0.82754576],"[[111.69, 335.7, 32.33, 27.14]]"
1022,/home/pi/sambashare/BacArbeit/cocoval2017/000000166521.jpg,3.195143456000551,"['62: tv', '62: tv', '56: chair', '56: chair']","[62, 62, 56, 56]","[0.9267964, 0.84334534, 0.699717, 0.4877346]","[[189.47, 135.0, 173.45, 148.27], [379.07, 277.51, 109.73, 98.41], [526.34, 329.32, 113.21, 96.68], [1, 321.93, 33.42, 62.15]]"
1023,/home/pi/sambashare/BacArbeit/cocoval2017/000000516601.jpg,3.186136329999499,"['0: person', '0: person', '0: person', '0: person', '0: person', '0: person', '0: person']","[0, 0, 0, 0, 0, 0, 0]","[0.86948746, 0.8400906, 0.7852608, 0.7776673, 0.7576984, 0.3753761, 0.35074192]","[[501.78, 222.37, 38.09, 60.49], [591.6, 218.54, 18.69, 33.08], [410.19, 222.48, 36.68, 75.1], [555.15, 226.83, 16.72, 39.09], [482.05, 221.4, 18.5, 46.37], [567.63, 221.34, 18.69, 21.36], [556.5, 217.31, 10.55, 15.33]]"
1024,/home/pi/sambashare/BacArbeit/cocoval2017/000000530457.jpg,3.1750258130005022,"['75: vase', '58: potted plant']","[75, 58]","[0.873737, 0.3220796]","[[217.25, 319.95, 216.93, 284.38], [10.3, 50.54, 470.97, 564.0]]"
1025,/home/pi/sambashare/BacArbeit/cocoval2017/000000157807.jpg,3.1717320469997503,"['15: cat', '71: sink', '61: toilet']","[15, 71, 61]","[0.93821657, 0.65977305, 0.29957685]","[[94.68, 158.06, 388.46, 214.5], [542.5, 99.67, 96.87, 115.43], [100.93, 291.71, 281.19, 134.37]]"
1026,/home/pi/sambashare/BacArbeit/cocoval2017/000000315001.jpg,3.188226682000277,"['14: bird', '14: bird', '14: bird', '14: bird', '14: bird', '14: bird', '14: bird', '14: bird', '14: bird', '14: bird', '14: bird', '14: bird', '14: bird']","[14, 14, 14, 14, 14, 14, 14, 14, 14, 14, 14, 14, 14]","[0.8304701, 0.7527754, 0.7004751, 0.6369677, 0.57941586, 0.46622223, 0.43851566, 0.36692536, 0.3112824, 0.3111228, 0.2927941, 0.27456182, 0.26265022]","[[373.63, 292.46, 56.29, 48.98], [364.17, 476.37, 60.15, 35.4], [93.78, 265.98, 26.13, 48.59], [217.86, 123.1, 42.17, 45.81], [363.15, 367.46, 38.09, 22.37], [389.88, 387.56, 37.65, 17.75], [95.99, 391.36, 36.57, 18.44], [247.13, 271.9, 14.7, 8.68], [206.14, 270.94, 18.54, 10.73], [183.24, 182.41, 15.98, 11.04], [556.56, 231.82, 14.2, 10.99], [217.67, 176.93, 24.71, 10.34], [83.21, 279.63, 14.83, 8.92]]"
1027,/home/pi/sambashare/BacArbeit/cocoval2017/000000303653.jpg,3.183460398000534,"['17: horse', '0: person', '17: horse', '0: person', '17: horse', '56: chair', '0: person']","[17, 0, 17, 0, 17, 56, 0]","[0.937727, 0.8944046, 0.87934214, 0.8627707, 0.7826464, 0.65930134, 0.55009764]","[[76.18, 160.99, 310.85, 198.46], [214.2, 68.93, 72.24, 197.44], [1, 170.55, 106.56, 97.86], [393.63, 99.99, 68.91, 160.25], [373.55, 165.21, 179.08, 133.9], [584.87, 164.31, 30.9, 36.38], [29.83, 109.37, 51.58, 93.0]]"
1028,/home/pi/sambashare/BacArbeit/cocoval2017/000000479448.jpg,3.1856441270001596,"['41: cup', '44: spoon', '46: banana', '46: banana', '46: banana', '46: banana', '46: banana', '46: banana', '46: banana', '46: banana']","[41, 44, 46, 46, 46, 46, 46, 46, 46, 46]","[0.9147172, 0.87196696, 0.635667, 0.5638724, 0.5083932, 0.38539392, 0.343678, 0.30512288, 0.28904802, 0.26998526]","[[387.6, 33.45, 112.22, 142.84], [1, 5.65, 50.37, 67.95], [1, 10.81, 426.12, 355.18], [146.08, 67.18, 81.61, 67.42], [230.42, 24.26, 75.44, 64.95], [104.69, 112.08, 82.69, 74.76], [29.13, 100.81, 83.33, 63.57], [163.09, 33.41, 61.86, 39.95], [83.65, 80.42, 67.87, 28.94], [269.77, 208.33, 70.44, 75.99]]"
1029,/home/pi/sambashare/BacArbeit/cocoval2017/000000292005.jpg,3.187192166999921,"['39: bottle', '39: bottle', '39: bottle', '61: toilet', '61: toilet', '60: dining table']","[39, 39, 39, 61, 61, 60]","[0.8210917, 0.71607286, 0.5973367, 0.58008814, 0.34197393, 0.27182627]","[[185.11, 465.68, 16.51, 43.29], [200.82, 453.93, 18.03, 52.55], [218.52, 453.28, 19.98, 50.79], [239.98, 607.58, 58.48, 32.2], [240.52, 522.58, 160.05, 117.42], [272.42, 571.45, 206.07, 67.75]]"
1030,/home/pi/sambashare/BacArbeit/cocoval2017/000000084752.jpg,3.194148760000644,"['2: car', '2: car', '7: truck', '4: airplane', '2: car', '2: car', '2: car', '2: car', '2: car', '2: car']","[2, 2, 7, 4, 2, 2, 2, 2, 2, 2]","[0.8788485, 0.8563384, 0.849682, 0.84579194, 0.80189997, 0.7418927, 0.7329785, 0.65875506, 0.65123457, 0.64517206]","[[492.3, 347.04, 29.81, 16.03], [585.85, 343.64, 32.91, 18.09], [474.66, 337.68, 28.99, 15.93], [17.86, 105.78, 615.34, 222.11], [517.35, 346.54, 31.39, 15.97], [551.01, 339.78, 35.82, 21.98], [527.39, 336.19, 25.91, 14.33], [378.43, 344.85, 17.21, 16.42], [308.68, 341.29, 23.69, 14.31], [288.56, 345.18, 23.0, 11.15]]"
1031,/home/pi/sambashare/BacArbeit/cocoval2017/000000193429.jpg,3.1907276640004056,"['31: snowboard', '0: person']","[31, 0]","[0.94962376, 0.9383241]","[[134.83, 273.92, 383.78, 99.46], [208.27, 104.0, 212.92, 201.32]]"
1032,/home/pi/sambashare/BacArbeit/cocoval2017/000000080340.jpg,3.1804524420003872,"['0: person', '0: person', '0: person', '27: tie', '28: suitcase', '0: person', '0: person', '0: person', '41: cup', '41: cup', '41: cup', '13: bench', '40: wine glass', '0: person', '41: cup', '40: wine glass', '58: potted plant', '0: person']","[0, 0, 0, 27, 28, 0, 0, 0, 41, 41, 41, 13, 40, 0, 41, 40, 58, 0]","[0.91520447, 0.90148616, 0.8786927, 0.8462168, 0.8443179, 0.8293593, 0.776646, 0.7213941, 0.67630935, 0.64251274, 0.59136355, 0.53320044, 0.4935442, 0.48719186, 0.48462242, 0.45967513, 0.29745123, 0.25871024]","[[143.84, 76.79, 130.09, 316.12], [250.67, 1, 83.29, 201.64], [335.89, 1, 90.33, 183.49], [183.48, 140.26, 28.38, 84.45], [234.88, 238.51, 66.26, 162.74], [418.81, 1, 88.24, 222.52], [1, 293.69, 46.29, 132.61], [528.05, 1, 100.19, 68.96], [610.93, 76.35, 20.51, 36.51], [586.23, 67.69, 25.16, 41.44], [541.83, 60.68, 23.22, 38.92], [502.4, 51.2, 136.88, 261.89], [629.67, 73.83, 10.33, 38.93], [6.82, 1, 35.38, 92.56], [563.3, 65.88, 21.92, 38.97], [532.71, 45.19, 16.32, 31.07], [594.3, 1, 45.18, 37.12], [328.69, 1, 34.56, 58.11]]"
1033,/home/pi/sambashare/BacArbeit/cocoval2017/000000051976.jpg,3.1820607229992675,"['0: person', '37: surfboard']","[0, 37]","[0.8685141, 0.7973692]","[[285.27, 198.21, 30.41, 47.42], [256.53, 229.3, 56.45, 20.11]]"
1034,/home/pi/sambashare/BacArbeit/cocoval2017/000000435206.jpg,3.1750468649997856,"['0: person', '19: cow', '0: person', '0: person', '25: umbrella', '19: cow', '19: cow', '0: person', '8: boat', '0: person', '19: cow', '19: cow', '17: horse', '17: horse']","[0, 19, 0, 0, 25, 19, 19, 0, 8, 0, 19, 19, 17, 17]","[0.8632016, 0.8621639, 0.855026, 0.76252574, 0.73279196, 0.65980566, 0.5625261, 0.5539295, 0.5507176, 0.46192503, 0.4443747, 0.42077062, 0.38981718, 0.33411664]","[[423.46, 198.27, 29.91, 78.06], [299.88, 157.27, 31.64, 25.37], [344.87, 195.39, 27.37, 45.27], [426.12, 146.52, 13.22, 19.68], [302.97, 187.61, 17.57, 50.87], [238.91, 148.11, 16.64, 12.86], [340.47, 145.9, 21.24, 17.17], [383.59, 168.23, 4.86, 11.37], [206.0, 159.16, 55.78, 11.45], [449.06, 143.05, 10.99, 6.71], [319.19, 145.96, 34.59, 17.16], [364.56, 135.31, 18.69, 9.85], [279.49, 138.97, 22.71, 18.99], [294.04, 141.39, 10.94, 16.36]]"
1035,/home/pi/sambashare/BacArbeit/cocoval2017/000000466339.jpg,3.1771587630000795,['15: cat'],[15],[0.9402862],"[[19.34, 504.63, 131.1, 97.21]]"
1036,/home/pi/sambashare/BacArbeit/cocoval2017/000000571943.jpg,3.194017741000607,"['9: traffic light', '9: traffic light']","[9, 9]","[0.79307956, 0.5837388]","[[37.7, 115.46, 218.46, 248.98], [1, 308.02, 113.92, 171.06]]"
1037,/home/pi/sambashare/BacArbeit/cocoval2017/000000168619.jpg,3.178443834999598,"['13: bench', '0: person']","[13, 0]","[0.89787734, 0.31716883]","[[118.54, 268.13, 40.05, 42.76], [177.11, 247.45, 3.85, 4.8]]"
1038,/home/pi/sambashare/BacArbeit/cocoval2017/000000566524.jpg,3.196230587000173,"['0: person', '0: person', '6: train', '0: person', '0: person']","[0, 0, 6, 0, 0]","[0.8769055, 0.8512548, 0.84503484, 0.4940613, 0.39164403]","[[543.82, 215.54, 26.35, 58.47], [504.83, 224.41, 15.88, 44.79], [262.12, 131.79, 181.97, 171.55], [497.35, 224.12, 5.68, 10.45], [487.05, 223.86, 7.24, 14.06]]"
1039,/home/pi/sambashare/BacArbeit/cocoval2017/000000402433.jpg,3.185687594999763,"['55: cake', '79: toothbrush']","[55, 79]","[0.38118455, 0.31731537]","[[73.29, 160.92, 458.58, 229.67], [4.09, 17.66, 358.7, 179.04]]"
1040,/home/pi/sambashare/BacArbeit/cocoval2017/000000231527.jpg,3.1726271079996877,"['41: cup', '42: fork', '49: orange', '41: cup', '49: orange', '0: person']","[41, 42, 49, 41, 49, 0]","[0.9044426, 0.8931048, 0.8588532, 0.80073905, 0.73947835, 0.40334502]","[[73.13, 162.75, 130.57, 177.51], [71.08, 460.59, 263.31, 179.17], [308.0, 470.96, 118.41, 168.14], [159.48, 289.3, 125.44, 176.3], [1, 365.28, 151.42, 150.25], [1, 1, 146.31, 181.46]]"
1041,/home/pi/sambashare/BacArbeit/cocoval2017/000000390902.jpg,3.1868780209997567,"['0: person', '38: tennis racket', '0: person']","[0, 38, 0]","[0.91640526, 0.86667114, 0.5110051]","[[49.94, 66.45, 226.13, 431.67], [53.58, 434.96, 39.48, 64.93], [179.12, 58.61, 51.04, 125.29]]"
1042,/home/pi/sambashare/BacArbeit/cocoval2017/000000105912.jpg,3.1764316199996756,"['10: fire hydrant', '0: person', '0: person', '0: person', '0: person', '0: person', '5: bus', '2: car', '2: car', '0: person', '0: person', '0: person', '0: person', '0: person', '0: person', '0: person']","[10, 0, 0, 0, 0, 0, 5, 2, 2, 0, 0, 0, 0, 0, 0, 0]","[0.92541605, 0.82704043, 0.78817767, 0.7737429, 0.7591665, 0.7256412, 0.72306925, 0.69608414, 0.69345164, 0.66122234, 0.59541464, 0.56519157, 0.5551257, 0.384291, 0.36087093, 0.35588422]","[[110.12, 97.5, 98.8, 223.22], [420.36, 106.1, 33.94, 102.37], [293.41, 118.4, 39.42, 81.4], [338.58, 149.92, 16.95, 42.22], [58.2, 130.08, 14.78, 30.64], [30.64, 131.12, 12.81, 27.41], [182.84, 112.48, 155.9, 62.19], [39.4, 135.67, 24.32, 22.9], [1.02, 124.22, 34.51, 31.63], [234.43, 147.47, 14.66, 30.69], [360.08, 157.13, 11.6, 30.1], [1, 123.78, 11.12, 32.24], [371.72, 156.68, 17.12, 31.88], [217.1, 145.02, 9.91, 28.02], [282.8, 154.08, 13.48, 26.63], [20.09, 126.97, 21.84, 29.5]]"
1043,/home/pi/sambashare/BacArbeit/cocoval2017/000000062808.jpg,3.1783755960004783,"['53: pizza', '0: person', '0: person', '67: cell phone', '43: knife', '56: chair', '56: chair', '60: dining table', '39: bottle', '56: chair', '43: knife', '60: dining table', '56: chair']","[53, 0, 0, 67, 43, 56, 56, 60, 39, 56, 43, 60, 56]","[0.9195663, 0.9174578, 0.8870271, 0.8820615, 0.7249063, 0.698141, 0.55789655, 0.49674207, 0.4461431, 0.40121818, 0.401143, 0.3367455, 0.25636503]","[[139.04, 277.2, 368.69, 148.03], [1.4, 17.87, 273.54, 373.37], [357.98, 5.2, 281.58, 386.12], [474.65, 111.31, 88.51, 43.74], [465.45, 432.13, 174.55, 45.9], [318.06, 192.49, 71.92, 42.73], [228.49, 195.68, 59.75, 43.42], [263.06, 233.52, 101.27, 41.82], [240.19, 167.45, 16.01, 31.75], [253.67, 183.05, 37.83, 13.62], [486.83, 273.22, 88.76, 50.77], [325.31, 179.07, 54.53, 18.52], [316.33, 192.31, 33.83, 43.16]]"
1044,/home/pi/sambashare/BacArbeit/cocoval2017/000000084031.jpg,3.1800712800004476,"['0: person', '0: person', '0: person', '35: baseball glove', '32: sports ball']","[0, 0, 0, 35, 32]","[0.9342886, 0.9310846, 0.91261536, 0.8583906, 0.7415154]","[[279.07, 186.94, 97.8, 149.28], [96.85, 216.17, 71.67, 143.64], [182.48, 254.24, 112.99, 97.71], [275.47, 258.86, 20.87, 23.7], [423.05, 239.52, 15.1, 7.33]]"
1045,/home/pi/sambashare/BacArbeit/cocoval2017/000000074646.jpg,3.1897109000001365,"['0: person', '33: kite', '0: person', '0: person', '0: person', '56: chair', '0: person']","[0, 33, 0, 0, 0, 56, 0]","[0.91053283, 0.891198, 0.7924536, 0.5570102, 0.5232062, 0.41600558, 0.3983443]","[[80.29, 452.14, 20.27, 48.59], [388.24, 166.51, 21.56, 22.15], [189.48, 457.52, 11.64, 40.12], [391.94, 456.27, 9.43, 28.3], [373.25, 460.99, 9.05, 26.05], [207.4, 475.22, 21.06, 24.74], [60.29, 477.57, 5.51, 10.59]]"
1046,/home/pi/sambashare/BacArbeit/cocoval2017/000000499775.jpg,3.191324755000096,"['5: bus', '2: car']","[5, 2]","[0.94022393, 0.9293708]","[[195.09, 224.04, 160.36, 162.11], [518.87, 318.73, 115.57, 49.19]]"
1047,/home/pi/sambashare/BacArbeit/cocoval2017/000000184338.jpg,3.177035225000509,"['7: truck', '13: bench']","[7, 13]","[0.67677635, 0.42486784]","[[12.71, 15.97, 553.67, 408.6], [584.97, 231.65, 54.49, 56.61]]"
1048,/home/pi/sambashare/BacArbeit/cocoval2017/000000360325.jpg,3.1746987340002306,"['18: sheep', '17: horse', '18: sheep', '18: sheep', '17: horse', '18: sheep', '18: sheep', '17: horse', '18: sheep', '18: sheep', '18: sheep']","[18, 17, 18, 18, 17, 18, 18, 17, 18, 18, 18]","[0.9147008, 0.89467406, 0.6408628, 0.6193029, 0.6145545, 0.5017376, 0.4551797, 0.42569155, 0.42376116, 0.40677553, 0.378342]","[[131.17, 191.68, 329.57, 236.3], [406.77, 64.75, 231.2, 361.67], [31.01, 76.66, 152.12, 343.99], [187.59, 48.74, 135.24, 83.05], [1, 70.5, 83.97, 355.5], [1, 40.73, 69.46, 52.46], [281.53, 63.86, 180.03, 140.53], [577.41, 82.25, 62.35, 226.62], [159.8, 60.07, 234.7, 183.74], [136.09, 53.48, 83.0, 66.74], [65.24, 50.77, 86.99, 38.18]]"
1049,/home/pi/sambashare/BacArbeit/cocoval2017/000000326128.jpg,3.194022411000333,"['0: person', '31: snowboard', '24: backpack']","[0, 31, 24]","[0.92426205, 0.7195781, 0.44047636]","[[241.52, 186.11, 126.6, 404.88], [102.38, 538.89, 355.66, 64.73], [247.66, 245.96, 96.2, 86.18]]"
1050,/home/pi/sambashare/BacArbeit/cocoval2017/000000022192.jpg,3.1877453319993947,"['16: dog', '24: backpack', '59: bed']","[16, 24, 59]","[0.927343, 0.2919816, 0.27903578]","[[71.26, 120.2, 144.94, 247.14], [247.66, 153.78, 216.07, 172.27], [1, 265.17, 99.89, 160.24]]"
1051,/home/pi/sambashare/BacArbeit/cocoval2017/000000404128.jpg,3.1827327600003628,['4: airplane'],[4],[0.9081733],"[[30.05, 149.15, 502.82, 189.17]]"
1052,/home/pi/sambashare/BacArbeit/cocoval2017/000000263068.jpg,3.179313517999617,"['0: person', '36: skateboard']","[0, 36]","[0.9409405, 0.81545454]","[[193.19, 42.98, 86.91, 168.77], [189.71, 131.76, 39.86, 82.19]]"
1053,/home/pi/sambashare/BacArbeit/cocoval2017/000000033104.jpg,3.1961814789992786,"['0: person', '0: person', '0: person', '0: person', '0: person', '35: baseball glove', '0: person', '2: car', '30: skis']","[0, 0, 0, 0, 0, 35, 0, 2, 30]","[0.826393, 0.772067, 0.70658123, 0.5375367, 0.51753306, 0.49486154, 0.4466691, 0.40001073, 0.26702228]","[[28.2, 30.69, 177.7, 440.58], [160.71, 44.92, 173.34, 422.74], [1, 8.56, 49.1, 259.98], [361.42, 1, 66.19, 121.43], [292.19, 27.01, 131.45, 416.56], [317.92, 75.2, 78.52, 112.69], [385.73, 21.08, 42.27, 276.47], [229.3, 1, 42.05, 9.96], [1, 258.44, 79.41, 24.11]]"
1054,/home/pi/sambashare/BacArbeit/cocoval2017/000000073118.jpg,3.1965245510000386,"['77: teddy bear', '77: teddy bear']","[77, 77]","[0.5800832, 0.41588563]","[[163.14, 38.43, 448.86, 570.93], [1, 177.02, 278.42, 434.98]]"
1055,/home/pi/sambashare/BacArbeit/cocoval2017/000000336309.jpg,3.1755768740003987,['4: airplane'],[4],[0.9373805],"[[120.54, 189.03, 164.32, 50.43]]"
1056,/home/pi/sambashare/BacArbeit/cocoval2017/000000121031.jpg,3.1779378589999396,"['17: horse', '0: person', '0: person', '17: horse', '0: person', '17: horse', '0: person']","[17, 0, 0, 17, 0, 17, 0]","[0.9136759, 0.87956285, 0.8471658, 0.8375915, 0.80309975, 0.5204799, 0.4139284]","[[77.45, 166.2, 146.82, 267.34], [126.97, 110.98, 98.49, 221.3], [257.72, 152.68, 36.51, 56.77], [388.82, 182.39, 55.63, 77.05], [211.59, 148.88, 80.97, 144.11], [227.59, 223.87, 65.24, 87.45], [389.74, 160.3, 41.73, 77.35]]"
1057,/home/pi/sambashare/BacArbeit/cocoval2017/000000479155.jpg,3.1953231589995994,"['0: person', '0: person', '0: person', '0: person', '16: dog', '0: person', '26: handbag', '0: person', '0: person']","[0, 0, 0, 0, 16, 0, 26, 0, 0]","[0.8419424, 0.8417181, 0.8242644, 0.7466155, 0.54088396, 0.44077417, 0.43000957, 0.29543883, 0.29047778]","[[62.63, 1, 93.85, 232.39], [328.31, 1.05, 124.09, 330.81], [248.29, 127.8, 70.45, 203.59], [1, 4.36, 86.63, 326.46], [1, 224.03, 264.52, 107.97], [187.08, 89.86, 53.26, 69.7], [316.49, 169.58, 55.23, 92.13], [1, 1, 30.35, 55.08], [469.51, 44.62, 30.29, 118.63]]"
1058,/home/pi/sambashare/BacArbeit/cocoval2017/000000102820.jpg,3.191990414999964,"['55: cake', '0: person', '0: person', '60: dining table']","[55, 0, 0, 60]","[0.8551055, 0.72404987, 0.5467107, 0.5180177]","[[43.59, 484.11, 212.48, 97.55], [42.44, 16.49, 356.98, 509.25], [380.29, 9.66, 35.88, 399.12], [23.04, 456.42, 388.31, 167.68]]"
1059,/home/pi/sambashare/BacArbeit/cocoval2017/000000223738.jpg,3.1848215079999136,"['0: person', '34: baseball bat', '32: sports ball', '0: person', '0: person', '0: person', '0: person', '0: person']","[0, 34, 32, 0, 0, 0, 0, 0]","[0.944635, 0.85290444, 0.7881967, 0.71840036, 0.6538009, 0.60726464, 0.5455301, 0.2669855]","[[272.3, 89.08, 316.39, 518.37], [220.17, 241.63, 67.06, 75.7], [68.57, 196.17, 28.82, 26.78], [193.97, 4.14, 93.5, 227.62], [79.58, 4.03, 88.24, 231.95], [617.61, 95.45, 16.39, 207.23], [1, 92.49, 94.4, 145.09], [87.96, 1, 43.77, 85.84]]"
1060,/home/pi/sambashare/BacArbeit/cocoval2017/000000128658.jpg,3.1934791160001623,['46: banana'],[46],[0.35217896],"[[99.69, 35.6, 535.97, 387.67]]"
1061,/home/pi/sambashare/BacArbeit/cocoval2017/000000370813.jpg,3.180400687999281,"['36: skateboard', '0: person']","[36, 0]","[0.8103294, 0.43385053]","[[113.19, 170.45, 186.32, 258.36], [154.72, 1, 197.85, 169.74]]"
1062,/home/pi/sambashare/BacArbeit/cocoval2017/000000226592.jpg,3.170254744999511,"['59: bed', '73: book', '61: toilet']","[59, 73, 61]","[0.5082179, 0.32223246, 0.26915216]","[[23.64, 53.82, 616.14, 416.94], [1, 40.7, 125.95, 275.14], [1, 355.98, 33.65, 122.63]]"
1063,/home/pi/sambashare/BacArbeit/cocoval2017/000000209613.jpg,3.1760335540002416,"['18: sheep', '18: sheep', '18: sheep', '18: sheep', '18: sheep', '18: sheep', '18: sheep', '18: sheep', '18: sheep', '18: sheep']","[18, 18, 18, 18, 18, 18, 18, 18, 18, 18]","[0.93342817, 0.9009948, 0.898956, 0.8714195, 0.793364, 0.7642159, 0.74623907, 0.68998486, 0.58831203, 0.41459045]","[[301.42, 235.58, 117.25, 102.66], [555.65, 232.04, 51.61, 48.23], [47.95, 273.16, 72.34, 107.65], [153.62, 260.48, 122.42, 91.04], [216.18, 245.31, 103.83, 84.27], [129.24, 182.4, 33.07, 35.52], [110.64, 246.2, 105.36, 94.63], [169.56, 183.57, 29.61, 28.13], [61.56, 397.22, 147.14, 29.6], [216.69, 244.79, 42.57, 28.06]]"
1064,/home/pi/sambashare/BacArbeit/cocoval2017/000000157390.jpg,3.1923478239996257,"['50: broccoli', '50: broccoli', '50: broccoli', '50: broccoli', '45: bowl', '50: broccoli', '50: broccoli', '45: bowl']","[50, 50, 50, 50, 45, 50, 50, 45]","[0.8521618, 0.8095085, 0.7795169, 0.67433524, 0.67081505, 0.5771698, 0.4136786, 0.3893574]","[[244.21, 88.13, 120.66, 107.66], [80.37, 152.35, 167.34, 151.75], [237.4, 287.25, 179.7, 157.86], [257.9, 219.11, 59.35, 56.48], [7.18, 4.81, 593.57, 462.97], [345.96, 144.28, 87.2, 109.49], [400.69, 230.01, 107.64, 145.53], [141.41, 88.24, 299.4, 313.1]]"
1065,/home/pi/sambashare/BacArbeit/cocoval2017/000000132703.jpg,3.196824258000561,"['0: person', '31: snowboard']","[0, 31]","[0.94706655, 0.7051551]","[[92.5, 142.74, 207.14, 174.79], [94.73, 306.72, 179.88, 47.56]]"
1066,/home/pi/sambashare/BacArbeit/cocoval2017/000000058029.jpg,3.1775750209999387,"['61: toilet', '71: sink', '61: toilet']","[61, 71, 61]","[0.70773846, 0.69264996, 0.53924084]","[[109.34, 352.78, 171.09, 125.11], [305.13, 419.96, 160.7, 57.75], [110.48, 437.86, 103.01, 39.83]]"
1067,/home/pi/sambashare/BacArbeit/cocoval2017/000000369037.jpg,3.1972165789993596,"['0: person', '26: handbag', '39: bottle', '15: cat']","[0, 26, 39, 15]","[0.90106446, 0.80351245, 0.41464442, 0.37509403]","[[121.83, 228.05, 301.89, 409.96], [254.98, 338.96, 114.76, 297.64], [38.8, 551.05, 16.63, 46.15], [1, 153.02, 24.21, 222.69]]"
1068,/home/pi/sambashare/BacArbeit/cocoval2017/000000063047.jpg,3.191390898999998,"['0: person', '0: person', '0: person', '0: person', '41: cup', '2: car']","[0, 0, 0, 0, 41, 2]","[0.95067745, 0.9048151, 0.8897455, 0.87444544, 0.7380829, 0.37257153]","[[71.48, 222.26, 318.66, 337.12], [495.43, 305.69, 33.57, 101.08], [439.0, 310.8, 27.16, 98.03], [464.67, 313.76, 26.55, 91.93], [94.33, 351.25, 49.18, 56.7], [625.44, 482.83, 14.49, 77.84]]"
1069,/home/pi/sambashare/BacArbeit/cocoval2017/000000334977.jpg,3.181367711000348,"['73: book', '73: book']","[73, 73]","[0.6933727, 0.55110776]","[[331.87, 21.46, 146.43, 283.55], [138.67, 18.78, 157.2, 280.51]]"
1070,/home/pi/sambashare/BacArbeit/cocoval2017/000000306437.jpg,3.1836075530000016,"['0: person', '36: skateboard', '72: refrigerator', '1: bicycle', '24: backpack', '1: bicycle', '1: bicycle', '1: bicycle']","[0, 36, 72, 1, 24, 1, 1, 1]","[0.931092, 0.8140683, 0.7830552, 0.6947095, 0.38780162, 0.29548463, 0.26861385, 0.25306773]","[[170.63, 300.86, 77.24, 132.4], [200.47, 395.06, 48.19, 41.1], [1, 169.71, 81.02, 467.76], [129.91, 378.04, 43.78, 36.32], [171.42, 311.81, 33.11, 59.47], [386.85, 369.28, 38.86, 47.72], [84.79, 371.83, 35.35, 42.19], [98.82, 372.85, 33.33, 40.3]]"
1071,/home/pi/sambashare/BacArbeit/cocoval2017/000000045090.jpg,3.1934085590000905,"['0: person', '0: person', '37: surfboard']","[0, 0, 37]","[0.6992615, 0.5145657, 0.4090446]","[[176.63, 88.33, 29.63, 26.26], [295.61, 81.82, 21.15, 22.44], [200.61, 121.67, 31.27, 8.41]]"
1072,/home/pi/sambashare/BacArbeit/cocoval2017/000000449579.jpg,3.200760756000818,"['0: person', '38: tennis racket']","[0, 38]","[0.9374303, 0.79664564]","[[120.42, 51.24, 135.67, 270.78], [97.03, 78.48, 32.06, 79.07]]"
1073,/home/pi/sambashare/BacArbeit/cocoval2017/000000032570.jpg,3.186492654999711,"['0: person', '37: surfboard']","[0, 37]","[0.91343784, 0.682309]","[[174.59, 162.87, 135.9, 129.12], [231.87, 247.26, 148.4, 68.88]]"
1074,/home/pi/sambashare/BacArbeit/cocoval2017/000000283070.jpg,3.1885711310005718,"['39: bottle', '45: bowl']","[39, 45]","[0.45469204, 0.38458458]","[[501.76, 285.83, 117.44, 62.09], [506.5, 201.93, 115.02, 51.97]]"
1075,/home/pi/sambashare/BacArbeit/cocoval2017/000000303893.jpg,3.1834627110001747,"['0: person', '0: person', '16: dog', '73: book']","[0, 0, 16, 73]","[0.93659556, 0.83647275, 0.80872434, 0.60623014]","[[308.79, 92.87, 227.44, 280.71], [90.83, 57.63, 237.7, 340.25], [409.26, 349.83, 229.5, 76.48], [363.0, 246.42, 105.44, 46.72]]"
1076,/home/pi/sambashare/BacArbeit/cocoval2017/000000232348.jpg,3.1872719589991902,[],[],[],[]
1077,/home/pi/sambashare/BacArbeit/cocoval2017/000000399560.jpg,3.175204526000016,"['15: cat', '77: teddy bear']","[15, 77]","[0.87032086, 0.357455]","[[141.04, 114.47, 470.0, 224.39], [1, 137.31, 46.75, 119.24]]"
1078,/home/pi/sambashare/BacArbeit/cocoval2017/000000424721.jpg,3.1815037119995395,"['45: bowl', '47: apple', '47: apple', '43: knife']","[45, 47, 47, 43]","[0.5661195, 0.500671, 0.30253753, 0.26654637]","[[2.08, 6.14, 484.33, 366.16], [160.51, 134.8, 88.9, 76.59], [297.27, 80.36, 75.31, 71.92], [429.54, 103.86, 39.07, 138.3]]"
1079,/home/pi/sambashare/BacArbeit/cocoval2017/000000360960.jpg,3.1818027689996597,"['0: person', '25: umbrella', '0: person', '0: person', '0: person', '0: person', '0: person', '0: person']","[0, 25, 0, 0, 0, 0, 0, 0]","[0.92130184, 0.86201787, 0.8157736, 0.7752508, 0.64045733, 0.50211614, 0.36004475, 0.25021103]","[[173.73, 218.19, 181.45, 352.06], [73.36, 70.15, 320.52, 158.11], [1, 103.13, 51.78, 324.32], [361.96, 101.13, 63.93, 314.96], [27.24, 149.64, 106.49, 290.63], [125.55, 217.53, 41.03, 106.78], [165.95, 221.96, 38.16, 113.96], [323.63, 200.1, 37.03, 257.83]]"
1080,/home/pi/sambashare/BacArbeit/cocoval2017/000000330818.jpg,3.1805884019995574,"['74: clock', '39: bottle', '0: person', '39: bottle', '39: bottle', '69: oven', '39: bottle', '39: bottle', '63: laptop', '39: bottle', '24: backpack', '62: tv']","[74, 39, 0, 39, 39, 69, 39, 39, 63, 39, 24, 62]","[0.9171044, 0.8756899, 0.84260935, 0.8286769, 0.7040461, 0.65487206, 0.5946169, 0.5822056, 0.39595628, 0.3574106, 0.35664192, 0.31928408]","[[326.35, 1, 99.28, 84.24], [1.02, 425.96, 29.93, 136.93], [2.67, 153.34, 175.21, 398.03], [195.02, 233.65, 17.35, 55.22], [229.68, 242.1, 22.02, 46.15], [167.72, 365.73, 258.24, 270.82], [29.61, 423.54, 89.23, 132.05], [253.04, 230.33, 19.02, 59.85], [1, 308.29, 43.05, 85.17], [1, 486.91, 15.25, 95.96], [1, 246.21, 24.14, 68.43], [114.79, 226.08, 42.14, 50.14]]"
1081,/home/pi/sambashare/BacArbeit/cocoval2017/000000106281.jpg,3.1821076500000345,"['6: train', '6: train', '6: train', '0: person', '0: person', '19: cow']","[6, 6, 6, 0, 0, 19]","[0.83420897, 0.80729365, 0.5076154, 0.46358827, 0.36926153, 0.3232515]","[[100.19, 64.02, 191.24, 358.34], [146.47, 41.28, 204.95, 98.09], [1, 6.03, 75.0, 242.51], [594.13, 109.02, 41.15, 31.89], [540.74, 99.92, 43.52, 39.55], [400.04, 69.24, 45.5, 37.05]]"
1082,/home/pi/sambashare/BacArbeit/cocoval2017/000000425906.jpg,3.1771269689998007,"['31: snowboard', '0: person', '0: person', '0: person', '0: person', '0: person', '0: person', '0: person', '0: person']","[31, 0, 0, 0, 0, 0, 0, 0, 0]","[0.9421941, 0.87158585, 0.60775846, 0.45641693, 0.40736234, 0.37516394, 0.35678983, 0.3173967, 0.2880218]","[[109.27, 115.81, 172.63, 153.73], [60.45, 132.32, 123.97, 99.42], [314.85, 449.54, 74.05, 177.82], [182.46, 418.21, 64.91, 67.9], [242.52, 445.95, 61.87, 190.74], [107.22, 409.7, 51.65, 58.09], [153.13, 416.83, 33.15, 50.51], [52.21, 405.76, 26.89, 48.82], [77.81, 411.85, 29.96, 47.52]]"
1083,/home/pi/sambashare/BacArbeit/cocoval2017/000000352582.jpg,3.182188278000467,"['0: person', '0: person', '29: frisbee']","[0, 0, 29]","[0.93298, 0.9197952, 0.84505844]","[[111.28, 199.84, 224.92, 439.22], [1, 256.84, 74.39, 382.22], [166.69, 423.75, 90.35, 40.3]]"
1084,/home/pi/sambashare/BacArbeit/cocoval2017/000000279541.jpg,3.1919683219994113,"['0: person', '53: pizza', '56: chair', '45: bowl', '41: cup']","[0, 53, 56, 45, 41]","[0.6957433, 0.60771257, 0.41770014, 0.37388995, 0.3110728]","[[111.49, 1, 137.54, 119.69], [400.26, 163.48, 77.35, 58.37], [113.53, 60.83, 43.62, 29.02], [79.99, 99.29, 58.87, 26.41], [97.71, 9.13, 12.41, 13.24]]"
1085,/home/pi/sambashare/BacArbeit/cocoval2017/000000518326.jpg,3.1731187810000847,"['0: person', '8: boat', '59: bed', '59: bed']","[0, 8, 59, 59]","[0.87740064, 0.4309494, 0.39866662, 0.3803547]","[[227.38, 273.12, 67.12, 185.58], [489.19, 117.07, 149.58, 134.42], [194.11, 130.13, 293.61, 131.85], [77.6, 252.33, 450.45, 154.26]]"
1086,/home/pi/sambashare/BacArbeit/cocoval2017/000000453341.jpg,3.175194073000057,"['62: tv', '66: keyboard', '65: remote', '75: vase', '17: horse']","[62, 66, 65, 75, 17]","[0.8502471, 0.63528967, 0.36517546, 0.3298602, 0.3020757]","[[1, 226.77, 73.3, 96.13], [1, 312.53, 49.51, 25.64], [53.8, 340.45, 36.76, 13.23], [326.29, 185.59, 17.15, 26.23], [396.61, 10.83, 44.84, 89.74]]"
1087,/home/pi/sambashare/BacArbeit/cocoval2017/000000231822.jpg,3.1850811880003675,"['44: spoon', '45: bowl', '41: cup', '39: bottle', '42: fork', '41: cup', '43: knife', '41: cup', '41: cup', '48: sandwich', '45: bowl']","[44, 45, 41, 39, 42, 41, 43, 41, 41, 48, 45]","[0.95920426, 0.91422063, 0.880859, 0.8693061, 0.8048046, 0.76395404, 0.7092885, 0.4610575, 0.43922633, 0.3480681, 0.31434497]","[[294.06, 168.82, 111.16, 73.29], [323.22, 139.53, 113.21, 72.73], [191.54, 3.7, 70.47, 129.37], [460.41, 1, 39.4, 99.59], [297.73, 195.76, 46.28, 113.11], [87.65, 24.27, 75.0, 129.97], [431.86, 165.76, 46.52, 171.3], [363.77, 41.54, 40.49, 75.31], [321.0, 37.37, 44.41, 78.8], [58.03, 179.12, 121.69, 101.54], [58.42, 148.15, 241.77, 190.98]]"
1088,/home/pi/sambashare/BacArbeit/cocoval2017/000000260261.jpg,3.2010402080004496,"['0: person', '2: car', '2: car']","[0, 2, 2]","[0.92922395, 0.9095963, 0.31029195]","[[184.44, 157.72, 160.78, 471.23], [362.14, 228.34, 63.42, 44.49], [1, 175.56, 368.88, 318.85]]"
1089,/home/pi/sambashare/BacArbeit/cocoval2017/000000418696.jpg,3.1762955740005054,"['2: car', '2: car', '2: car', '9: traffic light', '9: traffic light', '2: car']","[2, 2, 2, 9, 9, 2]","[0.8887376, 0.8539126, 0.73238313, 0.60989326, 0.55429393, 0.29931542]","[[148.26, 267.85, 27.25, 19.94], [185.66, 273.09, 34.38, 22.57], [517.41, 281.63, 60.79, 26.68], [348.51, 155.41, 22.15, 28.25], [159.94, 157.48, 16.03, 23.75], [616.59, 296.9, 17.1, 24.64]]"
1090,/home/pi/sambashare/BacArbeit/cocoval2017/000000234526.jpg,3.191860975000054,"['23: giraffe', '0: person', '0: person', '0: person', '0: person', '0: person', '0: person', '0: person', '0: person', '76: scissors', '0: person']","[23, 0, 0, 0, 0, 0, 0, 0, 0, 76, 0]","[0.9501863, 0.93950284, 0.8155213, 0.6499167, 0.63420534, 0.54945153, 0.50214875, 0.4255353, 0.32397762, 0.28833383, 0.2641711]","[[1, 109.37, 251.76, 238.12], [251.31, 296.01, 273.47, 312.33], [517.82, 265.73, 93.96, 341.49], [424.05, 129.58, 6.09, 13.83], [458.95, 130.99, 6.1, 14.74], [327.58, 126.57, 6.4, 13.25], [411.16, 129.74, 5.66, 12.97], [403.56, 130.15, 5.86, 12.22], [392.05, 134.78, 5.16, 8.27], [268.74, 413.62, 44.35, 86.73], [404.08, 130.15, 11.88, 12.16]]"
1091,/home/pi/sambashare/BacArbeit/cocoval2017/000000477118.jpg,3.189540245999524,[],[],[],[]
1092,/home/pi/sambashare/BacArbeit/cocoval2017/000000558421.jpg,3.1922742800006745,['6: train'],[6],[0.76129717],"[[299.43, 245.19, 235.57, 109.74]]"
1093,/home/pi/sambashare/BacArbeit/cocoval2017/000000542073.jpg,3.184072846000163,[],[],[],[]
1094,/home/pi/sambashare/BacArbeit/cocoval2017/000000039956.jpg,3.1832193029995324,"['56: chair', '59: bed', '73: book', '39: bottle']","[56, 59, 73, 39]","[0.81091547, 0.7831712, 0.46955103, 0.4033798]","[[518.27, 183.72, 121.41, 170.05], [1, 209.97, 363.54, 215.15], [484.79, 357.81, 87.94, 28.9], [138.65, 241.77, 8.62, 20.8]]"
1095,/home/pi/sambashare/BacArbeit/cocoval2017/000000409424.jpg,3.1811976230001164,"['57: couch', '49: orange', '56: chair', '49: orange', '45: bowl', '56: chair']","[57, 49, 56, 49, 45, 56]","[0.6115177, 0.46119902, 0.37645853, 0.36277142, 0.34992343, 0.32048902]","[[382.54, 10.65, 97.1, 232.27], [44.9, 263.14, 76.67, 94.37], [72.55, 1, 174.43, 153.54], [259.83, 362.78, 135.2, 116.43], [4.95, 209.0, 475.05, 376.55], [143.5, 73.0, 185.61, 198.73]]"
1096,/home/pi/sambashare/BacArbeit/cocoval2017/000000449909.jpg,3.1703342549999434,"['23: giraffe', '0: person']","[23, 0]","[0.8098945, 0.75275373]","[[316.78, 88.67, 264.22, 266.16], [45.35, 169.45, 291.1, 256.9]]"
1097,/home/pi/sambashare/BacArbeit/cocoval2017/000000425702.jpg,3.1866378410004472,"['37: surfboard', '0: person']","[37, 0]","[0.8984175, 0.60309505]","[[237.44, 135.37, 148.72, 53.12], [294.9, 126.76, 51.06, 107.71]]"
1098,/home/pi/sambashare/BacArbeit/cocoval2017/000000482800.jpg,3.176993794999362,"['0: person', '0: person', '29: frisbee', '0: person']","[0, 0, 29, 0]","[0.9228367, 0.9111532, 0.85857433, 0.76884997]","[[125.16, 106.3, 73.77, 261.43], [335.0, 83.69, 166.42, 367.71], [476.99, 280.24, 22.16, 50.7], [303.5, 87.12, 88.38, 244.14]]"
1099,/home/pi/sambashare/BacArbeit/cocoval2017/000000217400.jpg,3.183464644000196,['6: train'],[6],[0.6448055],"[[4.24, 131.19, 598.7, 233.44]]"
1100,/home/pi/sambashare/BacArbeit/cocoval2017/000000549220.jpg,3.191736263000166,"['16: dog', '0: person', '0: person', '56: chair', '0: person', '36: skateboard']","[16, 0, 0, 56, 0, 36]","[0.78025603, 0.77962065, 0.5950323, 0.47742105, 0.44620705, 0.3195828]","[[1.97, 87.07, 470.97, 388.08], [395.71, 11.43, 83.99, 174.28], [444.52, 34.82, 35.26, 78.38], [360.44, 145.56, 57.02, 82.9], [173.9, 1, 198.49, 226.04], [1.44, 335.74, 476.22, 197.84]]"
1101,/home/pi/sambashare/BacArbeit/cocoval2017/000000110638.jpg,3.1791862520003633,"['20: elephant', '20: elephant', '20: elephant']","[20, 20, 20]","[0.8942608, 0.78329414, 0.72529227]","[[231.03, 137.65, 208.92, 204.37], [1, 1.7, 132.44, 307.54], [86.59, 1, 501.02, 346.57]]"
1102,/home/pi/sambashare/BacArbeit/cocoval2017/000000463542.jpg,3.183655243999965,"['0: person', '0: person', '0: person', '0: person', '0: person', '0: person', '30: skis', '0: person', '0: person', '30: skis', '30: skis', '0: person', '0: person', '30: skis', '0: person', '0: person', '30: skis', '0: person', '0: person', '0: person', '0: person']","[0, 0, 0, 0, 0, 0, 30, 0, 0, 30, 30, 0, 0, 30, 0, 0, 30, 0, 0, 0, 0]","[0.9108102, 0.900493, 0.8874585, 0.83890384, 0.8334505, 0.8118879, 0.71570355, 0.625149, 0.5808487, 0.5416539, 0.53666836, 0.4797282, 0.44752905, 0.4192384, 0.40631896, 0.38262343, 0.35171154, 0.34913948, 0.3478447, 0.3093352, 0.27202493]","[[292.43, 160.74, 49.25, 94.31], [99.41, 132.07, 61.47, 104.52], [499.22, 157.93, 51.14, 94.89], [234.62, 121.86, 24.62, 51.19], [501.56, 132.16, 31.88, 45.95], [260.97, 101.47, 27.49, 35.86], [90.14, 225.64, 78.18, 15.17], [628.24, 112.3, 11.49, 35.25], [556.42, 82.8, 20.67, 26.6], [225.92, 168.55, 41.42, 5.64], [259.98, 134.07, 25.59, 6.47], [440.26, 91.58, 11.36, 23.94], [282.8, 65.51, 16.24, 31.97], [623.01, 144.59, 16.64, 4.06], [451.7, 56.07, 11.72, 21.7], [249.85, 51.43, 14.35, 22.29], [292.35, 248.01, 48.51, 8.04], [179.8, 12.16, 7.24, 18.33], [189.04, 51.96, 13.79, 23.72], [460.85, 87.12, 17.87, 34.93], [497.49, 62.68, 14.38, 22.6]]"
1103,/home/pi/sambashare/BacArbeit/cocoval2017/000000153217.jpg,3.1842044820004958,"['15: cat', '3: motorcycle']","[15, 3]","[0.9290545, 0.8076306]","[[21.84, 279.09, 139.12, 215.9], [33.46, 2.15, 323.25, 418.27]]"
1104,/home/pi/sambashare/BacArbeit/cocoval2017/000000367228.jpg,3.1814890969999396,"['0: person', '33: kite']","[0, 33]","[0.954307, 0.5834471]","[[72.2, 184.81, 180.14, 315.16], [28.14, 18.4, 112.19, 111.35]]"
1105,/home/pi/sambashare/BacArbeit/cocoval2017/000000471756.jpg,3.187012635999963,"['0: person', '37: surfboard']","[0, 37]","[0.85132855, 0.49060753]","[[262.37, 133.7, 375.18, 178.56], [254.66, 277.97, 273.97, 40.56]]"
1106,/home/pi/sambashare/BacArbeit/cocoval2017/000000173183.jpg,3.188593459999538,[],[],[],[]
1107,/home/pi/sambashare/BacArbeit/cocoval2017/000000119641.jpg,3.183189754000523,"['20: elephant', '20: elephant', '20: elephant', '20: elephant', '20: elephant', '0: person', '20: elephant', '0: person', '0: person', '0: person', '0: person', '0: person', '0: person', '0: person', '0: person', '0: person', '0: person', '0: person', '20: elephant', '0: person', '0: person', '0: person']","[20, 20, 20, 20, 20, 0, 20, 0, 0, 0, 0, 0, 0, 0, 0, 0, 0, 0, 20, 0, 0, 0]","[0.9345394, 0.9222169, 0.8889026, 0.8886619, 0.86660045, 0.7886267, 0.78291553, 0.7566887, 0.7534842, 0.6661167, 0.6649199, 0.6336276, 0.61615664, 0.5661581, 0.50463796, 0.42314956, 0.4095088, 0.3995656, 0.3501405, 0.34122956, 0.27781644, 0.26225126]","[[116.08, 397.02, 69.04, 75.56], [247.63, 390.23, 51.26, 64.79], [498.7, 381.89, 39.44, 55.14], [293.83, 396.37, 107.59, 55.02], [603.8, 386.56, 35.96, 44.15], [275.39, 344.44, 26.0, 47.21], [376.32, 389.75, 47.52, 54.42], [148.46, 348.47, 27.92, 39.56], [256.3, 342.24, 21.89, 46.05], [620.23, 358.58, 16.21, 31.78], [497.97, 355.08, 18.36, 29.1], [515.57, 356.42, 16.77, 24.92], [128.63, 353.11, 22.03, 34.17], [356.79, 363.7, 22.06, 27.76], [379.31, 360.65, 14.36, 25.03], [611.57, 357.82, 11.77, 21.22], [608.64, 370.76, 13.76, 18.03], [339.73, 372.83, 20.27, 29.22], [151.13, 368.81, 26.23, 35.5], [389.69, 363.56, 17.68, 24.05], [262.51, 366.46, 19.33, 26.95], [261.67, 361.99, 36.87, 31.06]]"
1108,/home/pi/sambashare/BacArbeit/cocoval2017/000000372317.jpg,3.185122140999738,"['5: bus', '12: parking meter']","[5, 12]","[0.95097154, 0.56665826]","[[40.13, 82.79, 536.15, 186.06], [14.03, 175.09, 11.76, 23.32]]"
1109,/home/pi/sambashare/BacArbeit/cocoval2017/000000537964.jpg,3.1946350449998135,['10: fire hydrant'],[10],[0.8250894],"[[46.74, 16.74, 172.92, 404.36]]"
1110,/home/pi/sambashare/BacArbeit/cocoval2017/000000181303.jpg,3.1910636809998323,"['33: kite', '0: person']","[33, 0]","[0.807127, 0.27210516]","[[184.02, 48.16, 138.97, 106.77], [211.92, 54.51, 90.74, 261.81]]"
1111,/home/pi/sambashare/BacArbeit/cocoval2017/000000066523.jpg,3.1911036370001966,['59: bed'],[59],[0.7465556],"[[1, 294.14, 454.02, 342.94]]"
1112,/home/pi/sambashare/BacArbeit/cocoval2017/000000243199.jpg,3.190849339000124,"['63: laptop', '59: bed']","[63, 59]","[0.4980907, 0.3638797]","[[270.91, 10.92, 227.91, 321.94], [1, 22.26, 499, 307.22]]"
1113,/home/pi/sambashare/BacArbeit/cocoval2017/000000078748.jpg,3.1923866819997784,"['0: person', '3: motorcycle', '0: person', '0: person', '0: person', '0: person', '3: motorcycle', '3: motorcycle', '0: person', '0: person', '24: backpack', '0: person', '3: motorcycle', '24: backpack', '0: person', '0: person', '0: person', '0: person', '0: person']","[0, 3, 0, 0, 0, 0, 3, 3, 0, 0, 24, 0, 3, 24, 0, 0, 0, 0, 0]","[0.92226183, 0.89009047, 0.8813622, 0.86152685, 0.8476681, 0.8378282, 0.8148902, 0.70723695, 0.6683166, 0.6338108, 0.5977755, 0.5790759, 0.55757815, 0.46889606, 0.44379503, 0.3868352, 0.33513114, 0.252657, 0.25062734]","[[93.36, 17.57, 109.92, 97.23], [185.02, 136.27, 272.54, 181.66], [291.6, 21.18, 78.69, 89.55], [197.61, 16.75, 52.85, 94.35], [240.86, 15.92, 52.25, 94.59], [58.31, 21.81, 49.81, 95.53], [440.02, 108.92, 198.89, 223.84], [1, 188.27, 175.4, 290.65], [489.54, 52.06, 57.94, 71.98], [435.03, 26.74, 63.25, 149.07], [425.54, 56.64, 42.58, 67.85], [362.15, 45.8, 30.48, 64.24], [542.18, 324.37, 97.22, 154.86], [559.06, 79.23, 38.67, 44.26], [522.9, 66.75, 29.51, 46.34], [387.05, 48.31, 43.28, 62.33], [579.7, 54.62, 45.01, 95.13], [612.05, 55.19, 27.9, 87.32], [1, 20.22, 33.1, 177.29]]"
1114,/home/pi/sambashare/BacArbeit/cocoval2017/000000297353.jpg,3.1800639809998756,"['0: person', '39: bottle', '73: book', '59: bed', '39: bottle', '73: book', '73: book', '41: cup', '73: book', '65: remote']","[0, 39, 73, 59, 39, 73, 73, 41, 73, 65]","[0.901054, 0.8385841, 0.48855916, 0.4723059, 0.41414133, 0.36629918, 0.36132893, 0.34899962, 0.32388392, 0.28639507]","[[176.96, 65.24, 283.78, 413.56], [591.96, 386.55, 20.2, 45.98], [87.07, 422.64, 54.04, 18.08], [1, 304.16, 635.84, 329.14], [565.92, 385.06, 18.12, 43.74], [87.69, 418.36, 44.65, 14.95], [94.03, 416.95, 30.09, 10.54], [577.92, 405.07, 16.51, 32.49], [58.44, 442.25, 83.02, 17.69], [336.72, 209.58, 199.04, 41.85]]"
1115,/home/pi/sambashare/BacArbeit/cocoval2017/000000032861.jpg,3.1865906069997436,"['0: person', '25: umbrella']","[0, 25]","[0.9490537, 0.41977385]","[[85.66, 198.99, 226.65, 440.94], [35.89, 50.52, 325.71, 219.55]]"
1116,/home/pi/sambashare/BacArbeit/cocoval2017/000000015497.jpg,3.1932880260001184,"['64: mouse', '15: cat']","[64, 15]","[0.92646384, 0.73783195]","[[146.32, 336.35, 100.26, 121.55], [32.28, 41.94, 452.99, 417.94]]"
1117,/home/pi/sambashare/BacArbeit/cocoval2017/000000125778.jpg,3.196901594999872,"['57: couch', '56: chair', '75: vase', '58: potted plant', '41: cup', '75: vase', '75: vase', '58: potted plant', '75: vase', '75: vase']","[57, 56, 75, 58, 41, 75, 75, 58, 75, 75]","[0.9537031, 0.917127, 0.8574439, 0.77093565, 0.7014073, 0.67277247, 0.42610094, 0.3679109, 0.31216305, 0.28541806]","[[1, 232.18, 299.15, 245.84], [274.41, 187.95, 153.24, 157.13], [154.39, 208.1, 20.84, 32.91], [551.03, 335.74, 75.67, 105.16], [551.58, 404.15, 42.76, 37.54], [126.0, 210.1, 25.92, 38.52], [454.31, 239.72, 19.77, 22.24], [443.82, 199.15, 46.91, 63.42], [174.77, 202.01, 11.54, 34.34], [185.98, 200.72, 12.88, 34.14]]"
1118,/home/pi/sambashare/BacArbeit/cocoval2017/000000067406.jpg,3.185151102000418,"['0: person', '0: person', '33: kite', '0: person']","[0, 0, 33, 0]","[0.91577566, 0.9139505, 0.91377103, 0.7880927]","[[173.02, 252.91, 25.82, 62.95], [111.4, 258.88, 20.41, 59.51], [230.96, 193.02, 90.84, 81.59], [378.37, 276.58, 9.24, 21.01]]"
1119,/home/pi/sambashare/BacArbeit/cocoval2017/000000424349.jpg,3.190200709999772,"['0: person', '0: person', '69: oven']","[0, 0, 69]","[0.9453891, 0.9371118, 0.41111287]","[[322.94, 139.07, 239.74, 285.49], [16.47, 135.48, 163.85, 290.17], [145.37, 145.89, 356.15, 183.45]]"
1120,/home/pi/sambashare/BacArbeit/cocoval2017/000000416256.jpg,3.17855340099959,"['15: cat', '63: laptop', '26: handbag', '63: laptop', '24: backpack', '28: suitcase']","[15, 63, 26, 63, 24, 28]","[0.698675, 0.55365354, 0.30508873, 0.29865503, 0.2667103, 0.25268707]","[[119.97, 112.49, 241.11, 115.04], [119.76, 211.75, 194.89, 100.7], [185.51, 1, 202.05, 135.54], [1, 1.55, 134.9, 248.36], [144.06, 1, 88.06, 77.59], [181.35, 2.45, 317.58, 233.84]]"
1121,/home/pi/sambashare/BacArbeit/cocoval2017/000000566758.jpg,3.194950650999999,"['5: bus', '2: car']","[5, 2]","[0.94511205, 0.645828]","[[29.97, 109.43, 507.34, 243.0], [537.09, 178.05, 102.11, 50.27]]"
1122,/home/pi/sambashare/BacArbeit/cocoval2017/000000448263.jpg,3.184707048999371,"['35: baseball glove', '0: person', '0: person', '35: baseball glove']","[35, 0, 0, 35]","[0.8378753, 0.83367693, 0.73831683, 0.34121907]","[[16.63, 122.89, 37.46, 46.69], [17.05, 12.41, 74.59, 213.62], [88.03, 8.68, 148.35, 220.44], [155.5, 178.46, 23.37, 31.34]]"
1123,/home/pi/sambashare/BacArbeit/cocoval2017/000000033368.jpg,3.175001042999611,"['0: person', '38: tennis racket']","[0, 38]","[0.9302438, 0.8746767]","[[157.17, 38.59, 106.43, 391.61], [131.49, 228.39, 37.09, 95.02]]"
1124,/home/pi/sambashare/BacArbeit/cocoval2017/000000021503.jpg,3.199750492000021,"['66: keyboard', '53: pizza', '41: cup']","[66, 53, 41]","[0.65634006, 0.44637313, 0.37007922]","[[1, 39.76, 208.8, 99.22], [341.57, 176.83, 298.09, 147.8], [225.52, 1, 122.2, 82.21]]"
1125,/home/pi/sambashare/BacArbeit/cocoval2017/000000418281.jpg,3.175729714999761,"['19: cow', '19: cow']","[19, 19]","[0.9529438, 0.91247994]","[[98.0, 253.84, 185.0, 128.83], [324.42, 309.12, 71.38, 44.16]]"
1126,/home/pi/sambashare/BacArbeit/cocoval2017/000000546717.jpg,3.1879524949999904,"['63: laptop', '64: mouse', '59: bed', '58: potted plant']","[63, 64, 59, 58]","[0.9208561, 0.7891593, 0.6644794, 0.6615703]","[[180.86, 344.07, 281.06, 267.24], [139.34, 493.19, 48.65, 62.25], [9.61, 70.8, 455.07, 546.12], [333.04, 6.76, 131.11, 166.35]]"
1127,/home/pi/sambashare/BacArbeit/cocoval2017/000000123213.jpg,3.1738398589995995,"['0: person', '0: person', '0: person', '35: baseball glove', '56: chair', '56: chair', '0: person', '34: baseball bat', '0: person', '0: person', '0: person', '41: cup', '0: person', '13: bench']","[0, 0, 0, 35, 56, 56, 0, 34, 0, 0, 0, 41, 0, 13]","[0.92818964, 0.8957512, 0.89121914, 0.87749803, 0.83621675, 0.8011615, 0.7254489, 0.7251162, 0.61417234, 0.5487685, 0.54044783, 0.54019505, 0.43306223, 0.357431]","[[91.24, 82.55, 228.85, 270.54], [245.13, 175.02, 209.85, 205.87], [409.71, 161.19, 190.05, 224.2], [241.87, 223.78, 30.71, 55.65], [550.63, 52.14, 59.39, 40.27], [510.18, 48.96, 49.05, 39.41], [394.33, 1, 67.3, 78.09], [225.51, 56.79, 55.02, 127.58], [1, 1, 62.02, 46.62], [203.59, 1, 107.95, 65.96], [84.02, 1, 104.33, 52.62], [574.82, 77.94, 9.75, 12.43], [176.86, 1, 66.56, 46.56], [307.59, 26.35, 88.58, 44.53]]"
1128,/home/pi/sambashare/BacArbeit/cocoval2017/000000156372.jpg,3.1808241409999027,"['56: chair', '24: backpack', '24: backpack']","[56, 24, 24]","[0.8784896, 0.73813295, 0.59988177]","[[126.99, 281.28, 139.71, 218.44], [46.91, 319.82, 129.02, 179.85], [1, 373.91, 94.45, 125.59]]"
1129,/home/pi/sambashare/BacArbeit/cocoval2017/000000456292.jpg,3.182829084000332,['15: cat'],[15],[0.8537371],"[[188.84, 337.06, 124.34, 162.07]]"
1130,/home/pi/sambashare/BacArbeit/cocoval2017/000000462756.jpg,3.196683194999423,"['7: truck', '3: motorcycle', '2: car']","[7, 3, 2]","[0.87434226, 0.8732056, 0.69047505]","[[62.56, 137.89, 234.37, 105.87], [254.84, 120.43, 244.83, 258.53], [24.92, 174.78, 44.41, 31.3]]"
1131,/home/pi/sambashare/BacArbeit/cocoval2017/000000050943.jpg,3.1840614840002672,"['0: person', '37: surfboard']","[0, 37]","[0.89499134, 0.51473486]","[[312.71, 192.11, 29.97, 30.41], [324.42, 220.94, 32.33, 3.74]]"
1132,/home/pi/sambashare/BacArbeit/cocoval2017/000000361621.jpg,3.1868574629997966,['16: dog'],[16],[0.45492104],"[[27.95, 1, 490.95, 426]]"
1133,/home/pi/sambashare/BacArbeit/cocoval2017/000000134689.jpg,3.1847536210007092,['23: giraffe'],[23],[0.9314876],"[[37.05, 78.13, 328.12, 511.18]]"
1134,/home/pi/sambashare/BacArbeit/cocoval2017/000000148739.jpg,3.1874984160003805,"['0: person', '37: surfboard', '20: elephant']","[0, 37, 20]","[0.91793793, 0.7568775, 0.33067426]","[[73.18, 120.28, 94.97, 120.42], [127.32, 228.69, 47.59, 20.31], [422.35, 1, 88.34, 16.53]]"
1135,/home/pi/sambashare/BacArbeit/cocoval2017/000000343466.jpg,3.184940029000245,"['69: oven', '71: sink']","[69, 71]","[0.86565065, 0.83994216]","[[145.76, 123.94, 82.3, 115.8], [201.81, 161.45, 98.19, 25.95]]"
1136,/home/pi/sambashare/BacArbeit/cocoval2017/000000184791.jpg,3.1740066470001693,['75: vase'],[75],[0.871756],"[[162.03, 107.07, 174.81, 215.68]]"
1137,/home/pi/sambashare/BacArbeit/cocoval2017/000000117914.jpg,3.18504804999975,"['61: toilet', '71: sink', '75: vase']","[61, 71, 75]","[0.8975164, 0.38932806, 0.34729797]","[[10.39, 275.08, 171.13, 224.23], [134.92, 425.55, 197.39, 73.61], [269.17, 85.96, 19.88, 85.73]]"
1138,/home/pi/sambashare/BacArbeit/cocoval2017/000000179112.jpg,3.181386857999314,"['67: cell phone', '0: person']","[67, 0]","[0.86237866, 0.8214035]","[[200.15, 133.96, 60.57, 103.8], [14.31, 1, 337.66, 372.65]]"
1139,/home/pi/sambashare/BacArbeit/cocoval2017/000000475064.jpg,3.1939063539994095,"['0: person', '54: donut', '0: person']","[0, 54, 0]","[0.6441077, 0.55809224, 0.26346427]","[[118.47, 304.32, 163.2, 122.19], [181.33, 292.49, 184.99, 83.04], [383.18, 309.3, 23.73, 116.39]]"
1140,/home/pi/sambashare/BacArbeit/cocoval2017/000000447169.jpg,3.178088427000148,"['72: refrigerator', '69: oven', '74: clock', '41: cup', '39: bottle', '39: bottle', '41: cup', '41: cup']","[72, 69, 74, 41, 39, 39, 41, 41]","[0.79961735, 0.69122905, 0.6693385, 0.5782196, 0.5333847, 0.34555346, 0.30321255, 0.28242838]","[[117.37, 90.17, 164.7, 383.07], [1, 244.2, 247.19, 234.7], [538.58, 194.16, 17.4, 16.9], [8.66, 160.01, 22.81, 29.27], [597.02, 384.02, 42.43, 95.83], [71.96, 3.0, 13.33, 40.02], [28.55, 159.4, 30.19, 28.23], [1, 157.51, 8.83, 30.78]]"
1141,/home/pi/sambashare/BacArbeit/cocoval2017/000000213445.jpg,3.1896341140000004,"['56: chair', '15: cat', '57: couch', '45: bowl', '73: book', '73: book', '73: book']","[56, 15, 57, 45, 73, 73, 73]","[0.88355017, 0.8550136, 0.77300966, 0.38832155, 0.3470558, 0.323459, 0.26774713]","[[110.17, 1, 111.76, 114.06], [107.74, 106.65, 197.18, 280.67], [212.99, 1, 193.92, 288.01], [84.6, 294.89, 304.68, 140.91], [23.72, 36.44, 11.77, 79.19], [1, 44.34, 17.07, 67.48], [10.29, 126.54, 27.41, 81.23]]"
1142,/home/pi/sambashare/BacArbeit/cocoval2017/000000266981.jpg,3.1750580459993216,"['0: person', '0: person', '0: person', '28: suitcase', '2: car', '0: person', '2: car', '2: car', '2: car', '2: car', '2: car', '0: person', '0: person', '0: person', '0: person', '2: car', '0: person', '0: person', '2: car']","[0, 0, 0, 28, 2, 0, 2, 2, 2, 2, 2, 0, 0, 0, 0, 2, 0, 0, 2]","[0.9471816, 0.9312656, 0.87376094, 0.85392416, 0.77962476, 0.7300765, 0.72754043, 0.6968684, 0.6494597, 0.6459955, 0.5869251, 0.5642654, 0.54443824, 0.43803537, 0.39437422, 0.36402413, 0.31392017, 0.30321735, 0.29831994]","[[340.74, 379.04, 70.46, 206.21], [189.78, 410.47, 96.46, 160.04], [160.04, 407.45, 41.09, 103.42], [274.43, 444.77, 55.75, 145.61], [111.19, 415.86, 57.75, 34.71], [51.75, 401.82, 15.49, 35.79], [323.43, 410.37, 28.54, 35.41], [278.99, 402.25, 27.77, 20.4], [305.19, 404.43, 21.31, 17.39], [417.6, 410.05, 8.37, 23.89], [380.8, 408.07, 13.65, 17.49], [83.67, 406.29, 13.32, 25.98], [113.81, 403.63, 10.24, 24.91], [103.84, 405.04, 11.77, 33.81], [40.2, 408.44, 9.27, 18.68], [236.8, 405.4, 26.07, 20.73], [97.5, 400.44, 7.92, 14.52], [69.83, 408.89, 12.01, 23.26], [329.74, 411.54, 60.88, 45.51]]"
1143,/home/pi/sambashare/BacArbeit/cocoval2017/000000458755.jpg,3.177788621000218,"['0: person', '18: sheep', '0: person', '18: sheep']","[0, 18, 0, 18]","[0.6378196, 0.61116946, 0.6104084, 0.37402594]","[[137.67, 14.23, 441.22, 465.77], [4.12, 1, 441.73, 219.69], [562.77, 1, 76.97, 182.88], [54.96, 79.86, 293.85, 250.69]]"
1144,/home/pi/sambashare/BacArbeit/cocoval2017/000000565624.jpg,3.1914550679994136,"['20: elephant', '19: cow', '19: cow', '19: cow']","[20, 19, 19, 19]","[0.9456736, 0.9236705, 0.56565034, 0.43643647]","[[308.34, 126.41, 315.83, 240.24], [40.34, 126.32, 105.92, 152.92], [118.67, 109.11, 70.88, 25.63], [214.81, 92.89, 87.38, 44.66]]"
1145,/home/pi/sambashare/BacArbeit/cocoval2017/000000374727.jpg,3.1772984540002653,[],[],[],[]
1146,/home/pi/sambashare/BacArbeit/cocoval2017/000000209142.jpg,3.1794792830005463,"['50: broccoli', '50: broccoli', '45: bowl', '42: fork', '50: broccoli', '44: spoon']","[50, 50, 45, 42, 50, 44]","[0.50317633, 0.35321364, 0.31199017, 0.30586264, 0.26982233, 0.25029433]","[[223.21, 67.25, 135.08, 134.58], [340.57, 108.41, 75.55, 95.68], [1, 3.17, 638.23, 421.43], [216.31, 5.41, 423.02, 227.04], [85.84, 119.25, 49.57, 53.48], [401.71, 78.31, 236.48, 157.94]]"
1147,/home/pi/sambashare/BacArbeit/cocoval2017/000000179487.jpg,3.186284142999284,"['0: person', '0: person', '0: person', '38: tennis racket', '0: person', '0: person', '0: person', '0: person', '0: person', '0: person', '0: person', '0: person']","[0, 0, 0, 38, 0, 0, 0, 0, 0, 0, 0, 0]","[0.9500921, 0.90866315, 0.8776304, 0.8534836, 0.8272218, 0.65176857, 0.59834886, 0.58811396, 0.55068797, 0.5471585, 0.33637834, 0.26174954]","[[139.06, 220.03, 232.93, 366.32], [336.34, 111.78, 69.73, 288.08], [110.84, 148.94, 69.84, 111.01], [250.8, 293.82, 49.75, 91.09], [176.25, 141.93, 68.5, 113.22], [454.78, 196.37, 56.68, 116.08], [17.2, 128.8, 65.57, 124.38], [79.15, 134.73, 49.44, 96.07], [240.04, 168.56, 39.9, 64.1], [69.17, 194.8, 53.45, 64.68], [183.86, 154.99, 26.14, 35.64], [455.09, 189.18, 56.91, 450.82]]"
1148,/home/pi/sambashare/BacArbeit/cocoval2017/000000125850.jpg,3.1826441729999715,['15: cat'],[15],[0.8311897],"[[105.98, 19.69, 481.81, 422.26]]"
1149,/home/pi/sambashare/BacArbeit/cocoval2017/000000326174.jpg,3.1868590060003044,"['37: surfboard', '0: person', '0: person', '0: person', '0: person', '0: person', '37: surfboard', '0: person', '0: person', '37: surfboard', '37: surfboard']","[37, 0, 0, 0, 0, 0, 37, 0, 0, 37, 37]","[0.93424845, 0.9290838, 0.8724556, 0.8405046, 0.8383446, 0.8290164, 0.8161725, 0.8153966, 0.8147748, 0.7069482, 0.32948965]","[[198.31, 341.97, 145.73, 67.57], [371.94, 221.92, 63.49, 187.28], [288.07, 260.1, 56.61, 150.96], [507.94, 230.79, 85.64, 177.5], [207.56, 283.85, 32.29, 115.12], [84.61, 213.6, 61.43, 192.76], [509.17, 283.55, 105.27, 47.91], [280.1, 221.9, 35.78, 140.8], [131.41, 224.05, 85.04, 182.58], [107.74, 230.28, 163.93, 101.35], [84.85, 264.23, 51.93, 53.8]]"
1150,/home/pi/sambashare/BacArbeit/cocoval2017/000000343976.jpg,3.1825386269993032,"['2: car', '2: car', '2: car']","[2, 2, 2]","[0.2965198, 0.2853404, 0.2593408]","[[405.32, 259.22, 25.46, 14.32], [161.92, 251.98, 21.98, 17.5], [457.55, 275.82, 20.74, 9.43]]"
1151,/home/pi/sambashare/BacArbeit/cocoval2017/000000560312.jpg,3.1925542409999252,"['13: bench', '72: refrigerator']","[13, 72]","[0.25145787, 0.25065306]","[[335.2, 313.46, 220.31, 108.52], [295.0, 261.4, 47.11, 124.23]]"
1152,/home/pi/sambashare/BacArbeit/cocoval2017/000000170613.jpg,3.172433034000278,"['37: surfboard', '0: person', '0: person', '37: surfboard']","[37, 0, 0, 37]","[0.9184005, 0.9172507, 0.7917539, 0.68095833]","[[24.04, 160.24, 118.25, 210.79], [78.94, 161.59, 144.35, 336.58], [259.8, 172.41, 152.12, 279.8], [198.51, 255.44, 216.14, 104.92]]"
1153,/home/pi/sambashare/BacArbeit/cocoval2017/000000413552.jpg,3.1900594029993954,['0: person'],[0],[0.5158887],"[[91.55, 14.05, 334.45, 621.12]]"
1154,/home/pi/sambashare/BacArbeit/cocoval2017/000000163118.jpg,3.175342857999567,"['29: frisbee', '0: person', '0: person']","[29, 0, 0]","[0.9037939, 0.8845384, 0.8770404]","[[274.09, 54.26, 46.09, 29.66], [146.78, 74.17, 148.49, 301.17], [267.63, 67.32, 109.9, 355.68]]"
1155,/home/pi/sambashare/BacArbeit/cocoval2017/000000551439.jpg,3.189294780999262,"['73: book', '59: bed']","[73, 59]","[0.9145707, 0.5598611]","[[89.1, 192.76, 187.86, 202.39], [1, 14.37, 424.47, 621.59]]"
1156,/home/pi/sambashare/BacArbeit/cocoval2017/000000575205.jpg,3.1846890750002785,['4: airplane'],[4],[0.89260805],"[[122.76, 207.28, 349.14, 112.73]]"
1157,/home/pi/sambashare/BacArbeit/cocoval2017/000000558073.jpg,3.177055852999729,['15: cat'],[15],[0.94678354],"[[120.93, 110.99, 245.27, 196.73]]"
1158,/home/pi/sambashare/BacArbeit/cocoval2017/000000565597.jpg,3.187713748000533,"['53: pizza', '53: pizza', '53: pizza']","[53, 53, 53]","[0.7687833, 0.4999242, 0.31794125]","[[160.37, 1.11, 314.83, 220.89], [5.91, 133.4, 462.57, 398.88], [1, 51.01, 151.31, 165.75]]"
1159,/home/pi/sambashare/BacArbeit/cocoval2017/000000256195.jpg,3.1789174249997814,"['6: train', '0: person']","[6, 0]","[0.86473745, 0.4969983]","[[99.42, 56.86, 465.07, 323.32], [1, 219.02, 11.94, 66.76]]"
1160,/home/pi/sambashare/BacArbeit/cocoval2017/000000013177.jpg,3.1864715829997294,"['0: person', '3: motorcycle', '3: motorcycle', '1: bicycle']","[0, 3, 3, 1]","[0.8666551, 0.7828348, 0.68121606, 0.5715741]","[[305.19, 54.44, 306.41, 364.05], [1.27, 10.85, 232.82, 411.4], [1, 1, 171.82, 35.71], [267.65, 1, 169.39, 201.71]]"
1161,/home/pi/sambashare/BacArbeit/cocoval2017/000000466125.jpg,3.193553307000002,"['0: person', '0: person', '26: handbag', '0: person', '26: handbag', '25: umbrella']","[0, 0, 26, 0, 26, 25]","[0.8491966, 0.62276053, 0.40231618, 0.40069303, 0.29409257, 0.28698707]","[[1.0, 209.04, 243.98, 427.95], [321.12, 311.24, 105.34, 327.08], [1, 522.44, 71.35, 116.81], [289.4, 44.08, 137.0, 592.16], [1, 341.81, 96.52, 297.5], [62.72, 1, 360.77, 195.42]]"
1162,/home/pi/sambashare/BacArbeit/cocoval2017/000000144932.jpg,3.1773946510002133,['8: boat'],[8],[0.7567845],"[[477.61, 186.38, 82.99, 47.74]]"
1163,/home/pi/sambashare/BacArbeit/cocoval2017/000000352900.jpg,3.1760626420000335,"['42: fork', '43: knife', '41: cup', '45: bowl', '50: broccoli', '50: broccoli', '0: person']","[42, 43, 41, 45, 50, 50, 0]","[0.8775584, 0.8490417, 0.77586204, 0.49625432, 0.45004445, 0.39581198, 0.29221475]","[[1, 35.68, 45.7, 61.18], [1, 1, 199.27, 158.14], [1, 1, 145.92, 47.56], [5.05, 14.74, 600.66, 410.37], [445.19, 129.44, 97.15, 85.58], [164.17, 83.91, 104.59, 90.79], [551.94, 1.11, 87.35, 136.06]]"
1164,/home/pi/sambashare/BacArbeit/cocoval2017/000000388846.jpg,3.1905863100000715,"['56: chair', '56: chair', '25: umbrella', '25: umbrella', '25: umbrella', '25: umbrella', '25: umbrella', '0: person', '25: umbrella', '25: umbrella', '0: person', '0: person', '25: umbrella', '0: person', '25: umbrella', '25: umbrella', '25: umbrella', '25: umbrella', '25: umbrella', '25: umbrella', '0: person', '25: umbrella', '25: umbrella', '25: umbrella', '25: umbrella', '0: person', '0: person', '25: umbrella', '0: person', '25: umbrella', '0: person', '25: umbrella', '0: person', '25: umbrella', '25: umbrella']","[56, 56, 25, 25, 25, 25, 25, 0, 25, 25, 0, 0, 25, 0, 25, 25, 25, 25, 25, 25, 0, 25, 25, 25, 25, 0, 0, 25, 0, 25, 0, 25, 0, 25, 25]","[0.78292054, 0.7371205, 0.7344826, 0.7261147, 0.6922606, 0.6585906, 0.65415084, 0.619672, 0.6184259, 0.61085993, 0.60218036, 0.58309597, 0.5422199, 0.528529, 0.5264486, 0.51166755, 0.5112806, 0.48915207, 0.472216, 0.47196123, 0.45265487, 0.44643873, 0.44439688, 0.42289555, 0.4074286, 0.38329908, 0.3755849, 0.36304572, 0.35893217, 0.35485944, 0.345381, 0.333668, 0.33269182, 0.2778743, 0.26597872]","[[466.73, 330.01, 173.03, 74.87], [442.41, 307.33, 96.66, 30.82], [467.5, 241.28, 171.86, 126.69], [593.85, 229.38, 45.99, 24.09], [1, 319.64, 26.96, 39.18], [450.2, 249.42, 71.69, 35.7], [70.95, 280.57, 69.18, 28.68], [419.44, 255.31, 10.57, 27.35], [139.71, 276.07, 102.19, 58.2], [32.62, 284.13, 76.01, 25.03], [358.58, 291.77, 19.85, 29.78], [339.81, 261.68, 16.45, 51.6], [574.82, 231.86, 37.18, 17.09], [47.14, 334.08, 76.45, 32.78], [627.4, 241.81, 12.48, 20.1], [384.85, 231.89, 19.63, 6.98], [190.38, 272.52, 75.05, 27.49], [440.84, 250.16, 32.06, 18.17], [445.65, 249.8, 44.83, 24.18], [1.43, 287.04, 114.12, 139.58], [244.16, 301.99, 29.51, 33.25], [110.81, 275.3, 53.08, 43.84], [1, 286.46, 117.37, 64.0], [231.9, 270.65, 56.2, 24.36], [251.27, 269.31, 55.45, 22.44], [280.1, 306.04, 23.42, 25.64], [328.97, 293.11, 47.04, 35.96], [1, 289.1, 15.7, 11.25], [172.54, 308.51, 22.98, 29.14], [302.28, 264.77, 39.98, 17.75], [176.6, 341.35, 66.48, 26.24], [145.78, 276.45, 28.65, 11.29], [114.76, 335.61, 37.37, 23.65], [456.0, 241.37, 15.67, 6.12], [274.47, 266.65, 43.69, 20.48]]"
1165,/home/pi/sambashare/BacArbeit/cocoval2017/000000400922.jpg,3.193978293999862,"['74: clock', '4: airplane']","[74, 4]","[0.8816734, 0.78491426]","[[283.41, 285.93, 70.37, 70.63], [378.3, 124.18, 30.03, 14.23]]"
1166,/home/pi/sambashare/BacArbeit/cocoval2017/000000067213.jpg,3.1840798150005867,"['16: dog', '0: person', '2: car', '0: person', '2: car', '0: person', '0: person', '2: car', '0: person', '7: truck', '0: person', '2: car', '0: person']","[16, 0, 2, 0, 2, 0, 0, 2, 0, 7, 0, 2, 0]","[0.96010077, 0.87821573, 0.8415642, 0.8403123, 0.7882565, 0.7263999, 0.7206112, 0.6976774, 0.63485795, 0.5982745, 0.4549524, 0.44733697, 0.31526658]","[[402.25, 60.92, 202.44, 200.98], [445.34, 330.29, 62.3, 80.46], [138.79, 323.82, 147.74, 82.5], [493.21, 332.66, 83.28, 78.23], [1, 305.77, 201.77, 103.17], [1.02, 360.86, 59.72, 48.63], [590.64, 336.92, 49.31, 73.78], [169.76, 309.31, 129.15, 30.24], [350.35, 365.79, 61.55, 44.24], [1, 231.63, 117.83, 80.29], [276.14, 370.56, 43.65, 38.86], [222.63, 336.86, 235.65, 74.95], [1, 338.58, 22.12, 64.29]]"
1167,/home/pi/sambashare/BacArbeit/cocoval2017/000000172649.jpg,3.1838916470005643,"['0: person', '36: skateboard']","[0, 36]","[0.9388363, 0.81755614]","[[420.11, 48.19, 155.41, 111.51], [409.76, 112.57, 37.36, 47.92]]"
1168,/home/pi/sambashare/BacArbeit/cocoval2017/000000482978.jpg,3.194203049999487,['6: train'],[6],[0.66507405],"[[14.24, 1, 624.54, 358.39]]"
1169,/home/pi/sambashare/BacArbeit/cocoval2017/000000434459.jpg,3.184718709000663,"['0: person', '56: chair', '56: chair', '55: cake', '55: cake', '0: person', '55: cake', '11: stop sign', '56: chair', '56: chair', '55: cake', '43: knife', '0: person', '60: dining table', '56: chair', '55: cake', '56: chair', '56: chair', '0: person', '55: cake', '0: person', '0: person', '43: knife', '43: knife', '56: chair', '0: person']","[0, 56, 56, 55, 55, 0, 55, 11, 56, 56, 55, 43, 0, 60, 56, 55, 56, 56, 0, 55, 0, 0, 43, 43, 56, 0]","[0.90736365, 0.8981061, 0.8940355, 0.8804096, 0.8527548, 0.84552026, 0.80348593, 0.79476404, 0.7770962, 0.759157, 0.74137336, 0.7330581, 0.7117945, 0.68329805, 0.6056313, 0.6036792, 0.48196936, 0.45561182, 0.45530263, 0.45196024, 0.43602008, 0.33944482, 0.3231679, 0.31478786, 0.31218803, 0.2565037]","[[367.95, 40.67, 236.94, 414.57], [327.98, 203.04, 63.96, 43.62], [128.2, 261.67, 92.89, 57.5], [255.64, 365.24, 56.94, 39.59], [334.26, 346.24, 30.0, 36.42], [162.53, 41.69, 159.86, 229.2], [135.39, 371.87, 35.11, 41.64], [50.11, 1, 142.46, 146.92], [214.25, 239.8, 48.35, 46.92], [547.41, 151.19, 36.13, 64.52], [240.09, 264.45, 182.06, 82.33], [232.83, 211.35, 85.73, 15.61], [548.97, 75.28, 51.24, 91.63], [28.63, 237.82, 439.68, 215.86], [322.9, 149.04, 37.37, 60.75], [78.94, 338.53, 39.55, 30.01], [575.78, 245.91, 19.98, 30.46], [408.44, 132.04, 24.91, 32.9], [313.27, 83.56, 29.79, 41.56], [373.08, 234.08, 12.63, 14.32], [201.56, 76.04, 17.6, 20.1], [293.77, 84.42, 24.4, 40.92], [489.71, 396.27, 69.3, 60.29], [338.22, 287.1, 39.65, 29.59], [319.79, 138.02, 24.8, 40.2], [313.42, 119.39, 29.97, 37.56]]"
1170,/home/pi/sambashare/BacArbeit/cocoval2017/000000242946.jpg,3.196790124000472,"['0: person', '0: person', '0: person', '41: cup', '41: cup', '0: person', '41: cup', '45: bowl', '41: cup', '41: cup', '45: bowl', '56: chair', '0: person', '41: cup', '41: cup', '41: cup', '41: cup', '60: dining table', '41: cup', '56: chair', '45: bowl', '44: spoon', '44: spoon', '56: chair', '60: dining table', '41: cup', '43: knife', '42: fork', '43: knife', '45: bowl', '58: potted plant', '45: bowl']","[0, 0, 0, 41, 41, 0, 41, 45, 41, 41, 45, 56, 0, 41, 41, 41, 41, 60, 41, 56, 45, 44, 44, 56, 60, 41, 43, 42, 43, 45, 58, 45]","[0.9227666, 0.92177004, 0.9146714, 0.9106251, 0.90047115, 0.8871524, 0.86497295, 0.86386186, 0.85504586, 0.8535739, 0.84129906, 0.8340949, 0.8315942, 0.8109435, 0.7735266, 0.76601017, 0.75641084, 0.7261154, 0.69737315, 0.64044064, 0.5410446, 0.4491222, 0.41652375, 0.407053, 0.37916312, 0.3768708, 0.36445734, 0.30763587, 0.2859796, 0.28124982, 0.26468202, 0.26272982]","[[5.23, 1, 163.86, 203.25], [209.13, 1, 146.29, 178.48], [403.01, 1.45, 236.54, 218.59], [363.02, 160.4, 30.82, 46.25], [236.22, 167.58, 33.73, 49.1], [411.97, 25.18, 65.4, 74.02], [296.79, 224.53, 48.05, 54.92], [268.91, 174.0, 82.11, 49.85], [27.05, 454.49, 127.58, 25.17], [559.04, 243.77, 62.01, 61.78], [448.69, 369.96, 190.91, 109.52], [328.67, 78.01, 75.32, 90.54], [507.37, 14.35, 45.4, 86.87], [149.42, 169.14, 36.03, 31.55], [582.93, 301.57, 56.8, 107.96], [1, 436.26, 31.61, 43.44], [272.91, 453.46, 98.28, 26.09], [364.33, 93.74, 154.81, 38.52], [250.41, 230.85, 47.98, 44.04], [401.51, 104.22, 89.16, 92.92], [583.82, 223.45, 56.11, 40.14], [416.79, 182.14, 26.56, 28.54], [532.09, 210.78, 36.05, 45.78], [402.1, 64.6, 15.36, 32.81], [10.83, 164.95, 619.35, 308.14], [466.86, 80.32, 12.7, 28.68], [86.0, 99.1, 126.45, 41.01], [267.22, 379.11, 80.82, 62.55], [157.18, 116.59, 55.39, 23.16], [21.62, 201.29, 58.33, 29.49], [475.03, 1, 63.59, 57.42], [138.33, 242.68, 94.79, 53.86]]"
1171,/home/pi/sambashare/BacArbeit/cocoval2017/000000216636.jpg,3.1915136389998224,"['39: bottle', '19: cow']","[39, 19]","[0.6862914, 0.3812016]","[[418.23, 7.09, 221.77, 417.99], [1.43, 1, 465.9, 289.32]]"
1172,/home/pi/sambashare/BacArbeit/cocoval2017/000000413404.jpg,3.192561533999651,"['0: person', '13: bench', '13: bench', '13: bench', '13: bench', '0: person', '13: bench', '24: backpack']","[0, 13, 13, 13, 13, 0, 13, 24]","[0.858049, 0.8243521, 0.8132262, 0.7886291, 0.65599155, 0.6148086, 0.46161252, 0.2904005]","[[581.97, 236.32, 57.9, 185.03], [463.12, 297.41, 115.04, 39.54], [366.75, 292.37, 89.05, 34.61], [191.44, 298.77, 129.84, 43.21], [89.99, 300.07, 22.57, 38.63], [408.53, 276.92, 12.6, 17.62], [2.01, 297.09, 109.44, 41.79], [574.25, 268.98, 24.72, 62.72]]"
1173,/home/pi/sambashare/BacArbeit/cocoval2017/000000316054.jpg,3.1845029160003833,"['6: train', '6: train', '0: person', '14: bird', '6: train']","[6, 6, 0, 14, 6]","[0.9069534, 0.84909624, 0.7001574, 0.6729568, 0.594729]","[[160.29, 195.79, 240.42, 98.93], [1, 233.66, 90.09, 48.09], [116.66, 258.87, 13.99, 27.86], [281.03, 56.53, 6.11, 7.38], [94.27, 243.06, 25.53, 32.58]]"
1174,/home/pi/sambashare/BacArbeit/cocoval2017/000000363875.jpg,3.1893265680000695,"['0: person', '3: motorcycle']","[0, 3]","[0.79138553, 0.68381214]","[[113.59, 16.35, 257.47, 507.76], [4.4, 136.18, 538.46, 485.45]]"
1175,/home/pi/sambashare/BacArbeit/cocoval2017/000000129945.jpg,3.194958422000127,"['0: person', '0: person', '0: person', '35: baseball glove', '34: baseball bat', '56: chair', '0: person']","[0, 0, 0, 35, 34, 56, 0]","[0.9311643, 0.88920635, 0.8813259, 0.84189904, 0.8386419, 0.3738605, 0.31124714]","[[447.96, 82.17, 163.97, 149.83], [141.99, 53.14, 162.13, 183.83], [317.55, 119.23, 141.2, 110.37], [317.44, 171.06, 27.72, 22.99], [273.7, 41.71, 71.5, 42.13], [402.19, 1, 54.15, 43.92], [96.89, 1, 35.29, 20.52]]"
1176,/home/pi/sambashare/BacArbeit/cocoval2017/000000032887.jpg,3.1925189040002806,"['0: person', '0: person', '24: backpack', '24: backpack', '24: backpack']","[0, 0, 24, 24, 24]","[0.9150783, 0.8246755, 0.4506576, 0.3085531, 0.27725294]","[[371.29, 119.49, 133.35, 345.93], [93.6, 48.32, 68.39, 148.33], [464.76, 166.58, 53.64, 111.87], [414.66, 163.95, 76.96, 88.26], [412.56, 165.78, 66.25, 48.16]]"
1177,/home/pi/sambashare/BacArbeit/cocoval2017/000000191580.jpg,3.1911347479999677,"['42: fork', '43: knife', '41: cup', '50: broccoli', '55: cake']","[42, 43, 41, 50, 55]","[0.9488189, 0.91493064, 0.91258466, 0.64309126, 0.5663248]","[[258.63, 16.16, 119.66, 182.64], [385.02, 185.86, 65.89, 265.41], [68.69, 1, 93.01, 81.53], [84.63, 197.96, 177.95, 199.32], [283.23, 203.37, 80.96, 157.08]]"
1178,/home/pi/sambashare/BacArbeit/cocoval2017/000000079588.jpg,3.1713139250005042,"['74: clock', '0: person', '0: person', '0: person', '0: person', '58: potted plant']","[74, 0, 0, 0, 0, 58]","[0.8454679, 0.8088573, 0.79910314, 0.783796, 0.7119519, 0.2960608]","[[208.91, 130.16, 28.22, 48.11], [302.48, 381.52, 14.55, 39.0], [286.55, 387.76, 17.42, 34.21], [391.37, 378.4, 11.53, 38.14], [408.75, 375.84, 12.94, 39.63], [51.3, 376.28, 21.25, 17.71]]"
1179,/home/pi/sambashare/BacArbeit/cocoval2017/000000104619.jpg,3.1774884329997803,['23: giraffe'],[23],[0.9002062],"[[139.2, 69.27, 185.98, 391.48]]"
1180,/home/pi/sambashare/BacArbeit/cocoval2017/000000070774.jpg,3.172491183000602,"['3: motorcycle', '1: bicycle']","[3, 1]","[0.8394853, 0.36555383]","[[79.63, 136.08, 351.52, 261.01], [254.78, 158.6, 251.28, 119.51]]"
1181,/home/pi/sambashare/BacArbeit/cocoval2017/000000093437.jpg,3.192891796999902,"['56: chair', '56: chair', '45: bowl', '39: bottle', '0: person', '58: potted plant', '58: potted plant', '75: vase', '73: book', '56: chair']","[56, 56, 45, 39, 0, 58, 58, 75, 73, 56]","[0.80771625, 0.70061076, 0.65584886, 0.63686275, 0.62188727, 0.5325248, 0.49440283, 0.47684297, 0.35394207, 0.26779664]","[[46.15, 200.25, 57.15, 106.13], [429.78, 167.61, 70.76, 108.04], [591.95, 204.56, 48.01, 25.0], [576.8, 169.9, 17.42, 70.94], [78.05, 5.2, 349.18, 354.38], [369.78, 73.3, 46.12, 115.67], [135.62, 140.25, 38.47, 50.64], [145.64, 167.32, 18.45, 24.5], [433.16, 213.86, 38.39, 18.97], [430.8, 169.78, 71.81, 49.76]]"
1182,/home/pi/sambashare/BacArbeit/cocoval2017/000000293200.jpg,3.186855887999627,"['0: person', '0: person', '0: person', '0: person', '0: person', '0: person', '0: person', '0: person', '24: backpack', '0: person', '0: person', '67: cell phone', '0: person', '33: kite', '0: person', '0: person', '0: person']","[0, 0, 0, 0, 0, 0, 0, 0, 24, 0, 0, 67, 0, 33, 0, 0, 0]","[0.92489505, 0.82203203, 0.80924654, 0.77684754, 0.7670491, 0.73755914, 0.6791579, 0.6631728, 0.58515203, 0.5337362, 0.49917728, 0.4469863, 0.44241107, 0.43567044, 0.4149631, 0.3524761, 0.34032223]","[[306.7, 151.55, 136.63, 275.45], [108.76, 94.74, 118.36, 294.62], [1, 177.32, 64.98, 249.65], [499.42, 124.19, 39.15, 70.22], [81.84, 99.59, 53.15, 203.77], [1, 87.75, 97.61, 160.72], [272.32, 129.11, 36.5, 57.25], [534.05, 143.07, 33.46, 53.08], [235.12, 336.42, 86.88, 29.93], [314.27, 119.92, 28.56, 43.12], [572.21, 129.51, 26.06, 55.91], [342.01, 172.9, 18.51, 26.71], [608.4, 135.35, 24.27, 41.43], [589.75, 181.69, 49.99, 23.3], [376.64, 133.21, 26.75, 67.48], [192.62, 87.08, 51.67, 108.94], [410.05, 116.79, 28.61, 43.8]]"
1183,/home/pi/sambashare/BacArbeit/cocoval2017/000000433374.jpg,3.173810154000421,"['20: elephant', '20: elephant', '20: elephant', '20: elephant', '20: elephant', '18: sheep', '18: sheep', '20: elephant']","[20, 20, 20, 20, 20, 18, 18, 20]","[0.9146589, 0.8846543, 0.8823491, 0.8320062, 0.5503692, 0.49480483, 0.29441485, 0.25953966]","[[504.51, 62.67, 77.27, 143.97], [590.94, 83.57, 48.84, 117.21], [1, 105.0, 119.26, 76.89], [101.28, 65.19, 220.89, 170.16], [226.09, 169.38, 150.4, 73.28], [609.95, 393.83, 29.81, 21.77], [507.42, 416.51, 113.4, 11.24], [296.54, 178.32, 80.23, 62.1]]"
1184,/home/pi/sambashare/BacArbeit/cocoval2017/000000548339.jpg,3.182820960999379,"['0: person', '39: bottle', '0: person', '0: person', '34: baseball bat', '0: person', '0: person', '13: bench', '0: person']","[0, 39, 0, 0, 34, 0, 0, 13, 0]","[0.9364472, 0.80433685, 0.7875406, 0.71867174, 0.6877894, 0.5798904, 0.4367086, 0.36231616, 0.32928655]","[[188.07, 29.15, 356.1, 471.46], [102.51, 125.59, 23.07, 60.11], [108.65, 1, 123.82, 178.14], [365.81, 1, 151.06, 186.36], [186.49, 80.67, 92.5, 153.58], [544.9, 1, 94.33, 214.66], [280.79, 1, 106.11, 75.34], [57.81, 232.0, 184.34, 110.46], [214.55, 1, 84.29, 92.13]]"
1185,/home/pi/sambashare/BacArbeit/cocoval2017/000000515077.jpg,3.1737642939997386,"['56: chair', '0: person', '56: chair', '56: chair', '57: couch', '56: chair', '60: dining table', '56: chair', '56: chair', '56: chair', '56: chair', '56: chair', '60: dining table']","[56, 0, 56, 56, 57, 56, 60, 56, 56, 56, 56, 56, 60]","[0.8992659, 0.89911765, 0.874324, 0.86261356, 0.7706786, 0.76670086, 0.7589862, 0.56930566, 0.41931698, 0.41022384, 0.37614402, 0.32548502, 0.26767346]","[[527.06, 324.81, 112.45, 153.28], [1, 123.39, 117.66, 354.57], [97.44, 297.85, 76.49, 110.18], [489.24, 274.98, 58.05, 92.96], [186.56, 336.8, 329.15, 138.87], [196.21, 271.05, 44.89, 19.44], [404.41, 281.65, 172.83, 86.74], [570.87, 412.07, 69.03, 66.57], [189.92, 216.83, 30.15, 42.12], [261.99, 225.37, 78.16, 59.78], [621.81, 262.24, 18.0, 71.49], [159.33, 270.74, 49.91, 97.78], [188.75, 219.79, 141.38, 72.9]]"
1186,/home/pi/sambashare/BacArbeit/cocoval2017/000000351823.jpg,3.1902626349992715,"['0: person', '38: tennis racket']","[0, 38]","[0.9469745, 0.8720282]","[[108.35, 85.98, 200.51, 518.21], [121.1, 280.82, 25.66, 80.18]]"
1187,/home/pi/sambashare/BacArbeit/cocoval2017/000000090208.jpg,3.1787451979998878,"['5: bus', '5: bus', '5: bus']","[5, 5, 5]","[0.9218543, 0.9142452, 0.869925]","[[29.94, 106.01, 157.52, 244.68], [165.16, 39.44, 341.63, 366.39], [1, 135.68, 52.52, 189.01]]"
1188,/home/pi/sambashare/BacArbeit/cocoval2017/000000102331.jpg,3.178063155000018,"['3: motorcycle', '0: person']","[3, 0]","[0.95441306, 0.86372703]","[[136.3, 111.18, 222.47, 153.21], [194.52, 43.35, 81.46, 167.18]]"
1189,/home/pi/sambashare/BacArbeit/cocoval2017/000000031296.jpg,3.1913580760001423,"['56: chair', '56: chair', '0: person', '0: person', '0: person', '0: person', '0: person', '56: chair', '0: person', '0: person', '56: chair', '0: person', '60: dining table', '62: tv', '0: person', '62: tv', '0: person', '56: chair', '56: chair', '62: tv', '0: person', '56: chair', '0: person', '0: person', '56: chair', '0: person', '56: chair', '56: chair', '56: chair', '74: clock', '41: cup', '56: chair', '60: dining table', '41: cup', '39: bottle', '41: cup', '56: chair', '56: chair', '41: cup', '60: dining table', '41: cup', '39: bottle', '56: chair', '0: person', '39: bottle', '0: person', '60: dining table', '0: person']","[56, 56, 0, 0, 0, 0, 0, 56, 0, 0, 56, 0, 60, 62, 0, 62, 0, 56, 56, 62, 0, 56, 0, 0, 56, 0, 56, 56, 56, 74, 41, 56, 60, 41, 39, 41, 56, 56, 41, 60, 41, 39, 56, 0, 39, 0, 60, 0]","[0.93374085, 0.91836774, 0.86382174, 0.8636784, 0.8543213, 0.8305587, 0.8126114, 0.7900954, 0.7847494, 0.777265, 0.7742961, 0.7537091, 0.7477799, 0.7330988, 0.7132602, 0.71304965, 0.6898877, 0.67779446, 0.6596299, 0.65179515, 0.64883876, 0.63550955, 0.6353157, 0.63410056, 0.6258341, 0.61565214, 0.60783535, 0.58145475, 0.56105924, 0.5558, 0.5337494, 0.4676839, 0.46206322, 0.4445558, 0.41986936, 0.39031225, 0.37577352, 0.37304598, 0.3516008, 0.34835568, 0.34320915, 0.33805117, 0.336214, 0.32305807, 0.3146551, 0.29503065, 0.29409695, 0.2900525]","[[210.18, 252.87, 129.14, 171.36], [551.41, 171.68, 88.05, 131.89], [274.28, 91.53, 59.31, 58.35], [64.34, 113.27, 158.73, 283.13], [326.21, 119.94, 152.57, 240.12], [142.08, 120.71, 71.04, 125.44], [370.32, 50.39, 36.32, 79.85], [65.4, 203.89, 106.6, 180.92], [319.21, 94.03, 84.38, 86.03], [542.88, 113.22, 97.12, 145.49], [384.15, 285.03, 82.82, 81.77], [411.73, 70.1, 51.03, 62.6], [166.09, 145.24, 233.13, 112.15], [72.39, 1, 79.66, 14.03], [227.11, 63.55, 26.88, 22.06], [134.53, 34.87, 23.65, 17.76], [457.85, 56.79, 35.27, 68.61], [506.24, 203.28, 43.35, 54.78], [146.42, 104.07, 30.61, 47.71], [202.7, 44.37, 97.71, 41.16], [29.3, 110.15, 58.85, 141.86], [384.2, 207.45, 95.4, 158.34], [334.96, 59.56, 30.58, 38.83], [514.18, 101.61, 70.13, 138.9], [107.28, 105.38, 33.0, 39.68], [196.33, 109.18, 36.81, 72.53], [65.77, 107.22, 25.79, 25.91], [235.01, 100.28, 25.88, 38.55], [268.87, 99.64, 25.25, 25.59], [234.69, 1, 32.25, 26.43], [231.66, 170.06, 17.17, 19.03], [472.34, 114.43, 34.66, 64.37], [1.84, 168.26, 69.43, 21.76], [253.41, 159.74, 11.25, 12.92], [276.49, 174.12, 17.07, 34.74], [12.68, 156.65, 8.58, 12.55], [371.75, 103.41, 18.46, 12.28], [12.68, 142.21, 20.87, 21.05], [246.41, 162.28, 9.54, 18.42], [1, 156.8, 77.76, 90.78], [246.72, 160.67, 14.87, 12.25], [1, 152.97, 6.9, 28.62], [514.15, 96.39, 29.25, 33.13], [108.77, 72.18, 46.67, 46.42], [283.24, 188.46, 20.1, 35.61], [1, 139.72, 14.24, 21.18], [220.04, 155.38, 134.16, 82.6], [170.73, 103.15, 33.92, 27.65]]"
1190,/home/pi/sambashare/BacArbeit/cocoval2017/000000161875.jpg,3.192737500000476,"['0: person', '33: kite']","[0, 33]","[0.86233616, 0.5159347]","[[171.39, 72.31, 109.38, 318.58], [1, 1, 49.8, 34.08]]"
1191,/home/pi/sambashare/BacArbeit/cocoval2017/000000389532.jpg,3.177229365999665,"['0: person', '14: bird', '14: bird']","[0, 14, 14]","[0.9171607, 0.9063483, 0.87817]","[[466.43, 139.45, 60.57, 171.58], [33.42, 271.37, 36.08, 37.68], [78.89, 55.37, 33.21, 31.04]]"
1192,/home/pi/sambashare/BacArbeit/cocoval2017/000000283113.jpg,3.191578612999365,"['55: cake', '52: hot dog', '41: cup', '41: cup']","[55, 52, 41, 41]","[0.9122483, 0.815365, 0.59092814, 0.4962959]","[[1, 102.98, 279.9, 406.16], [311.46, 115.23, 168.1, 311.76], [207.05, 1, 232.15, 113.7], [347.4, 1, 97.31, 69.23]]"
1193,/home/pi/sambashare/BacArbeit/cocoval2017/000000467511.jpg,3.1664472020001995,"['0: person', '3: motorcycle', '0: person', '3: motorcycle']","[0, 3, 0, 3]","[0.9137385, 0.55791193, 0.5330514, 0.4959271]","[[274.76, 51.2, 103.79, 482.29], [1.38, 142.89, 413.8, 410.1], [23.0, 69.82, 153.56, 325.1], [387.97, 405.53, 27.76, 94.6]]"
1194,/home/pi/sambashare/BacArbeit/cocoval2017/000000273715.jpg,3.194499714999438,"['0: person', '0: person', '0: person', '30: skis', '0: person', '33: kite']","[0, 0, 0, 30, 0, 33]","[0.91727227, 0.90771127, 0.9073938, 0.808149, 0.6964995, 0.302324]","[[442.28, 158.67, 55.04, 142.2], [164.92, 175.9, 38.91, 97.06], [256.34, 159.94, 65.71, 116.77], [260.53, 269.13, 66.5, 15.98], [59.38, 179.94, 23.39, 31.9], [98.6, 1, 401.4, 282.81]]"
1195,/home/pi/sambashare/BacArbeit/cocoval2017/000000297578.jpg,3.188855945000796,"['0: person', '0: person', '0: person', '26: handbag', '27: tie']","[0, 0, 0, 26, 27]","[0.92932177, 0.83341646, 0.7885794, 0.62490535, 0.46240193]","[[151.68, 9.67, 175.52, 270.0], [80.72, 16.24, 77.66, 262.12], [15.42, 96.43, 49.39, 150.47], [234.65, 176.1, 68.3, 104.33], [238.88, 70.23, 28.09, 96.67]]"
1196,/home/pi/sambashare/BacArbeit/cocoval2017/000000276285.jpg,3.2033519659999,"['42: fork', '41: cup', '0: person', '41: cup', '41: cup', '41: cup', '53: pizza', '56: chair', '39: bottle', '60: dining table', '55: cake', '41: cup']","[42, 41, 0, 41, 41, 41, 53, 56, 39, 60, 55, 41]","[0.8802267, 0.8643146, 0.8275622, 0.7987583, 0.73679674, 0.73306215, 0.6416896, 0.6268364, 0.3622674, 0.3061713, 0.28629735, 0.26510882]","[[237.25, 517.63, 93.05, 121.71], [396.18, 113.12, 30.69, 140.99], [77.28, 1, 249.13, 140.38], [318.24, 51.68, 65.7, 88.52], [1, 146.64, 16.79, 153.54], [1.25, 98.02, 70.81, 99.84], [70.64, 236.97, 241.15, 114.49], [1, 1.15, 87.77, 83.12], [416.19, 57.37, 10.56, 56.51], [1.08, 79.97, 425.92, 560.03], [126.52, 353.64, 292.42, 158.19], [302.18, 1, 53.56, 61.97]]"
1197,/home/pi/sambashare/BacArbeit/cocoval2017/000000139077.jpg,3.1761816260004707,"['0: person', '62: tv', '65: remote', '45: bowl']","[0, 62, 65, 45]","[0.9008856, 0.56887764, 0.46943006, 0.37418002]","[[126.78, 126.55, 74.5, 218.09], [280.99, 1, 151.98, 136.14], [168.22, 181.81, 33.16, 28.27], [1, 200.94, 16.29, 45.86]]"
1198,/home/pi/sambashare/BacArbeit/cocoval2017/000000139872.jpg,3.1774089230002573,"['32: sports ball', '16: dog', '0: person', '0: person']","[32, 16, 0, 0]","[0.9607766, 0.89305836, 0.74526656, 0.40058947]","[[406.95, 324.28, 139.73, 128.91], [72.08, 27.16, 407.44, 407.15], [1.06, 161.35, 99.15, 316.35], [586.03, 333.68, 53.62, 145.59]]"
1199,/home/pi/sambashare/BacArbeit/cocoval2017/000000100274.jpg,3.181775144000312,"['7: truck', '6: train', '6: train', '7: truck', '7: truck', '2: car', '7: truck']","[7, 6, 6, 7, 7, 2, 7]","[0.8098997, 0.6943593, 0.6850524, 0.44502676, 0.42546952, 0.31394613, 0.2558633]","[[160.74, 207.52, 72.33, 32.19], [278.47, 101.53, 89.25, 280.35], [456.14, 122.48, 74.02, 68.94], [91.09, 169.75, 18.6, 14.22], [1, 181.11, 11.64, 13.33], [1, 159.49, 9.02, 8.78], [102.04, 165.89, 15.9, 16.49]]"
1200,/home/pi/sambashare/BacArbeit/cocoval2017/000000376310.jpg,3.189036013000077,"['71: sink', '71: sink', '71: sink', '39: bottle', '39: bottle']","[71, 71, 71, 39, 39]","[0.91541255, 0.90816545, 0.87706035, 0.5970198, 0.41535777]","[[456.62, 378.64, 95.7, 40.19], [575.27, 390.19, 64.28, 43.98], [354.46, 368.09, 87.0, 35.79], [573.26, 344.74, 15.92, 37.91], [553.06, 342.79, 18.09, 41.4]]"
1201,/home/pi/sambashare/BacArbeit/cocoval2017/000000337987.jpg,3.1987898190000124,['14: bird'],[14],[0.50531334],"[[1.88, 55.73, 469.29, 421.31]]"
1202,/home/pi/sambashare/BacArbeit/cocoval2017/000000311303.jpg,3.1789242029999514,"['41: cup', '44: spoon', '0: person', '56: chair', '56: chair', '45: bowl', '56: chair', '45: bowl']","[41, 44, 0, 56, 56, 45, 56, 45]","[0.91315144, 0.8660861, 0.7893514, 0.5411773, 0.43112814, 0.40493736, 0.30881712, 0.27907807]","[[354.76, 57.46, 264.29, 353.13], [1, 201.08, 61.41, 23.4], [2.82, 1, 245.53, 62.95], [520.72, 1, 115.53, 95.92], [443.86, 1, 91.44, 67.69], [10.76, 75.26, 351.26, 214.41], [243.13, 40.46, 30.89, 16.42], [1.45, 329.86, 256.33, 96.34]]"
1203,/home/pi/sambashare/BacArbeit/cocoval2017/000000313588.jpg,3.1869486639998286,"['7: truck', '0: person', '2: car', '25: umbrella', '26: handbag']","[7, 0, 2, 25, 26]","[0.9450757, 0.93059206, 0.9100898, 0.8679463, 0.7691452]","[[230.79, 246.68, 105.32, 90.51], [341.49, 229.77, 136.65, 345.22], [152.41, 284.63, 41.81, 31.81], [343.14, 192.78, 136.43, 94.61], [419.42, 326.07, 60.58, 73.3]]"
1204,/home/pi/sambashare/BacArbeit/cocoval2017/000000360564.jpg,3.1887566700006573,"['61: toilet', '71: sink', '39: bottle', '71: sink']","[61, 71, 39, 71]","[0.89787185, 0.73247856, 0.5583015, 0.30124527]","[[164.82, 187.48, 181.19, 194.07], [328.51, 135.26, 64.18, 23.71], [361.51, 111.81, 10.8, 22.32], [273.25, 116.86, 162.56, 80.64]]"
1205,/home/pi/sambashare/BacArbeit/cocoval2017/000000210230.jpg,3.1883688979996805,"['0: person', '0: person', '0: person', '0: person', '14: bird', '0: person', '0: person', '26: handbag', '0: person']","[0, 0, 0, 0, 14, 0, 0, 26, 0]","[0.84251934, 0.7972457, 0.7692759, 0.6699801, 0.61330605, 0.39241722, 0.33280662, 0.26552582, 0.25161326]","[[189.81, 59.73, 434.32, 394.24], [66.03, 189.84, 128.53, 186.5], [1, 238.38, 26.31, 51.86], [32.21, 229.61, 59.04, 59.53], [1, 296.79, 60.63, 159.6], [162.06, 253.01, 57.41, 54.06], [156.32, 234.09, 32.18, 42.03], [82.57, 274.39, 78.28, 97.56], [208.41, 152.84, 166.52, 225.1]]"
1206,/home/pi/sambashare/BacArbeit/cocoval2017/000000382030.jpg,3.1628757930002394,['0: person'],[0],[0.6719306],"[[1, 188.5, 224.03, 185.37]]"
1207,/home/pi/sambashare/BacArbeit/cocoval2017/000000544052.jpg,3.1862797940002565,"['36: skateboard', '0: person', '0: person', '0: person']","[36, 0, 0, 0]","[0.9260893, 0.82860905, 0.46596086, 0.4212413]","[[131.55, 381.33, 214.13, 239.33], [113.24, 7.24, 279.45, 522.38], [358.73, 159.26, 77.35, 236.11], [444.18, 293.01, 57.13, 160.44]]"
1208,/home/pi/sambashare/BacArbeit/cocoval2017/000000203095.jpg,3.1742996839993793,"['47: apple', '69: oven', '50: broccoli', '51: carrot']","[47, 69, 50, 51]","[0.8629286, 0.69595736, 0.54137653, 0.4629575]","[[505.66, 299.98, 79.81, 74.77], [1, 112.11, 110.64, 301.67], [275.46, 182.99, 96.07, 42.89], [419.2, 145.16, 71.48, 103.24]]"
1209,/home/pi/sambashare/BacArbeit/cocoval2017/000000208901.jpg,3.184382555999946,['4: airplane'],[4],[0.95525],"[[233.5, 146.88, 189.7, 136.43]]"
1210,/home/pi/sambashare/BacArbeit/cocoval2017/000000181859.jpg,3.180407818999811,"['15: cat', '25: umbrella']","[15, 25]","[0.9424619, 0.37278932]","[[90.27, 222.77, 237.81, 282.2], [1, 1, 90.11, 99.53]]"
1211,/home/pi/sambashare/BacArbeit/cocoval2017/000000042888.jpg,3.1952574599999934,[],[],[],[]
1212,/home/pi/sambashare/BacArbeit/cocoval2017/000000491090.jpg,3.170941436999783,"['3: motorcycle', '0: person', '3: motorcycle', '3: motorcycle', '3: motorcycle', '3: motorcycle']","[3, 0, 3, 3, 3, 3]","[0.84432304, 0.7721746, 0.6890084, 0.6235684, 0.44123477, 0.28837603]","[[1, 137.99, 149.5, 186.58], [114.96, 60.57, 267.11, 425.01], [440.7, 326.99, 37.04, 160.89], [16.39, 182.47, 461.21, 453.96], [394.55, 191.7, 83.31, 85.98], [350.57, 218.76, 125.92, 156.95]]"
1213,/home/pi/sambashare/BacArbeit/cocoval2017/000000144114.jpg,3.2044187230003445,"['4: airplane', '0: person']","[4, 0]","[0.77890575, 0.76709]","[[8.35, 188.3, 584.62, 154.09], [283.49, 221.18, 36.22, 30.92]]"
1214,/home/pi/sambashare/BacArbeit/cocoval2017/000000542776.jpg,3.1873801649999223,"['14: bird', '73: book']","[14, 73]","[0.90649426, 0.8374263]","[[227.08, 150.14, 165.46, 123.59], [37.85, 234.17, 449.49, 190.59]]"
1215,/home/pi/sambashare/BacArbeit/cocoval2017/000000458702.jpg,3.1737147090007056,"['12: parking meter', '12: parking meter', '2: car']","[12, 12, 2]","[0.9061464, 0.8921185, 0.7475487]","[[171.7, 150.87, 60.65, 139.64], [98.47, 147.86, 61.1, 142.44], [1, 450.82, 116.03, 53.35]]"
1216,/home/pi/sambashare/BacArbeit/cocoval2017/000000493799.jpg,3.1905841139996483,"['42: fork', '54: donut', '45: bowl', '54: donut']","[42, 54, 45, 54]","[0.86549014, 0.5462982, 0.34634444, 0.30346382]","[[1, 76.24, 99.19, 265.6], [238.73, 6.63, 171.26, 170.32], [28.87, 8.14, 600.98, 472.55], [155.5, 166.33, 185.12, 194.44]]"
1217,/home/pi/sambashare/BacArbeit/cocoval2017/000000189820.jpg,3.1881812269994043,"['56: chair', '66: keyboard', '64: mouse', '66: keyboard', '41: cup', '62: tv', '62: tv', '73: book', '66: keyboard', '73: book', '73: book', '66: keyboard', '73: book', '73: book', '73: book', '56: chair', '73: book', '73: book', '73: book']","[56, 66, 64, 66, 41, 62, 62, 73, 66, 73, 73, 66, 73, 73, 73, 56, 73, 73, 73]","[0.93754673, 0.87979746, 0.85687923, 0.8526531, 0.809337, 0.7013608, 0.63627243, 0.601206, 0.5954918, 0.5081688, 0.5076425, 0.4633551, 0.46203834, 0.4403078, 0.38624957, 0.30730477, 0.2967169, 0.28783715, 0.276054]","[[376.17, 136.02, 241.56, 289.89], [87.45, 349.01, 180.37, 77.77], [160.98, 268.82, 33.65, 20.65], [247.97, 186.51, 63.89, 29.3], [204.0, 179.04, 28.09, 37.23], [1, 73.46, 44.97, 44.03], [77.74, 76.97, 41.12, 32.11], [145.91, 145.13, 32.1, 76.32], [363.47, 157.84, 70.87, 22.56], [7.76, 142.84, 57.55, 15.33], [17.86, 119.87, 49.4, 13.89], [24.78, 110.46, 52.65, 12.69], [32.1, 172.48, 46.42, 90.18], [14.4, 129.77, 64.46, 12.39], [169.29, 141.3, 28.69, 75.75], [600.41, 110.34, 39.46, 37.1], [328.12, 117.66, 23.36, 43.2], [319.37, 119.95, 22.14, 42.57], [11.78, 135.21, 50.37, 13.39]]"
1218,/home/pi/sambashare/BacArbeit/cocoval2017/000000103548.jpg,3.184001661000366,"['0: person', '18: sheep', '18: sheep', '18: sheep', '18: sheep', '18: sheep', '18: sheep', '18: sheep', '18: sheep', '18: sheep', '18: sheep', '18: sheep', '18: sheep', '18: sheep', '18: sheep', '18: sheep']","[0, 18, 18, 18, 18, 18, 18, 18, 18, 18, 18, 18, 18, 18, 18, 18]","[0.8386211, 0.6622773, 0.6483425, 0.51660275, 0.48167473, 0.4730641, 0.4628866, 0.42690885, 0.4173681, 0.39988312, 0.39156774, 0.35466003, 0.29678637, 0.29338408, 0.26980492, 0.25204116]","[[536.12, 208.62, 32.19, 87.23], [205.96, 221.36, 32.91, 30.22], [410.74, 228.37, 47.52, 32.84], [176.41, 220.91, 25.27, 26.32], [477.0, 232.94, 33.49, 34.74], [576.65, 229.3, 50.42, 35.05], [247.91, 222.47, 28.3, 29.08], [509.3, 228.29, 32.12, 37.23], [378.96, 225.79, 23.41, 32.79], [333.96, 225.92, 35.69, 32.21], [302.85, 217.55, 41.37, 30.88], [455.78, 224.22, 44.81, 33.72], [165.77, 211.09, 22.12, 25.3], [234.73, 215.49, 22.63, 28.45], [112.7, 217.08, 34.47, 23.94], [362.97, 223.34, 22.37, 33.07]]"
1219,/home/pi/sambashare/BacArbeit/cocoval2017/000000267434.jpg,3.19820672700007,"['19: cow', '19: cow', '19: cow', '19: cow', '19: cow', '19: cow', '19: cow', '19: cow', '19: cow']","[19, 19, 19, 19, 19, 19, 19, 19, 19]","[0.92032415, 0.91372114, 0.90917426, 0.855062, 0.80347806, 0.79559773, 0.7772073, 0.39825913, 0.39719984]","[[278.76, 197.05, 80.83, 166.21], [97.66, 205.11, 158.09, 250.03], [505.52, 218.65, 134.43, 113.45], [41.54, 213.54, 95.44, 219.92], [338.23, 220.0, 76.84, 139.48], [419.9, 208.08, 72.61, 153.57], [473.37, 227.16, 55.37, 117.55], [397.46, 218.67, 43.94, 123.66], [452.13, 194.69, 19.01, 13.34]]"
1220,/home/pi/sambashare/BacArbeit/cocoval2017/000000097679.jpg,3.1827097599998524,"['2: car', '2: car', '37: surfboard', '0: person']","[2, 2, 37, 0]","[0.9390534, 0.9356109, 0.8602797, 0.37229785]","[[102.36, 182.61, 426.26, 197.05], [358.84, 184.91, 275.54, 141.67], [192.52, 156.32, 137.2, 25.52], [272.06, 209.93, 51.29, 45.29]]"
1221,/home/pi/sambashare/BacArbeit/cocoval2017/000000191471.jpg,3.1897299689999272,['11: stop sign'],[11],[0.9355421],"[[120.17, 23.43, 386.9, 392.75]]"
1222,/home/pi/sambashare/BacArbeit/cocoval2017/000000324927.jpg,3.2011479940001664,"['39: bottle', '55: cake']","[39, 55]","[0.8466752, 0.39359823]","[[261.36, 235.51, 187.3, 117.83], [92.01, 358.5, 252.36, 258.88]]"
1223,/home/pi/sambashare/BacArbeit/cocoval2017/000000221502.jpg,3.189216474999739,['13: bench'],[13],[0.7752863],"[[79.41, 60.59, 471.58, 198.23]]"
1224,/home/pi/sambashare/BacArbeit/cocoval2017/000000053909.jpg,3.186888066999927,"['64: mouse', '63: laptop', '67: cell phone', '63: laptop']","[64, 63, 67, 63]","[0.7894445, 0.42011037, 0.27730224, 0.27045795]","[[1, 438.78, 77.2, 96.09], [74.51, 135.89, 287.93, 454.88], [135.23, 132.38, 138.28, 330.91], [5.61, 1, 474.39, 639]]"
1225,/home/pi/sambashare/BacArbeit/cocoval2017/000000341921.jpg,3.179256367000562,"['13: bench', '0: person', '26: handbag', '73: book', '13: bench']","[13, 0, 26, 73, 13]","[0.91970617, 0.9144027, 0.7083335, 0.3849724, 0.35670802]","[[137.52, 290.7, 383.39, 186.68], [284.84, 245.48, 119.43, 142.17], [468.32, 383.27, 63.09, 38.56], [280.14, 340.07, 47.0, 15.39], [473.49, 132.58, 157.89, 138.38]]"
1226,/home/pi/sambashare/BacArbeit/cocoval2017/000000512648.jpg,3.1791357359998074,['19: cow'],[19],[0.9298335],"[[408.03, 252.59, 93.72, 144.83]]"
1227,/home/pi/sambashare/BacArbeit/cocoval2017/000000393014.jpg,3.1804523110004084,"['48: sandwich', '48: sandwich']","[48, 48]","[0.84591836, 0.82644403]","[[467.89, 130.29, 171.62, 104.55], [41.82, 176.44, 306.87, 146.59]]"
1228,/home/pi/sambashare/BacArbeit/cocoval2017/000000291791.jpg,3.193533200999809,"['0: person', '3: motorcycle', '0: person', '16: dog', '0: person']","[0, 3, 0, 16, 0]","[0.8587246, 0.7748528, 0.6611591, 0.3748888, 0.34030357]","[[1, 1, 162.96, 278.94], [29.34, 4.51, 610.66, 454.49], [249.26, 1, 144.88, 99.97], [1, 258.8, 91.32, 74.3], [159.4, 1, 97.32, 102.59]]"
1229,/home/pi/sambashare/BacArbeit/cocoval2017/000000135902.jpg,3.18896238599973,"['6: train', '0: person', '6: train']","[6, 0, 6]","[0.91790766, 0.7609876, 0.70109147]","[[1, 105.04, 540.2, 246.44], [562.41, 240.37, 14.99, 38.1], [559.93, 217.8, 79.58, 58.61]]"
1230,/home/pi/sambashare/BacArbeit/cocoval2017/000000353970.jpg,3.18505827700028,['15: cat'],[15],[0.8176032],"[[40.22, 4.65, 448.54, 393.91]]"
1231,/home/pi/sambashare/BacArbeit/cocoval2017/000000178028.jpg,3.170645266000065,"['71: sink', '41: cup', '41: cup', '39: bottle', '39: bottle', '71: sink']","[71, 41, 41, 39, 39, 71]","[0.8468548, 0.81684256, 0.7954671, 0.68422925, 0.50948226, 0.40612605]","[[125.49, 312.35, 156.41, 81.36], [253.09, 210.5, 25.07, 52.66], [275.14, 214.55, 25.44, 49.62], [89.6, 302.91, 17.58, 51.41], [12.53, 262.09, 14.48, 32.78], [1, 253.93, 108.88, 41.06]]"
1232,/home/pi/sambashare/BacArbeit/cocoval2017/000000155179.jpg,3.189470622999579,['10: fire hydrant'],[10],[0.6923911],"[[1.04, 2.35, 635.43, 447.83]]"
1233,/home/pi/sambashare/BacArbeit/cocoval2017/000000015079.jpg,3.1884593120003046,"['43: knife', '55: cake']","[43, 55]","[0.6112448, 0.60043097]","[[471.83, 89.61, 159.89, 295.48], [52.77, 106.76, 353.78, 242.13]]"
1234,/home/pi/sambashare/BacArbeit/cocoval2017/000000515828.jpg,3.179840728000272,"['0: person', '38: tennis racket', '56: chair', '0: person', '39: bottle', '56: chair', '39: bottle', '39: bottle', '39: bottle', '24: backpack']","[0, 38, 56, 0, 39, 56, 39, 39, 39, 24]","[0.88052845, 0.8714801, 0.8344122, 0.8071179, 0.69434816, 0.6328944, 0.4694972, 0.46387288, 0.39332834, 0.30931106]","[[270.02, 56.88, 139.5, 369.69], [254.61, 109.66, 72.9, 96.68], [77.29, 1, 75.05, 87.66], [231.37, 1, 81.99, 69.85], [146.34, 64.24, 8.92, 20.43], [113.38, 1, 78.7, 73.3], [38.07, 26.18, 9.47, 25.59], [154.8, 60.46, 10.03, 23.04], [412.98, 16.66, 10.71, 22.97], [157.67, 43.75, 72.79, 32.39]]"
1235,/home/pi/sambashare/BacArbeit/cocoval2017/000000464824.jpg,3.1834861890001775,"['0: person', '2: car']","[0, 2]","[0.8098051, 0.36507627]","[[128.94, 79.01, 349.88, 535.62], [363.24, 1, 115.73, 96.99]]"
1236,/home/pi/sambashare/BacArbeit/cocoval2017/000000464476.jpg,3.180257508000068,"['0: person', '63: laptop']","[0, 63]","[0.8784489, 0.7751721]","[[47.82, 57.66, 69.25, 187.44], [278.13, 212.16, 202.65, 161.9]]"
1237,/home/pi/sambashare/BacArbeit/cocoval2017/000000213035.jpg,3.1676707469996472,"['67: cell phone', '67: cell phone', '40: wine glass', '0: person', '0: person']","[67, 67, 40, 0, 0]","[0.8624806, 0.8518138, 0.79251724, 0.37607837, 0.30791092]","[[237.96, 170.5, 89.79, 65.35], [312.0, 168.15, 81.36, 54.29], [158.28, 1, 94.5, 149.2], [6.07, 9.91, 610.78, 407.88], [1.68, 114.74, 347.0, 310.09]]"
1238,/home/pi/sambashare/BacArbeit/cocoval2017/000000330554.jpg,3.189657208999961,['68: microwave'],[68],[0.44368997],"[[1, 1, 125.87, 47.2]]"
1239,/home/pi/sambashare/BacArbeit/cocoval2017/000000482275.jpg,3.184512021000046,"['0: person', '0: person', '75: vase', '40: wine glass', '27: tie', '55: cake', '55: cake', '41: cup', '55: cake', '40: wine glass', '55: cake', '55: cake', '55: cake', '58: potted plant', '55: cake']","[0, 0, 75, 40, 27, 55, 55, 41, 55, 40, 55, 55, 55, 58, 55]","[0.90220517, 0.87339175, 0.8282988, 0.7572624, 0.7125054, 0.5064115, 0.50101805, 0.46671936, 0.44515833, 0.39649442, 0.39424306, 0.38270923, 0.37628314, 0.36630368, 0.34272987]","[[238.27, 58.71, 214.55, 418.8], [92.34, 41.04, 311.34, 438.96], [548.8, 403.27, 47.69, 76.38], [223.38, 446.52, 31.97, 33.48], [200.73, 158.68, 37.69, 73.9], [396.48, 444.88, 26.07, 23.62], [482.82, 441.16, 25.63, 24.17], [471.41, 354.55, 27.91, 31.14], [454.37, 437.8, 27.15, 28.37], [624.73, 412.55, 14.93, 66.92], [423.32, 442.81, 26.29, 26.65], [384.59, 249.46, 140.41, 59.75], [445.69, 356.46, 27.63, 30.87], [512.83, 311.44, 108.28, 167.76], [371.79, 443.97, 25.7, 25.94]]"
1240,/home/pi/sambashare/BacArbeit/cocoval2017/000000506178.jpg,3.174570952999602,"['62: tv', '0: person']","[62, 0]","[0.780735, 0.71416044]","[[1, 141.9, 91.43, 160.71], [69.37, 92.87, 177.8, 403.58]]"
1241,/home/pi/sambashare/BacArbeit/cocoval2017/000000193245.jpg,3.1906609150000804,"['0: person', '0: person', '0: person', '33: kite', '0: person', '33: kite', '33: kite', '0: person', '0: person', '33: kite', '33: kite', '33: kite', '0: person', '33: kite', '33: kite', '0: person', '24: backpack', '33: kite', '33: kite', '0: person', '0: person', '33: kite']","[0, 0, 0, 33, 0, 33, 33, 0, 0, 33, 33, 33, 0, 33, 33, 0, 24, 33, 33, 0, 0, 33]","[0.918711, 0.8722359, 0.8381027, 0.8261831, 0.7771498, 0.76163095, 0.75728446, 0.7410004, 0.7269513, 0.7228664, 0.70137703, 0.6787577, 0.66712826, 0.65987813, 0.64884496, 0.62369543, 0.579086, 0.5361886, 0.4587418, 0.45238417, 0.28065133, 0.2652251]","[[79.96, 175.95, 68.48, 195.89], [254.43, 180.28, 41.33, 107.32], [153.78, 207.32, 27.17, 63.14], [471.48, 48.94, 23.63, 16.88], [461.73, 158.19, 38.15, 132.53], [147.48, 55.68, 32.72, 21.89], [212.89, 21.82, 32.08, 39.44], [292.4, 202.82, 13.92, 29.56], [241.08, 197.97, 22.27, 78.45], [360.6, 1, 26.49, 11.71], [271.47, 1, 42.11, 15.9], [175.52, 1, 40.6, 27.49], [418.03, 172.21, 27.41, 77.38], [393.5, 94.82, 13.06, 9.78], [124.2, 5.34, 20.72, 14.88], [333.76, 200.6, 9.94, 26.47], [486.02, 191.91, 13.9, 33.81], [234.95, 76.05, 14.2, 11.38], [75.43, 118.18, 11.08, 10.73], [475.25, 225.26, 24.62, 148.63], [400.8, 175.6, 22.02, 55.61], [228.68, 1, 14.91, 5.98]]"
1242,/home/pi/sambashare/BacArbeit/cocoval2017/000000398438.jpg,3.1970338259998243,"['75: vase', '43: knife', '0: person', '75: vase']","[75, 43, 0, 75]","[0.61316246, 0.5712762, 0.5407158, 0.28494927]","[[1, 241.81, 199.09, 90.58], [157.68, 184.55, 73.31, 41.91], [179.82, 1, 317.89, 331.0], [1, 125.0, 203.19, 205.52]]"
1243,/home/pi/sambashare/BacArbeit/cocoval2017/000000289516.jpg,3.174714662000042,['74: clock'],[74],[0.7643543],"[[118.33, 182.48, 131.1, 145.04]]"
1244,/home/pi/sambashare/BacArbeit/cocoval2017/000000188465.jpg,3.1821408610003346,"['0: person', '0: person', '0: person', '0: person', '34: baseball bat', '0: person', '0: person', '0: person', '0: person', '0: person', '0: person']","[0, 0, 0, 0, 34, 0, 0, 0, 0, 0, 0]","[0.948404, 0.8966097, 0.86780715, 0.79123896, 0.7822353, 0.5145956, 0.4225192, 0.3915478, 0.3288205, 0.2910824, 0.27963936]","[[230.95, 248.69, 96.89, 120.27], [318.45, 174.56, 70.13, 95.2], [392.76, 183.87, 50.22, 80.16], [362.82, 212.77, 45.67, 52.41], [382.5, 157.01, 30.87, 25.18], [529.48, 186.58, 30.79, 22.14], [598.07, 148.0, 36.49, 59.61], [176.33, 107.08, 36.97, 72.32], [165.74, 185.61, 36.54, 22.67], [287.42, 154.34, 31.61, 43.07], [584.7, 124.19, 34.78, 33.8]]"
1245,/home/pi/sambashare/BacArbeit/cocoval2017/000000442456.jpg,3.182637400999738,"['0: person', '0: person', '2: car', '2: car', '7: truck']","[0, 0, 2, 2, 7]","[0.90635943, 0.8913636, 0.6156116, 0.47474074, 0.39107314]","[[108.81, 36.28, 125.02, 246.82], [605.97, 19.99, 33.85, 107.09], [1, 39.3, 35.69, 18.8], [1, 93.77, 129.42, 126.56], [15.67, 62.28, 617.36, 210.31]]"
1246,/home/pi/sambashare/BacArbeit/cocoval2017/000000352684.jpg,3.1882840899997973,"['0: person', '0: person', '0: person', '0: person', '27: tie', '0: person', '0: person', '0: person', '0: person', '0: person', '0: person']","[0, 0, 0, 0, 27, 0, 0, 0, 0, 0, 0]","[0.93121076, 0.9057486, 0.9007455, 0.88737327, 0.84789306, 0.8328729, 0.82819605, 0.81411684, 0.7921256, 0.7581567, 0.42858192]","[[84.22, 253.47, 62.6, 233.78], [161.22, 222.63, 126.46, 413.47], [374.65, 281.33, 46.86, 146.83], [3.78, 272.39, 41.08, 140.22], [184.45, 285.1, 17.7, 88.62], [126.05, 264.72, 36.99, 156.63], [56.16, 269.2, 37.82, 147.18], [301.66, 239.6, 76.35, 284.31], [40.05, 271.4, 21.15, 108.65], [150.96, 249.79, 40.41, 239.29], [242.85, 270.11, 30.78, 137.37]]"
1247,/home/pi/sambashare/BacArbeit/cocoval2017/000000405972.jpg,3.1862822099992627,"['20: elephant', '20: elephant']","[20, 20]","[0.9403065, 0.92666394]","[[80.26, 197.05, 223.88, 221.11], [113.27, 16.12, 321.89, 331.1]]"
1248,/home/pi/sambashare/BacArbeit/cocoval2017/000000176606.jpg,3.1897929349997867,"['16: dog', '2: car', '0: person']","[16, 2, 0]","[0.92677236, 0.89478314, 0.53784096]","[[223.98, 99.38, 231.71, 270.3], [63.26, 196.17, 65.19, 53.54], [27.25, 197.4, 43.96, 143.02]]"
1249,/home/pi/sambashare/BacArbeit/cocoval2017/000000287959.jpg,3.3048920370001724,"['55: cake', '14: bird']","[55, 14]","[0.717749, 0.25543585]","[[1, 4.52, 458.15, 466.4], [337.99, 234.66, 241.57, 244.06]]"
1250,/home/pi/sambashare/BacArbeit/cocoval2017/000000411754.jpg,3.310983584000496,"['0: person', '0: person', '0: person', '0: person', '56: chair', '0: person']","[0, 0, 0, 0, 56, 0]","[0.8499253, 0.77211577, 0.7617812, 0.7351495, 0.5355247, 0.28305468]","[[96.8, 63.36, 44.28, 71.73], [2.56, 13.14, 309.11, 226.51], [70.79, 71.6, 9.03, 23.02], [85.18, 68.22, 12.2, 39.55], [280.88, 183.78, 38.83, 55.7], [41.52, 74.66, 8.16, 20.79]]"
1251,/home/pi/sambashare/BacArbeit/cocoval2017/000000207585.jpg,3.1876424420006515,"['77: teddy bear', '77: teddy bear', '77: teddy bear', '77: teddy bear']","[77, 77, 77, 77]","[0.8205194, 0.7692329, 0.74469805, 0.6031817]","[[414.61, 115.22, 185.6, 208.86], [59.54, 151.84, 197.59, 279.48], [321.03, 46.45, 202.76, 397.35], [175.94, 43.13, 228.9, 405.42]]"
1252,/home/pi/sambashare/BacArbeit/cocoval2017/000000138550.jpg,3.172467117999986,"['10: fire hydrant', '56: chair']","[10, 56]","[0.9229115, 0.80511594]","[[262.09, 122.31, 108.13, 220.97], [368.83, 20.18, 126.79, 194.45]]"
1253,/home/pi/sambashare/BacArbeit/cocoval2017/000000057725.jpg,3.1926292549997015,"['74: clock', '74: clock']","[74, 74]","[0.8551158, 0.84485805]","[[413.89, 74.15, 19.85, 28.9], [368.61, 75.8, 19.65, 29.39]]"
1254,/home/pi/sambashare/BacArbeit/cocoval2017/000000309964.jpg,3.178672732999985,"['0: person', '0: person', '25: umbrella', '2: car', '25: umbrella', '41: cup', '45: bowl', '13: bench']","[0, 0, 25, 2, 25, 41, 45, 13]","[0.914879, 0.91087496, 0.6966396, 0.6182457, 0.5724959, 0.5068754, 0.34452426, 0.2710203]","[[338.87, 95.23, 188.04, 321.95], [87.23, 107.05, 167.69, 308.12], [245.54, 247.61, 91.49, 119.57], [541.63, 98.46, 97.99, 126.4], [1, 9.77, 605.41, 266.2], [617.46, 257.66, 22.4, 18.34], [609.53, 284.38, 30.45, 20.21], [40.8, 280.97, 145.47, 71.43]]"
1255,/home/pi/sambashare/BacArbeit/cocoval2017/000000154431.jpg,3.1761011469998266,"['62: tv', '75: vase', '75: vase', '75: vase', '65: remote']","[62, 75, 75, 75, 65]","[0.90837026, 0.8914688, 0.51219696, 0.3380091, 0.29568538]","[[71.4, 26.35, 194.8, 189.98], [345.2, 219.04, 85.78, 146.46], [1, 132.72, 39.22, 114.26], [35.12, 143.12, 50.51, 95.07], [126.21, 210.24, 103.29, 16.83]]"
1256,/home/pi/sambashare/BacArbeit/cocoval2017/000000507223.jpg,3.1859171559999595,"['0: person', '0: person', '0: person', '34: baseball bat', '0: person', '56: chair', '0: person']","[0, 0, 0, 34, 0, 56, 0]","[0.9445858, 0.929164, 0.8799462, 0.774556, 0.4580801, 0.34612083, 0.26072377]","[[1, 197.85, 131.0, 442.05], [251.93, 228.64, 227.95, 409.85], [117.18, 81.11, 185.35, 554.26], [120.74, 263.68, 157.84, 65.58], [108.15, 1, 182.53, 48.97], [366.26, 1.63, 29.93, 23.87], [89.67, 1, 80.41, 51.11]]"
1257,/home/pi/sambashare/BacArbeit/cocoval2017/000000045070.jpg,3.1917313040003137,"['0: person', '17: horse']","[0, 17]","[0.61871773, 0.26742542]","[[98.04, 45.41, 341.07, 545.89], [86.99, 384.33, 550.11, 210.32]]"
1258,/home/pi/sambashare/BacArbeit/cocoval2017/000000032038.jpg,3.180777057999876,"['0: person', '53: pizza', '44: spoon']","[0, 53, 44]","[0.773262, 0.7395973, 0.285679]","[[1, 1.62, 96.28, 139.1], [1, 121.17, 331.15, 174.39], [141.57, 49.64, 56.77, 62.43]]"
1259,/home/pi/sambashare/BacArbeit/cocoval2017/000000417043.jpg,3.194311863000621,['13: bench'],[13],[0.94607866],"[[1, 227.32, 245.43, 251.75]]"
1260,/home/pi/sambashare/BacArbeit/cocoval2017/000000569972.jpg,3.1991749970002274,"['0: person', '37: surfboard', '8: boat']","[0, 37, 8]","[0.93812907, 0.640327, 0.5381218]","[[92.45, 222.4, 113.03, 149.72], [108.95, 360.63, 123.73, 31.91], [178.52, 330.29, 344.5, 55.31]]"
1261,/home/pi/sambashare/BacArbeit/cocoval2017/000000098018.jpg,3.185851793000438,['76: scissors'],[76],[0.2859892],"[[109.66, 402.07, 66.01, 24.87]]"
1262,/home/pi/sambashare/BacArbeit/cocoval2017/000000106757.jpg,3.193214140999771,"['0: person', '20: elephant']","[0, 20]","[0.8440737, 0.712448]","[[210.78, 208.06, 214.08, 430.25], [1, 30.6, 304.06, 608.79]]"
1263,/home/pi/sambashare/BacArbeit/cocoval2017/000000267351.jpg,3.188176968999869,"['74: clock', '74: clock']","[74, 74]","[0.8020106, 0.66973174]","[[429.21, 247.14, 102.44, 85.78], [333.16, 295.77, 27.26, 98.83]]"
1264,/home/pi/sambashare/BacArbeit/cocoval2017/000000166391.jpg,3.1919651489997705,"['2: car', '2: car', '7: truck', '7: truck', '2: car', '2: car', '2: car', '9: traffic light', '9: traffic light', '9: traffic light', '2: car', '9: traffic light', '9: traffic light', '9: traffic light', '9: traffic light', '9: traffic light', '9: traffic light', '9: traffic light', '0: person', '2: car', '2: car', '2: car', '2: car', '9: traffic light', '2: car', '9: traffic light', '9: traffic light', '2: car']","[2, 2, 7, 7, 2, 2, 2, 9, 9, 9, 2, 9, 9, 9, 9, 9, 9, 9, 0, 2, 2, 2, 2, 9, 2, 9, 9, 2]","[0.9333353, 0.9309255, 0.9159255, 0.88926417, 0.8580214, 0.8341438, 0.798403, 0.7823396, 0.7456371, 0.7354599, 0.7341519, 0.7337753, 0.71267056, 0.6936401, 0.6741717, 0.6710531, 0.59888506, 0.56475735, 0.51518923, 0.49784377, 0.49692827, 0.49439973, 0.4761928, 0.47536272, 0.39441487, 0.39416888, 0.39021957, 0.39015207]","[[28.39, 338.88, 64.15, 37.78], [577.73, 336.41, 61.94, 42.9], [456.48, 342.76, 50.96, 33.26], [335.85, 347.15, 28.71, 23.67], [374.31, 357.42, 15.63, 10.36], [146.67, 353.79, 28.84, 18.71], [100.08, 351.98, 35.34, 21.03], [508.7, 250.41, 12.07, 22.59], [475.1, 236.57, 11.3, 29.52], [290.39, 198.11, 14.35, 30.88], [172.87, 353.89, 16.16, 13.85], [363.47, 213.77, 13.25, 27.68], [49.53, 184.78, 17.78, 32.27], [204.18, 206.94, 11.24, 29.36], [269.66, 190.6, 11.35, 35.15], [443.4, 231.39, 9.72, 26.02], [351.9, 212.59, 11.98, 28.5], [66.96, 185.48, 14.7, 32.2], [198.14, 359.57, 4.45, 7.28], [531.54, 355.7, 12.65, 7.39], [210.51, 359.25, 10.54, 6.27], [139.11, 357.34, 11.7, 14.15], [241.61, 359.86, 11.16, 6.04], [263.67, 327.28, 4.5, 5.96], [222.54, 358.84, 9.85, 6.04], [208.67, 328.68, 4.18, 5.16], [275.91, 327.47, 5.11, 5.81], [310.92, 354.42, 15.69, 11.35]]"
1265,/home/pi/sambashare/BacArbeit/cocoval2017/000000319184.jpg,3.1880540780002775,"['0: person', '0: person', '0: person', '0: person', '0: person', '0: person', '0: person', '0: person', '34: baseball bat', '0: person']","[0, 0, 0, 0, 0, 0, 0, 0, 34, 0]","[0.944002, 0.91515535, 0.89282745, 0.8352091, 0.7846202, 0.75546974, 0.7456626, 0.6256074, 0.43708798, 0.41164228]","[[272.96, 92.38, 199.02, 178.51], [144.8, 47.33, 143.74, 226.56], [23.26, 30.58, 48.82, 105.27], [53.0, 22.46, 40.04, 109.33], [483.86, 25.88, 15.94, 60.75], [443.5, 25.93, 25.79, 57.57], [393.55, 31.38, 19.81, 53.92], [414.87, 32.98, 15.32, 51.88], [460.99, 137.73, 28.24, 20.87], [302.72, 51.76, 27.91, 14.0]]"
1266,/home/pi/sambashare/BacArbeit/cocoval2017/000000398742.jpg,3.1828337990000364,"['32: sports ball', '0: person', '0: person', '0: person', '2: car', '34: baseball bat']","[32, 0, 0, 0, 2, 34]","[0.8997666, 0.84631836, 0.8325428, 0.8316304, 0.5692961, 0.26283258]","[[220.97, 203.27, 76.23, 75.7], [52.39, 440.79, 294.07, 197.97], [260.89, 484.3, 165.65, 155.07], [1, 36.58, 363.92, 534.8], [349.95, 412.76, 76.79, 90.57], [1, 325.91, 33.51, 61.96]]"
1267,/home/pi/sambashare/BacArbeit/cocoval2017/000000264441.jpg,3.2052780840003834,"['15: cat', '57: couch']","[15, 57]","[0.7140992, 0.47306463]","[[14.96, 196.38, 335.49, 199.63], [8.47, 7.0, 365.67, 475.96]]"
1268,/home/pi/sambashare/BacArbeit/cocoval2017/000000033221.jpg,3.192611084999953,"['0: person', '0: person', '0: person', '0: person', '0: person', '0: person', '7: truck', '38: tennis racket', '2: car', '0: person', '26: handbag', '0: person', '0: person']","[0, 0, 0, 0, 0, 0, 7, 38, 2, 0, 26, 0, 0]","[0.93229973, 0.9161546, 0.8927776, 0.88549465, 0.8763937, 0.77179676, 0.63983846, 0.58283436, 0.55915, 0.35354495, 0.3478604, 0.29901618, 0.257016]","[[345.98, 91.73, 100.79, 241.26], [9.56, 106.61, 133.63, 226.18], [216.08, 157.94, 40.66, 100.79], [262.91, 156.7, 40.48, 105.65], [185.01, 159.12, 35.94, 95.61], [319.33, 156.9, 31.83, 97.89], [129.6, 148.57, 61.7, 40.37], [370.89, 41.6, 123.1, 59.29], [1, 162.24, 19.17, 9.76], [304.5, 154.76, 6.48, 16.05], [17.41, 291.28, 60.15, 41.67], [349.16, 160.22, 20.79, 31.81], [295.86, 154.31, 6.51, 17.19]]"
1269,/home/pi/sambashare/BacArbeit/cocoval2017/000000284282.jpg,3.1733310489998985,[],[],[],[]
1270,/home/pi/sambashare/BacArbeit/cocoval2017/000000315450.jpg,3.1768687719995796,"['5: bus', '2: car', '5: bus', '2: car', '2: car', '9: traffic light', '9: traffic light', '9: traffic light', '2: car']","[5, 2, 5, 2, 2, 9, 9, 9, 2]","[0.95328814, 0.9447396, 0.9413142, 0.8633392, 0.65642184, 0.62108624, 0.55997986, 0.42026877, 0.41948292]","[[160.77, 112.72, 270.42, 192.12], [47.68, 231.21, 100.94, 66.45], [421.69, 123.26, 218.01, 184.09], [6.27, 221.44, 50.98, 40.42], [1, 227.7, 11.47, 25.15], [114.72, 137.39, 9.35, 18.03], [39.34, 142.55, 9.61, 19.15], [75.9, 176.05, 6.51, 14.37], [50.32, 223.2, 28.6, 21.64]]"
1271,/home/pi/sambashare/BacArbeit/cocoval2017/000000187271.jpg,3.182985133999864,['72: refrigerator'],[72],[0.93814176],"[[102.33, 144.47, 243.04, 471.67]]"
1272,/home/pi/sambashare/BacArbeit/cocoval2017/000000017379.jpg,3.1917317449997427,"['71: sink', '62: tv', '71: sink']","[71, 62, 71]","[0.8511591, 0.83486646, 0.7924285]","[[374.64, 520.64, 102.5, 52.79], [146.81, 218.7, 162.51, 102.73], [6.57, 591.74, 183.05, 48.03]]"
1273,/home/pi/sambashare/BacArbeit/cocoval2017/000000549136.jpg,3.1768797459999405,['14: bird'],[14],[0.6459701],"[[194.56, 228.43, 95.69, 85.14]]"
1274,/home/pi/sambashare/BacArbeit/cocoval2017/000000122166.jpg,3.1865881840003567,"['2: car', '2: car', '0: person', '2: car', '2: car', '0: person', '1: bicycle', '3: motorcycle', '9: traffic light', '0: person', '0: person', '2: car', '2: car', '0: person', '2: car', '2: car', '0: person', '0: person']","[2, 2, 0, 2, 2, 0, 1, 3, 9, 0, 0, 2, 2, 0, 2, 2, 0, 0]","[0.94263566, 0.9264763, 0.8982444, 0.8691204, 0.8543234, 0.85411495, 0.8148578, 0.80289567, 0.660183, 0.6240263, 0.5879389, 0.5676349, 0.55835044, 0.4991395, 0.37584168, 0.314246, 0.29757625, 0.27171358]","[[157.7, 264.66, 166.3, 150.67], [316.7, 297.47, 133.18, 106.34], [4.25, 287.25, 32.57, 76.27], [516.15, 301.25, 31.39, 20.32], [461.35, 302.92, 46.24, 44.62], [53.27, 225.37, 97.81, 205.16], [85.94, 357.4, 46.69, 104.48], [32.83, 305.61, 56.94, 101.11], [388.7, 243.15, 13.26, 29.64], [159.87, 257.42, 29.12, 64.78], [544.66, 289.21, 10.04, 23.8], [369.36, 286.05, 70.6, 36.59], [600.66, 296.63, 34.13, 21.87], [258.9, 300.55, 33.19, 25.68], [511.83, 287.26, 22.61, 23.32], [370.06, 288.22, 81.87, 74.47], [568.59, 298.53, 13.33, 22.3], [504.49, 307.18, 11.66, 31.34]]"
1275,/home/pi/sambashare/BacArbeit/cocoval2017/000000046031.jpg,3.1814865510004893,"['63: laptop', '64: mouse', '64: mouse', '66: keyboard', '62: tv', '66: keyboard', '67: cell phone']","[63, 64, 64, 66, 62, 66, 67]","[0.9557652, 0.9331529, 0.92638385, 0.89704895, 0.8016448, 0.29403517, 0.26411694]","[[219.68, 102.62, 314.92, 310.89], [547.15, 347.79, 56.14, 60.63], [107.68, 295.94, 63.04, 60.89], [1, 290.43, 72.85, 84.95], [1.11, 1, 142.02, 211.43], [272.95, 247.77, 210.89, 89.76], [108.26, 239.68, 43.01, 50.6]]"
1276,/home/pi/sambashare/BacArbeit/cocoval2017/000000530466.jpg,3.1855212069995105,['6: train'],[6],[0.5003364],"[[2.26, 1.51, 637.58, 469.06]]"
1277,/home/pi/sambashare/BacArbeit/cocoval2017/000000551794.jpg,3.184239051000077,"['0: person', '24: backpack']","[0, 24]","[0.8823664, 0.60641843]","[[173.15, 206.81, 141.87, 235.06], [252.38, 243.96, 62.14, 74.01]]"
1278,/home/pi/sambashare/BacArbeit/cocoval2017/000000482585.jpg,3.186081983999429,"['6: train', '6: train', '0: person', '0: person', '26: handbag', '9: traffic light', '0: person', '0: person']","[6, 6, 0, 0, 26, 9, 0, 0]","[0.9032473, 0.88950765, 0.7743679, 0.6859338, 0.61475146, 0.6068802, 0.3811055, 0.2951961]","[[444.15, 159.48, 127.99, 150.77], [33.02, 88.83, 414.36, 304.37], [583.32, 219.01, 35.72, 68.32], [578.89, 217.86, 14.56, 42.49], [607.46, 236.17, 15.76, 26.47], [584.19, 191.65, 11.97, 21.75], [590.54, 212.08, 11.21, 17.91], [630.76, 221.48, 9.23, 47.02]]"
1279,/home/pi/sambashare/BacArbeit/cocoval2017/000000493019.jpg,3.1827778420001778,"['22: zebra', '22: zebra', '22: zebra', '22: zebra', '22: zebra', '22: zebra']","[22, 22, 22, 22, 22, 22]","[0.8004867, 0.7693119, 0.76336783, 0.7573156, 0.6894096, 0.38457602]","[[205.81, 205.85, 72.71, 175.98], [267.08, 198.01, 71.08, 186.54], [34.88, 160.81, 236.42, 159.55], [314.29, 194.36, 111.82, 191.45], [339.82, 191.14, 255.66, 169.26], [163.06, 154.9, 300.64, 61.94]]"
1280,/home/pi/sambashare/BacArbeit/cocoval2017/000000245026.jpg,3.187632439000481,"['55: cake', '41: cup', '56: chair', '0: person', '60: dining table', '41: cup']","[55, 41, 56, 0, 60, 41]","[0.91395867, 0.90485024, 0.77336794, 0.7639275, 0.58594984, 0.44730282]","[[184.45, 271.84, 250.42, 133.42], [523.13, 342.23, 63.7, 77.76], [127.14, 181.88, 72.9, 157.8], [175.82, 35.48, 250.54, 267.91], [15.68, 325.48, 614.52, 93.21], [486.48, 137.71, 47.5, 27.09]]"
1281,/home/pi/sambashare/BacArbeit/cocoval2017/000000307172.jpg,3.2006437760001063,"['55: cake', '41: cup', '0: person', '45: bowl', '42: fork', '41: cup', '0: person']","[55, 41, 0, 45, 42, 41, 0]","[0.8926575, 0.87007904, 0.60642505, 0.42382067, 0.386813, 0.3863089, 0.2562394]","[[51.43, 128.01, 510.12, 281.93], [327.96, 73.45, 78.61, 55.65], [4.54, 1, 375.33, 177.5], [2.89, 398.58, 235.85, 26.26], [188.34, 83.89, 31.68, 67.36], [1, 138.86, 29.06, 136.48], [1, 53.5, 162.57, 124.75]]"
1282,/home/pi/sambashare/BacArbeit/cocoval2017/000000523241.jpg,3.1958290989996385,"['2: car', '2: car', '2: car', '7: truck', '2: car']","[2, 2, 2, 7, 2]","[0.93063796, 0.9300994, 0.8209914, 0.8156102, 0.54794306]","[[43.73, 199.31, 100.27, 29.54], [364.44, 203.53, 113.51, 31.19], [474.97, 205.42, 24.94, 14.24], [322.79, 186.73, 65.28, 31.68], [296.27, 202.16, 13.54, 6.37]]"
1283,/home/pi/sambashare/BacArbeit/cocoval2017/000000356427.jpg,3.1809335640000427,"['0: person', '24: backpack', '24: backpack', '24: backpack', '26: handbag', '26: handbag', '24: backpack', '24: backpack']","[0, 24, 24, 24, 26, 26, 24, 24]","[0.9409705, 0.81353664, 0.7241658, 0.674771, 0.625196, 0.45427537, 0.44400904, 0.41021076]","[[166.3, 70.58, 129.02, 355.77], [278.34, 318.06, 98.49, 106.37], [358.37, 371.48, 53.75, 55.46], [432.75, 270.3, 89.73, 51.87], [349.01, 274.75, 80.06, 61.11], [405.86, 327.78, 73.33, 89.9], [386.58, 310.37, 76.44, 68.1], [456.25, 318.08, 74.25, 78.55]]"
1284,/home/pi/sambashare/BacArbeit/cocoval2017/000000308430.jpg,3.1835653839998486,['45: bowl'],[45],[0.7348505],"[[119.43, 14.21, 520.44, 461.24]]"
1285,/home/pi/sambashare/BacArbeit/cocoval2017/000000255912.jpg,3.1838501709999036,"['45: bowl', '39: bottle']","[45, 39]","[0.58114123, 0.5603055]","[[1, 1, 311.63, 89.57], [555.6, 1, 83.63, 98.62]]"
1286,/home/pi/sambashare/BacArbeit/cocoval2017/000000359937.jpg,3.1934552419998,"['5: bus', '5: bus']","[5, 5]","[0.91509056, 0.9093875]","[[564.06, 252.0, 75.36, 138.15], [39.31, 7.61, 539.27, 465.3]]"
1287,/home/pi/sambashare/BacArbeit/cocoval2017/000000054967.jpg,3.197386343999824,"['2: car', '2: car', '7: truck', '2: car', '2: car', '2: car', '0: person', '2: car', '2: car', '2: car', '2: car', '2: car', '2: car', '2: car', '2: car', '9: traffic light', '2: car']","[2, 2, 7, 2, 2, 2, 0, 2, 2, 2, 2, 2, 2, 2, 2, 9, 2]","[0.92387104, 0.92146087, 0.9119141, 0.8053474, 0.7462247, 0.729132, 0.72190833, 0.7178736, 0.7076719, 0.6643408, 0.65230304, 0.5740806, 0.54734975, 0.51834345, 0.44570136, 0.38498405, 0.25173306]","[[107.74, 424.56, 45.94, 37.96], [211.89, 433.34, 54.91, 42.33], [240.45, 393.52, 58.19, 68.59], [53.16, 423.26, 42.73, 37.95], [3.3, 434.48, 32.86, 35.95], [23.7, 432.84, 32.94, 33.65], [387.34, 423.53, 36.55, 215.74], [149.35, 419.67, 25.85, 19.49], [194.98, 417.99, 17.36, 13.16], [244.73, 432.29, 37.22, 33.76], [1, 430.84, 15.16, 41.93], [175.09, 420.77, 17.02, 16.65], [228.78, 414.47, 12.24, 10.32], [212.82, 415.42, 12.3, 13.6], [185.17, 419.75, 13.86, 16.75], [266.49, 347.18, 11.11, 17.58], [170.19, 421.19, 14.95, 16.69]]"
1288,/home/pi/sambashare/BacArbeit/cocoval2017/000000141597.jpg,3.199500122000245,"['7: truck', '2: car', '2: car']","[7, 2, 2]","[0.81756127, 0.7851347, 0.45569673]","[[40.5, 128.65, 367.27, 207.76], [381.28, 236.92, 187.52, 111.4], [545.39, 243.95, 71.42, 86.59]]"
1289,/home/pi/sambashare/BacArbeit/cocoval2017/000000038576.jpg,3.1916281140001956,"['64: mouse', '64: mouse', '66: keyboard', '62: tv', '66: keyboard', '64: mouse', '63: laptop', '63: laptop', '66: keyboard']","[64, 64, 66, 62, 66, 64, 63, 63, 66]","[0.9402996, 0.9152927, 0.87953323, 0.8757017, 0.8731677, 0.77893144, 0.7213252, 0.4395562, 0.28005064]","[[212.69, 510.67, 116.32, 102.9], [179.64, 224.11, 30.39, 30.32], [26.3, 374.53, 407.48, 138.86], [68.06, 37.49, 215.05, 252.11], [125.06, 187.26, 102.09, 37.36], [292.85, 358.59, 56.82, 30.22], [118.81, 93.75, 88.77, 89.18], [100.58, 63.95, 130.63, 161.1], [136.97, 195.23, 83.54, 49.3]]"
1290,/home/pi/sambashare/BacArbeit/cocoval2017/000000143556.jpg,3.1787820100007593,"['0: person', '3: motorcycle', '3: motorcycle', '0: person', '0: person', '0: person', '3: motorcycle']","[0, 3, 3, 0, 0, 0, 3]","[0.9171043, 0.8178587, 0.74276716, 0.5960354, 0.43687218, 0.36479136, 0.31376952]","[[66.17, 230.4, 167.43, 291.12], [13.49, 307.79, 166.58, 309.99], [359.59, 252.23, 120.06, 283.81], [339.73, 229.77, 76.34, 144.43], [134.14, 226.2, 45.41, 60.42], [391.41, 212.13, 31.61, 40.52], [440.31, 205.73, 35.62, 63.82]]"
1291,/home/pi/sambashare/BacArbeit/cocoval2017/000000134882.jpg,3.181061153999508,"['15: cat', '59: bed', '73: book', '73: book', '73: book', '77: teddy bear', '73: book', '73: book', '73: book', '73: book', '73: book', '73: book', '73: book', '73: book']","[15, 59, 73, 73, 73, 77, 73, 73, 73, 73, 73, 73, 73, 73]","[0.9297895, 0.8177759, 0.5515742, 0.5224754, 0.46529344, 0.452988, 0.44644448, 0.44356588, 0.43425575, 0.38447985, 0.35035062, 0.33992973, 0.295145, 0.253702]","[[272.33, 328.83, 152.46, 64.0], [17.94, 328.76, 593.21, 280.39], [187.0, 118.17, 23.26, 84.82], [207.22, 126.91, 19.63, 77.07], [78.57, 171.38, 99.02, 27.71], [228.23, 261.46, 55.07, 49.36], [80.88, 151.43, 87.9, 23.65], [83.74, 129.32, 65.35, 22.83], [61.94, 103.11, 21.07, 86.52], [170.14, 121.23, 21.62, 80.96], [26.07, 99.16, 34.91, 89.05], [81.03, 132.16, 79.71, 39.05], [135.43, 255.82, 18.67, 89.96], [149.54, 256.45, 15.72, 89.47]]"
1292,/home/pi/sambashare/BacArbeit/cocoval2017/000000578489.jpg,3.1782600919996185,"['0: person', '0: person', '0: person', '0: person', '39: bottle', '0: person', '65: remote', '0: person', '39: bottle', '0: person', '57: couch']","[0, 0, 0, 0, 39, 0, 65, 0, 39, 0, 57]","[0.9378484, 0.8552779, 0.8501011, 0.8206396, 0.7567651, 0.70178914, 0.6758076, 0.6756407, 0.6112558, 0.4458024, 0.38271776]","[[85.19, 92.12, 192.17, 302.63], [360.45, 115.72, 172.27, 364.06], [342.2, 101.68, 103.82, 268.65], [383.25, 50.45, 75.66, 114.93], [60.95, 147.23, 17.14, 31.61], [527.33, 64.09, 112.67, 414.44], [351.34, 196.18, 53.52, 44.09], [500.73, 64.57, 87.18, 304.15], [35.21, 127.91, 13.58, 22.54], [435.19, 112.04, 28.8, 74.67], [8.71, 145.56, 603.61, 270.29]]"
1293,/home/pi/sambashare/BacArbeit/cocoval2017/000000026204.jpg,3.1786406920000445,"['2: car', '2: car', '5: bus', '2: car', '2: car', '0: person', '2: car', '0: person', '7: truck', '2: car']","[2, 2, 5, 2, 2, 0, 2, 0, 7, 2]","[0.9410761, 0.9407072, 0.92821443, 0.9243198, 0.9164222, 0.8725371, 0.81878257, 0.79997945, 0.7992201, 0.58601445]","[[163.57, 246.65, 128.17, 85.13], [370.68, 257.1, 142.14, 74.13], [252.71, 196.91, 144.81, 106.26], [522.64, 259.99, 82.96, 49.37], [577.95, 252.21, 61.99, 70.6], [14.56, 227.24, 21.92, 53.71], [430.96, 244.61, 102.38, 54.59], [32.25, 237.15, 24.05, 50.47], [129.94, 194.91, 82.08, 105.07], [393.88, 245.6, 38.42, 14.98]]"
1294,/home/pi/sambashare/BacArbeit/cocoval2017/000000227044.jpg,3.1849015130001135,"['41: cup', '15: cat', '41: cup', '39: bottle', '71: sink', '39: bottle', '75: vase']","[41, 15, 41, 39, 71, 39, 75]","[0.8736595, 0.8477373, 0.8457984, 0.8207455, 0.66910744, 0.62864566, 0.46653607]","[[115.08, 1, 60.38, 41.64], [112.89, 50.28, 526.32, 402.46], [196.23, 1, 64.37, 38.92], [7.93, 1, 66.69, 40.83], [3.81, 230.46, 467.04, 245.56], [281.32, 1, 34.81, 42.01], [309.37, 1, 39.85, 47.57]]"
1295,/home/pi/sambashare/BacArbeit/cocoval2017/000000493286.jpg,3.170461929999874,"['0: person', '0: person', '4: airplane', '4: airplane', '0: person']","[0, 0, 4, 4, 0]","[0.79935926, 0.57864565, 0.56846285, 0.47132146, 0.25449082]","[[69.65, 160.68, 70.65, 125.27], [294.35, 188.19, 54.82, 35.02], [1, 33.37, 618.37, 309.15], [596.61, 160.53, 42.89, 30.7], [628.61, 198.54, 11.23, 69.71]]"
1296,/home/pi/sambashare/BacArbeit/cocoval2017/000000387387.jpg,3.1885652310002115,"['5: bus', '0: person']","[5, 0]","[0.92204225, 0.2802123]","[[69.79, 212.68, 546.84, 183.5], [437.08, 268.55, 12.03, 10.08]]"
1297,/home/pi/sambashare/BacArbeit/cocoval2017/000000452793.jpg,3.184897006999563,"['72: refrigerator', '71: sink', '61: toilet']","[72, 71, 61]","[0.8874108, 0.75229627, 0.27092704]","[[377.43, 61.06, 257.42, 364.63], [248.27, 206.7, 112.3, 21.95], [54.89, 414.5, 57.53, 12.37]]"
1298,/home/pi/sambashare/BacArbeit/cocoval2017/000000443969.jpg,3.1887130750001234,"['0: person', '0: person', '25: umbrella', '0: person', '0: person', '25: umbrella', '56: chair']","[0, 0, 25, 0, 0, 25, 56]","[0.9067904, 0.8643567, 0.8290231, 0.55741733, 0.5386141, 0.41476756, 0.26090136]","[[71.55, 47.8, 84.73, 227.31], [1, 107.76, 128.55, 478.5], [182.43, 31.73, 292.8, 127.75], [179.23, 111.63, 309.12, 161.36], [240.51, 107.32, 132.42, 374.52], [197.82, 27.22, 26.27, 42.65], [565.76, 121.78, 45.84, 98.65]]"
1299,/home/pi/sambashare/BacArbeit/cocoval2017/000000212166.jpg,3.1919033260001015,"['0: person', '55: cake']","[0, 55]","[0.8007274, 0.63522184]","[[79.73, 7.1, 447.91, 399.91], [220.74, 401.43, 369.8, 204.86]]"
1300,/home/pi/sambashare/BacArbeit/cocoval2017/000000214205.jpg,3.176984478000122,['4: airplane'],[4],[0.9249924],"[[251.64, 312.02, 152.31, 46.87]]"
1301,/home/pi/sambashare/BacArbeit/cocoval2017/000000144798.jpg,3.1769349209998836,"['41: cup', '61: toilet', '73: book', '33: kite', '67: cell phone']","[41, 61, 73, 33, 67]","[0.67978096, 0.67047626, 0.6545693, 0.6307825, 0.5015379]","[[181.95, 189.97, 49.35, 76.71], [157.1, 461.71, 267.58, 177.27], [33.48, 390.02, 114.3, 107.21], [1, 39.78, 48.32, 84.38], [81.81, 383.6, 67.34, 83.32]]"
1302,/home/pi/sambashare/BacArbeit/cocoval2017/000000144984.jpg,3.174906376999388,"['65: remote', '0: person', '65: remote']","[65, 0, 65]","[0.8732186, 0.8021671, 0.7418026]","[[87.96, 431.5, 66.57, 52.09], [74.46, 173.59, 333.59, 464.55], [325.21, 388.44, 28.36, 39.46]]"
1303,/home/pi/sambashare/BacArbeit/cocoval2017/000000453722.jpg,3.1889985569996497,"['57: couch', '57: couch', '62: tv', '16: dog']","[57, 57, 62, 16]","[0.9495286, 0.89379776, 0.79072446, 0.6192957]","[[1, 265.3, 207.8, 160.71], [561.02, 222.13, 78.39, 174.75], [176.82, 140.28, 92.97, 62.2], [613.2, 222.66, 26.48, 37.29]]"
1304,/home/pi/sambashare/BacArbeit/cocoval2017/000000378099.jpg,3.180145425999399,"['64: mouse', '66: keyboard']","[64, 66]","[0.94701165, 0.880714]","[[515.59, 153.41, 95.97, 123.53], [28.85, 74.34, 503.31, 171.74]]"
1305,/home/pi/sambashare/BacArbeit/cocoval2017/000000335427.jpg,3.171059265000622,"['44: spoon', '50: broccoli', '45: bowl', '50: broccoli', '50: broccoli', '42: fork', '50: broccoli', '50: broccoli', '50: broccoli', '50: broccoli']","[44, 50, 45, 50, 50, 42, 50, 50, 50, 50]","[0.8994155, 0.58246976, 0.55555326, 0.46430513, 0.42704305, 0.38861978, 0.370523, 0.33114934, 0.27273113, 0.25922775]","[[5.35, 141.56, 226.31, 299.33], [434.87, 93.09, 72.0, 117.45], [235.32, 4.85, 393.3, 351.88], [351.13, 87.97, 107.22, 142.66], [447.49, 208.55, 83.05, 104.44], [101.62, 162.03, 168.17, 266.19], [306.99, 74.84, 67.71, 108.55], [342.29, 5.68, 189.28, 81.99], [361.21, 212.76, 96.33, 90.71], [483.93, 81.61, 136.6, 167.12]]"
1306,/home/pi/sambashare/BacArbeit/cocoval2017/000000451144.jpg,3.183381081999869,"['0: person', '0: person', '24: backpack', '30: skis', '24: backpack']","[0, 0, 24, 30, 24]","[0.8657282, 0.8292689, 0.7833638, 0.7531821, 0.47448114]","[[519.97, 206.74, 62.47, 155.89], [377.57, 192.78, 84.29, 190.58], [399.75, 217.44, 46.17, 62.42], [339.9, 366.06, 175.17, 28.81], [530.76, 222.13, 49.6, 66.32]]"
1307,/home/pi/sambashare/BacArbeit/cocoval2017/000000470121.jpg,3.1938553899999533,"['39: bottle', '41: cup', '60: dining table', '55: cake', '41: cup', '45: bowl', '55: cake', '75: vase']","[39, 41, 60, 55, 41, 45, 55, 75]","[0.8748239, 0.59696114, 0.42873448, 0.39767525, 0.39766994, 0.35416278, 0.32693794, 0.29758558]","[[1, 1, 126.64, 215.38], [446.76, 170.05, 135.57, 114.92], [1, 13.96, 639, 441.61], [300.71, 45.88, 49.2, 37.05], [268.37, 83.21, 45.12, 44.84], [340.5, 22.09, 71.05, 36.44], [54.55, 284.11, 172.18, 139.8], [531.7, 286.99, 107.76, 134.16]]"
1308,/home/pi/sambashare/BacArbeit/cocoval2017/000000545958.jpg,3.1841755770001328,['19: cow'],[19],[0.947613],"[[377.99, 260.3, 194.09, 135.68]]"
1309,/home/pi/sambashare/BacArbeit/cocoval2017/000000050331.jpg,3.1934317850000298,"['50: broccoli', '50: broccoli']","[50, 50]","[0.7310491, 0.42246258]","[[37.31, 161.56, 70.28, 61.04], [374.23, 96.12, 129.17, 91.21]]"
1310,/home/pi/sambashare/BacArbeit/cocoval2017/000000187055.jpg,3.1758845780004776,"['38: tennis racket', '32: sports ball', '0: person', '32: sports ball', '0: person']","[38, 32, 0, 32, 0]","[0.6720311, 0.65834934, 0.63556194, 0.41188687, 0.4040546]","[[285.38, 193.6, 139.57, 278.93], [302.32, 316.19, 20.62, 25.32], [10.84, 310.13, 317.49, 328.25], [279.98, 196.89, 32.32, 31.0], [181.54, 123.39, 179.91, 473.74]]"
1311,/home/pi/sambashare/BacArbeit/cocoval2017/000000539883.jpg,3.1814903599997706,"['62: tv', '65: remote', '73: book']","[62, 65, 73]","[0.7963897, 0.54700863, 0.2813413]","[[235.46, 104.38, 243.59, 224.96], [407.48, 340.66, 52.25, 23.9], [378.67, 320.06, 69.95, 39.76]]"
1312,/home/pi/sambashare/BacArbeit/cocoval2017/000000559513.jpg,3.1775585870000214,"['39: bottle', '41: cup']","[39, 41]","[0.88910276, 0.45249608]","[[165.88, 1, 113.68, 145.5], [1, 1.17, 77.8, 171.61]]"
1313,/home/pi/sambashare/BacArbeit/cocoval2017/000000114884.jpg,3.1757696120002947,"['0: person', '5: bus', '5: bus', '28: suitcase', '5: bus', '0: person', '0: person', '0: person', '5: bus', '0: person', '28: suitcase', '28: suitcase', '5: bus', '0: person', '0: person', '0: person', '28: suitcase', '0: person', '26: handbag', '0: person', '0: person', '26: handbag', '28: suitcase', '28: suitcase', '28: suitcase', '0: person', '26: handbag', '28: suitcase', '24: backpack', '5: bus', '26: handbag']","[0, 5, 5, 28, 5, 0, 0, 0, 5, 0, 28, 28, 5, 0, 0, 0, 28, 0, 26, 0, 0, 26, 28, 28, 28, 0, 26, 28, 24, 5, 26]","[0.93847096, 0.8937409, 0.8813214, 0.84442365, 0.837128, 0.81966573, 0.8023746, 0.7957138, 0.77937293, 0.727456, 0.72015876, 0.69494736, 0.6949404, 0.6805288, 0.6718439, 0.6670297, 0.6262657, 0.6034027, 0.5985948, 0.5843579, 0.5799679, 0.5263572, 0.5151875, 0.49238345, 0.46861574, 0.438291, 0.42709905, 0.37750787, 0.3224426, 0.31870317, 0.27462196]","[[323.58, 91.65, 173.34, 236.58], [1, 50.4, 119.93, 101.57], [86.08, 61.12, 99.06, 87.65], [68.66, 135.22, 31.21, 32.37], [218.04, 73.87, 52.29, 57.46], [296.25, 97.74, 33.0, 62.43], [156.81, 107.82, 17.63, 46.88], [48.41, 104.34, 22.2, 66.09], [178.28, 68.53, 47.27, 67.06], [470.55, 101.59, 23.14, 63.17], [196.9, 135.24, 14.6, 18.35], [345.27, 139.31, 18.57, 19.87], [258.44, 76.75, 38.17, 47.84], [370.48, 103.09, 19.21, 48.52], [108.36, 120.43, 29.19, 47.0], [178.53, 106.09, 25.25, 54.63], [348.94, 129.42, 20.06, 19.07], [6.1, 105.35, 27.28, 65.05], [6.4, 113.98, 23.82, 24.89], [28.46, 108.3, 17.76, 59.19], [325.9, 102.36, 19.92, 59.59], [330.76, 138.84, 17.21, 16.23], [114.66, 145.84, 24.2, 21.39], [176.81, 137.88, 25.57, 22.37], [380.62, 128.24, 17.09, 22.16], [338.61, 102.49, 14.31, 49.06], [192.37, 114.89, 12.71, 21.5], [310.35, 135.35, 19.02, 22.14], [163.3, 117.54, 11.16, 15.42], [289.26, 83.2, 46.27, 25.55], [465.15, 235.74, 28.7, 46.13]]"
1314,/home/pi/sambashare/BacArbeit/cocoval2017/000000004495.jpg,3.180362809000144,"['56: chair', '57: couch', '62: tv']","[56, 57, 62]","[0.95151, 0.9318281, 0.8705923]","[[2.48, 148.36, 152.37, 179.88], [201.06, 200.07, 294.76, 174.26], [191.04, 111.79, 69.72, 67.09]]"
1315,/home/pi/sambashare/BacArbeit/cocoval2017/000000554266.jpg,3.1889427939995585,"['59: bed', '60: dining table', '59: bed']","[59, 60, 59]","[0.34510753, 0.27551827, 0.25285575]","[[117.09, 130.26, 502.46, 110.06], [1.14, 229.36, 71.58, 22.87], [1, 159.77, 49.07, 70.39]]"
1316,/home/pi/sambashare/BacArbeit/cocoval2017/000000307598.jpg,3.1718106870002885,['6: train'],[6],[0.9279121],"[[83.21, 222.06, 460.91, 172.38]]"
1317,/home/pi/sambashare/BacArbeit/cocoval2017/000000303863.jpg,3.1776950819994454,"['6: train', '0: person', '0: person']","[6, 0, 0]","[0.6812239, 0.5087663, 0.3475708]","[[7.42, 88.44, 572.27, 273.72], [606.91, 202.27, 30.26, 95.01], [564.98, 206.19, 18.53, 42.65]]"
1318,/home/pi/sambashare/BacArbeit/cocoval2017/000000383337.jpg,3.197723457000393,"['54: donut', '54: donut', '0: person', '0: person', '0: person', '0: person', '54: donut', '41: cup']","[54, 54, 0, 0, 0, 0, 54, 41]","[0.7863101, 0.48965764, 0.46492365, 0.43743497, 0.38563976, 0.3385812, 0.27402228, 0.2581642]","[[83.87, 385.76, 113.13, 62.55], [336.06, 324.8, 90.53, 39.1], [170.74, 1.9, 469.1, 391.63], [333.08, 1, 107.32, 124.15], [434.79, 1, 114.2, 84.41], [221.75, 1, 145.03, 146.86], [94.27, 361.38, 100.95, 39.26], [436.79, 211.67, 112.24, 100.29]]"
1319,/home/pi/sambashare/BacArbeit/cocoval2017/000000466256.jpg,3.1870324470000924,"['42: fork', '42: fork']","[42, 42]","[0.8938188, 0.34754133]","[[113.99, 132.09, 247.7, 292.91], [1.01, 290.97, 149.84, 133.17]]"
1320,/home/pi/sambashare/BacArbeit/cocoval2017/000000426166.jpg,3.1838667470001383,"['1: bicycle', '74: clock']","[1, 74]","[0.9423393, 0.8575453]","[[105.79, 173.25, 150.92, 123.81], [390.79, 1, 15.34, 43.91]]"
1321,/home/pi/sambashare/BacArbeit/cocoval2017/000000345466.jpg,3.185838571000204,"['0: person', '35: baseball glove', '0: person', '0: person', '0: person', '0: person', '32: sports ball', '0: person']","[0, 35, 0, 0, 0, 0, 32, 0]","[0.95193076, 0.8891506, 0.84651583, 0.7741388, 0.70603186, 0.6809407, 0.60567975, 0.5913444]","[[113.88, 47.33, 288.84, 274.64], [287.9, 106.18, 37.61, 46.09], [377.8, 1, 79.01, 62.34], [80.43, 1, 107.19, 86.84], [1, 1, 58.04, 63.96], [430.84, 1, 69.01, 59.19], [126.8, 101.67, 10.19, 14.52], [167.77, 1, 79.65, 61.31]]"
1322,/home/pi/sambashare/BacArbeit/cocoval2017/000000473237.jpg,3.18136295199929,"['53: pizza', '0: person']","[53, 0]","[0.88154006, 0.5280589]","[[132.4, 266.76, 220.66, 111.15], [11.71, 2.38, 620.25, 421.1]]"
1323,/home/pi/sambashare/BacArbeit/cocoval2017/000000526728.jpg,3.1897633829994447,"['0: person', '0: person', '28: suitcase', '24: backpack', '28: suitcase', '28: suitcase', '28: suitcase', '2: car', '28: suitcase', '2: car', '28: suitcase', '27: tie']","[0, 0, 28, 24, 28, 28, 28, 2, 28, 2, 28, 27]","[0.91615754, 0.90960026, 0.9012356, 0.8922994, 0.84722, 0.8413552, 0.80780405, 0.6714397, 0.65802157, 0.60591394, 0.56718576, 0.5326699]","[[193.09, 142.14, 61.51, 136.08], [248.89, 150.12, 70.32, 128.72], [186.7, 268.92, 56.13, 105.71], [370.83, 315.53, 45.55, 59.19], [319.7, 298.11, 60.78, 76.09], [237.21, 273.83, 63.04, 100.92], [158.68, 291.06, 31.24, 80.82], [389.15, 171.59, 68.06, 26.68], [154.68, 247.84, 48.35, 66.85], [160.19, 170.07, 41.62, 19.95], [154.74, 205.78, 26.79, 35.23], [271.18, 183.11, 9.93, 21.11]]"
1324,/home/pi/sambashare/BacArbeit/cocoval2017/000000087875.jpg,3.1972703720002755,['10: fire hydrant'],[10],[0.9279782],"[[152.41, 168.56, 147.87, 317.24]]"
1325,/home/pi/sambashare/BacArbeit/cocoval2017/000000469067.jpg,3.2011226120002902,"['67: cell phone', '15: cat', '0: person']","[67, 15, 0]","[0.9207459, 0.69580746, 0.55903727]","[[513.46, 417.73, 46.76, 55.63], [375.35, 239.29, 178.92, 116.33], [2.07, 161.3, 606.18, 317.33]]"
1326,/home/pi/sambashare/BacArbeit/cocoval2017/000000226802.jpg,3.172882363000099,"['5: bus', '5: bus', '2: car', '0: person', '0: person', '5: bus', '0: person', '0: person', '0: person', '0: person', '0: person', '0: person', '2: car', '5: bus', '0: person', '5: bus', '0: person', '1: bicycle', '0: person', '0: person', '1: bicycle', '1: bicycle', '1: bicycle', '1: bicycle', '0: person', '0: person']","[5, 5, 2, 0, 0, 5, 0, 0, 0, 0, 0, 0, 2, 5, 0, 5, 0, 1, 0, 0, 1, 1, 1, 1, 0, 0]","[0.91332966, 0.89603436, 0.8872633, 0.8783956, 0.8083188, 0.805328, 0.7632953, 0.68783134, 0.63917124, 0.63746786, 0.62403744, 0.6148605, 0.6114634, 0.56755614, 0.53459376, 0.51991636, 0.49384063, 0.48605964, 0.45031655, 0.44187722, 0.3770846, 0.35745552, 0.34299067, 0.29818463, 0.28999656, 0.25814202]","[[239.08, 176.65, 79.07, 28.01], [370.22, 167.46, 71.28, 50.82], [515.69, 193.32, 54.76, 24.26], [111.38, 191.42, 25.12, 58.13], [22.1, 191.79, 21.78, 50.16], [327.53, 177.93, 36.88, 20.66], [447.3, 190.0, 15.81, 29.11], [56.27, 192.06, 16.75, 27.94], [592.42, 190.88, 18.48, 35.06], [332.34, 191.95, 11.5, 24.43], [488.21, 188.75, 9.69, 19.93], [315.85, 186.41, 11.08, 27.24], [563.68, 192.54, 64.51, 24.19], [438.75, 172.02, 36.68, 34.09], [471.73, 189.99, 11.1, 20.88], [60.95, 188.13, 35.05, 18.87], [380.13, 190.11, 17.47, 25.47], [285.79, 190.44, 14.56, 16.84], [294.86, 188.39, 10.86, 15.21], [505.52, 187.29, 22.43, 24.91], [447.43, 207.49, 14.06, 12.62], [316.41, 199.78, 9.1, 14.49], [365.29, 201.47, 31.91, 20.81], [325.9, 200.9, 16.6, 14.88], [472.57, 189.44, 22.37, 21.29], [16.48, 191.07, 8.99, 15.74]]"
1327,/home/pi/sambashare/BacArbeit/cocoval2017/000000197388.jpg,3.187440888999845,"['0: person', '0: person', '30: skis', '0: person', '0: person', '30: skis', '0: person']","[0, 0, 30, 0, 0, 30, 0]","[0.9281989, 0.91487414, 0.7956962, 0.78872585, 0.77433753, 0.76538986, 0.71951574]","[[1, 44.97, 89.59, 221.21], [368.12, 173.19, 270.37, 218.81], [1, 261.29, 108.43, 33.52], [168.63, 101.42, 194.52, 240.41], [286.64, 60.61, 77.65, 165.67], [139.41, 309.15, 256.73, 51.21], [537.41, 49.31, 102.41, 229.52]]"
1328,/home/pi/sambashare/BacArbeit/cocoval2017/000000551350.jpg,3.187589402999947,"['13: bench', '62: tv', '13: bench', '13: bench']","[13, 62, 13, 13]","[0.7271201, 0.5816829, 0.44185352, 0.3842619]","[[244.99, 185.41, 237.31, 197.35], [586.38, 159.2, 53.26, 134.91], [591.31, 75.5, 45.81, 28.89], [430.13, 235.69, 98.57, 146.79]]"
1329,/home/pi/sambashare/BacArbeit/cocoval2017/000000067896.jpg,3.1761589839998123,['74: clock'],[74],[0.8062378],"[[164.99, 54.5, 317.95, 324.35]]"
1330,/home/pi/sambashare/BacArbeit/cocoval2017/000000140640.jpg,3.1986108780001814,"['0: person', '0: person', '0: person', '55: cake', '43: knife', '43: knife', '55: cake', '43: knife', '55: cake', '58: potted plant', '55: cake', '55: cake', '39: bottle', '27: tie']","[0, 0, 0, 55, 43, 43, 55, 43, 55, 58, 55, 55, 39, 27]","[0.89755034, 0.8848582, 0.7716705, 0.73190284, 0.6326735, 0.60501873, 0.5944903, 0.50181055, 0.47676674, 0.45643646, 0.4321487, 0.39460444, 0.30732158, 0.2994734]","[[108.4, 65.2, 198.14, 359.45], [272.9, 61.8, 215.12, 362.06], [430.8, 89.27, 170.21, 289.64], [472.98, 360.79, 119.89, 64.86], [574.11, 280.07, 65.59, 52.63], [286.74, 375.25, 41.02, 23.09], [411.78, 394.11, 39.65, 31.3], [427.64, 356.74, 51.33, 25.47], [448.18, 397.38, 40.64, 28.4], [420.67, 1.71, 158.87, 189.45], [481.78, 395.1, 33.2, 30.54], [611.45, 390.72, 28.18, 31.33], [1, 306.97, 38.02, 118.04], [204.39, 189.98, 91.98, 211.57]]"
1331,/home/pi/sambashare/BacArbeit/cocoval2017/000000128372.jpg,3.195004352000069,"['0: person', '5: bus', '0: person', '0: person', '0: person', '0: person', '0: person', '26: handbag', '26: handbag', '0: person', '0: person', '0: person', '26: handbag', '0: person']","[0, 5, 0, 0, 0, 0, 0, 26, 26, 0, 0, 0, 26, 0]","[0.93448055, 0.9126694, 0.8651535, 0.8543587, 0.79481125, 0.7917991, 0.74989825, 0.67115486, 0.60271865, 0.5655539, 0.517343, 0.42540592, 0.3916885, 0.3480258]","[[378.76, 204.63, 69.29, 174.73], [1, 83.05, 412.49, 289.17], [531.79, 208.43, 47.5, 126.72], [442.84, 221.34, 34.68, 105.61], [609.52, 226.54, 21.21, 54.06], [595.46, 230.88, 16.37, 51.78], [576.95, 233.46, 17.85, 48.2], [588.18, 260.62, 10.08, 13.59], [529.55, 263.45, 18.46, 36.9], [433.13, 219.29, 20.73, 48.26], [633.32, 233.77, 6.65, 49.21], [188.48, 210.48, 18.96, 41.3], [444.84, 242.11, 16.05, 35.09], [306.68, 222.08, 15.49, 29.76]]"
1332,/home/pi/sambashare/BacArbeit/cocoval2017/000000401244.jpg,3.191504103000625,"['0: person', '29: frisbee']","[0, 29]","[0.9583912, 0.90877277]","[[101.38, 63.19, 214.93, 489.32], [174.47, 238.52, 96.22, 49.36]]"
1333,/home/pi/sambashare/BacArbeit/cocoval2017/000000325527.jpg,3.179218315000071,"['77: teddy bear', '60: dining table']","[77, 60]","[0.89312744, 0.2583873]","[[191.82, 135.28, 131.85, 143.49], [1, 204.41, 494.74, 168.01]]"
1334,/home/pi/sambashare/BacArbeit/cocoval2017/000000535094.jpg,3.1818754229998376,"['19: cow', '0: person', '67: cell phone', '0: person']","[19, 0, 67, 0]","[0.6300754, 0.6137183, 0.40176097, 0.28349292]","[[211.46, 77.17, 425.31, 348.19], [2.87, 6.67, 328.7, 408.21], [1, 1, 109.69, 61.54], [483.41, 1, 109.28, 88.86]]"
1335,/home/pi/sambashare/BacArbeit/cocoval2017/000000496954.jpg,3.183661457999733,"['42: fork', '55: cake', '39: bottle', '55: cake', '45: bowl']","[42, 55, 39, 55, 45]","[0.95678204, 0.90096164, 0.87119377, 0.8457578, 0.831146]","[[3.49, 187.25, 229.78, 292.75], [166.92, 192.83, 253.94, 227.85], [383.3, 1, 151.6, 182.98], [3.19, 1, 261.22, 133.38], [473.54, 72.07, 165.46, 253.81]]"
1336,/home/pi/sambashare/BacArbeit/cocoval2017/000000519764.jpg,3.1907670640002834,['15: cat'],[15],[0.5165654],"[[201.07, 116.61, 181.72, 137.56]]"
1337,/home/pi/sambashare/BacArbeit/cocoval2017/000000217219.jpg,3.185120015999928,['59: bed'],[59],[0.3830239],"[[1, 2.13, 639, 354.35]]"
1338,/home/pi/sambashare/BacArbeit/cocoval2017/000000262631.jpg,3.182599323999966,"['75: vase', '75: vase', '0: person']","[75, 75, 0]","[0.73884857, 0.5493762, 0.43155763]","[[74.88, 79.57, 287.79, 489.83], [337.74, 257.48, 107.5, 283.03], [62.05, 491.02, 34.03, 59.41]]"
1339,/home/pi/sambashare/BacArbeit/cocoval2017/000000048564.jpg,3.191583367000021,"['67: cell phone', '0: person', '56: chair']","[67, 0, 56]","[0.75103873, 0.59932905, 0.27366108]","[[95.65, 154.76, 45.79, 80.61], [4.68, 1, 422.32, 636.45], [1, 1.43, 77.26, 250.27]]"
1340,/home/pi/sambashare/BacArbeit/cocoval2017/000000184978.jpg,3.1692706499998167,"['0: person', '31: snowboard']","[0, 31]","[0.9290108, 0.44744876]","[[143.8, 294.22, 111.19, 188.55], [135.46, 466.45, 95.62, 26.15]]"
1341,/home/pi/sambashare/BacArbeit/cocoval2017/000000323895.jpg,3.1900895310000124,"['0: person', '38: tennis racket', '0: person', '0: person', '0: person']","[0, 38, 0, 0, 0]","[0.9406503, 0.8422262, 0.33984756, 0.2977773, 0.28822452]","[[316.6, 1, 145.34, 208.98], [449.62, 15.38, 41.59, 57.84], [63.25, 1, 34.79, 33.14], [97.38, 1, 86.67, 25.93], [1, 1, 33.55, 45.0]]"
1342,/home/pi/sambashare/BacArbeit/cocoval2017/000000382696.jpg,3.173488172999896,"['72: refrigerator', '71: sink', '69: oven']","[72, 71, 69]","[0.893227, 0.4544911, 0.28503788]","[[68.33, 79.47, 140.69, 284.39], [229.74, 189.96, 53.26, 13.33], [245.01, 172.3, 173.84, 186.39]]"
1343,/home/pi/sambashare/BacArbeit/cocoval2017/000000510095.jpg,3.200273346999893,"['0: person', '34: baseball bat']","[0, 34]","[0.93164605, 0.58452004]","[[420.7, 135.49, 119.17, 222.95], [516.69, 91.55, 21.3, 120.16]]"
1344,/home/pi/sambashare/BacArbeit/cocoval2017/000000130386.jpg,3.189566562999971,"['2: car', '13: bench', '0: person', '1: bicycle', '1: bicycle', '0: person', '13: bench', '1: bicycle', '12: parking meter', '0: person', '0: person', '67: cell phone']","[2, 13, 0, 1, 1, 0, 13, 1, 12, 0, 0, 67]","[0.8754059, 0.8606744, 0.79160213, 0.77495897, 0.7709736, 0.67820626, 0.6217977, 0.53278327, 0.47325578, 0.46095175, 0.45471352, 0.38201532]","[[171.96, 436.0, 54.73, 32.1], [113.49, 472.67, 45.72, 27.18], [45.67, 460.85, 37.49, 39.15], [340.11, 459.17, 31.65, 40.83], [272.19, 455.1, 24.66, 43.72], [34.45, 438.34, 7.19, 22.82], [52.29, 450.81, 18.47, 27.28], [261.14, 456.8, 25.34, 41.26], [197.17, 437.8, 4.78, 16.11], [27.54, 434.25, 7.86, 27.16], [366.43, 469.09, 8.42, 30.86], [56.9, 35.71, 203.06, 334.1]]"
1345,/home/pi/sambashare/BacArbeit/cocoval2017/000000002923.jpg,3.191615135000575,"['14: bird', '14: bird', '14: bird']","[14, 14, 14]","[0.80204123, 0.7369675, 0.4510079]","[[269.22, 242.1, 12.27, 15.44], [135.95, 236.65, 9.8, 15.61], [170.95, 159.19, 12.73, 7.84]]"
1346,/home/pi/sambashare/BacArbeit/cocoval2017/000000309678.jpg,3.1843670440002825,"['55: cake', '41: cup']","[55, 41]","[0.40318292, 0.29283166]","[[17.87, 35.55, 545.4, 289.86], [435.9, 1, 56.94, 34.69]]"
1347,/home/pi/sambashare/BacArbeit/cocoval2017/000000013774.jpg,3.185418741999456,"['0: person', '29: frisbee']","[0, 29]","[0.87972605, 0.7411786]","[[268.69, 280.11, 33.56, 87.21], [235.33, 209.36, 18.43, 17.81]]"
1348,/home/pi/sambashare/BacArbeit/cocoval2017/000000057149.jpg,3.1778022560001773,"['2: car', '9: traffic light', '6: train', '9: traffic light', '9: traffic light']","[2, 9, 6, 9, 9]","[0.8915608, 0.6336804, 0.5840675, 0.4419978, 0.26127633]","[[267.2, 256.89, 200.73, 169.64], [351.13, 145.49, 40.6, 16.27], [51.7, 202.98, 467.58, 105.23], [255.23, 168.34, 38.9, 14.8], [283.99, 171.69, 10.28, 10.16]]"
1349,/home/pi/sambashare/BacArbeit/cocoval2017/000000563349.jpg,3.1865215570005603,"['31: snowboard', '0: person']","[31, 0]","[0.9033779, 0.8724265]","[[359.58, 299.12, 31.26, 141.84], [185.95, 249.24, 182.3, 162.32]]"
1350,/home/pi/sambashare/BacArbeit/cocoval2017/000000227491.jpg,3.177919402999578,"['0: person', '39: bottle', '13: bench']","[0, 39, 13]","[0.928224, 0.6222506, 0.38034078]","[[137.92, 160.56, 183.03, 318.6], [308.75, 329.16, 28.76, 72.84], [45.45, 332.34, 504.33, 146.95]]"
1351,/home/pi/sambashare/BacArbeit/cocoval2017/000000047585.jpg,3.1866424859999825,"['0: person', '0: person', '0: person', '27: tie', '25: umbrella', '29: frisbee', '0: person', '0: person']","[0, 0, 0, 27, 25, 29, 0, 0]","[0.952678, 0.9454666, 0.9070835, 0.86246157, 0.612572, 0.37197453, 0.36629483, 0.252951]","[[56.24, 182.03, 191.4, 419.27], [182.86, 125.18, 173.04, 473.27], [355.0, 191.44, 68.68, 230.28], [243.46, 208.5, 29.38, 129.46], [27.67, 10.08, 338.55, 233.77], [70.4, 409.05, 45.2, 44.3], [351.57, 273.27, 22.28, 138.98], [405.5, 201.5, 18.32, 54.1]]"
1352,/home/pi/sambashare/BacArbeit/cocoval2017/000000420840.jpg,3.191924667999956,"['60: dining table', '0: person', '55: cake']","[60, 0, 55]","[0.7699684, 0.7672034, 0.69428706]","[[486.3, 205.38, 151.38, 215.09], [172.01, 6.87, 285.85, 415.99], [539.07, 267.51, 69.12, 42.24]]"
1353,/home/pi/sambashare/BacArbeit/cocoval2017/000000369751.jpg,3.1860126410001612,"['2: car', '12: parking meter', '12: parking meter', '12: parking meter', '11: stop sign', '12: parking meter', '12: parking meter', '12: parking meter', '2: car', '0: person', '2: car', '2: car']","[2, 12, 12, 12, 11, 12, 12, 12, 2, 0, 2, 2]","[0.9033946, 0.9003756, 0.88323605, 0.84925896, 0.81841594, 0.73722816, 0.72028834, 0.4420796, 0.40440485, 0.27989888, 0.2763695, 0.25387204]","[[112.61, 220.56, 134.78, 49.29], [151.12, 313.88, 53.01, 114.78], [105.17, 419.5, 95.24, 206.98], [237.56, 259.88, 37.23, 80.2], [256.86, 67.78, 62.42, 64.89], [252.04, 220.84, 26.85, 48.05], [268.88, 201.22, 22.26, 49.44], [273.52, 178.85, 19.94, 26.68], [311.81, 189.29, 113.28, 69.35], [31.94, 239.82, 9.77, 23.95], [235.28, 191.69, 97.46, 69.65], [298.26, 194.86, 37.24, 62.13]]"
1354,/home/pi/sambashare/BacArbeit/cocoval2017/000000186296.jpg,3.1767258380004932,"['15: cat', '25: umbrella']","[15, 25]","[0.8944519, 0.25059938]","[[43.0, 119.7, 532.85, 295.72], [2.22, 1, 495.3, 51.74]]"
1355,/home/pi/sambashare/BacArbeit/cocoval2017/000000255747.jpg,3.177337716000693,"['55: cake', '48: sandwich']","[55, 48]","[0.71409625, 0.34734777]","[[96.52, 87.11, 454.78, 330.2], [1.8, 4.75, 262.66, 189.74]]"
1356,/home/pi/sambashare/BacArbeit/cocoval2017/000000261888.jpg,3.1844326580003326,"['1: bicycle', '0: person', '17: horse', '17: horse', '24: backpack']","[1, 0, 17, 17, 24]","[0.9294907, 0.8741696, 0.8497755, 0.71837324, 0.6925055]","[[337.53, 254.06, 187.98, 138.18], [368.19, 143.22, 107.51, 247.08], [285.9, 233.58, 28.53, 58.93], [238.24, 230.6, 31.97, 62.28], [428.4, 178.28, 47.08, 62.82]]"
1357,/home/pi/sambashare/BacArbeit/cocoval2017/000000022371.jpg,3.1985983109998415,"['63: laptop', '27: tie', '0: person', '73: book']","[63, 27, 0, 73]","[0.9478385, 0.8915483, 0.84052384, 0.7781915]","[[1, 131.84, 195.89, 144.68], [167.32, 135.9, 32.98, 111.37], [90.57, 23.26, 282.95, 229.04], [385.65, 242.83, 39.02, 19.66]]"
1358,/home/pi/sambashare/BacArbeit/cocoval2017/000000133631.jpg,3.1817576009998447,['20: elephant'],[20],[0.8129562],"[[82.04, 40.77, 340.68, 546.68]]"
1359,/home/pi/sambashare/BacArbeit/cocoval2017/000000161781.jpg,3.192810744999406,"['0: person', '30: skis']","[0, 30]","[0.91432947, 0.8104779]","[[261.25, 23.5, 204.43, 335.5], [143.27, 335.03, 357.4, 45.86]]"
1360,/home/pi/sambashare/BacArbeit/cocoval2017/000000306139.jpg,3.187351144999411,"['0: person', '0: person', '0: person', '63: laptop', '0: person', '0: person', '56: chair', '56: chair', '63: laptop', '0: person', '0: person', '63: laptop', '39: bottle', '0: person', '63: laptop', '39: bottle', '26: handbag', '56: chair', '63: laptop', '63: laptop', '56: chair', '62: tv', '0: person']","[0, 0, 0, 63, 0, 0, 56, 56, 63, 0, 0, 63, 39, 0, 63, 39, 26, 56, 63, 63, 56, 62, 0]","[0.94829905, 0.91537774, 0.90663385, 0.88304424, 0.8740432, 0.86856407, 0.85694563, 0.8439284, 0.8360572, 0.8250971, 0.8195915, 0.811126, 0.77685016, 0.73314595, 0.69948465, 0.6389687, 0.59415275, 0.52185464, 0.37598276, 0.33132702, 0.32805, 0.32766837, 0.26241532]","[[352.59, 210.22, 213.8, 215.0], [471.94, 124.36, 128.49, 170.23], [276.29, 108.99, 80.9, 114.96], [260.7, 187.61, 93.95, 61.78], [150.33, 179.14, 185.1, 244.4], [337.92, 114.47, 95.29, 131.67], [65.42, 317.57, 136.75, 108.11], [575.08, 219.7, 57.01, 74.72], [293.68, 246.9, 76.62, 80.5], [133.09, 129.17, 81.47, 128.75], [340.68, 38.21, 56.06, 133.82], [374.37, 238.91, 42.83, 40.5], [555.7, 279.55, 22.31, 63.06], [1, 152.48, 68.01, 271.51], [506.77, 295.97, 132.66, 104.57], [593.85, 276.66, 32.06, 52.26], [117.87, 252.75, 76.13, 100.22], [122.94, 204.14, 16.34, 54.45], [249.68, 225.19, 29.21, 56.86], [430.62, 199.64, 44.41, 16.31], [142.6, 318.33, 215.14, 107.67], [113.58, 32.68, 91.12, 41.66], [145.06, 198.67, 61.99, 68.29]]"
1361,/home/pi/sambashare/BacArbeit/cocoval2017/000000124636.jpg,3.185869033999552,"['19: cow', '21: bear']","[19, 21]","[0.8458558, 0.7411043]","[[33.18, 58.46, 517.73, 354.74], [425.96, 190.04, 213.7, 202.0]]"
1362,/home/pi/sambashare/BacArbeit/cocoval2017/000000566042.jpg,3.1868330429997513,"['23: giraffe', '23: giraffe', '23: giraffe', '23: giraffe', '23: giraffe', '23: giraffe']","[23, 23, 23, 23, 23, 23]","[0.87993014, 0.74228764, 0.53267425, 0.4895682, 0.48061126, 0.34038976]","[[72.17, 203.41, 198.99, 128.98], [287.07, 35.1, 202.74, 181.21], [123.32, 143.4, 196.41, 172.41], [179.09, 217.73, 103.38, 112.66], [177.9, 26.27, 230.23, 204.18], [1.29, 241.43, 144.15, 90.62]]"
1363,/home/pi/sambashare/BacArbeit/cocoval2017/000000426795.jpg,3.19322300299973,"['0: person', '0: person', '77: teddy bear', '56: chair', '56: chair', '77: teddy bear']","[0, 0, 77, 56, 56, 77]","[0.8577577, 0.805767, 0.36394477, 0.28645837, 0.27614582, 0.27585247]","[[1, 110.78, 102.16, 64.41], [46.71, 20.16, 522.94, 458.66], [221.81, 213.7, 245.42, 263.35], [439.35, 254.53, 114.32, 100.22], [379.07, 308.99, 197.44, 170.18], [243.92, 214.28, 206.81, 139.58]]"
1364,/home/pi/sambashare/BacArbeit/cocoval2017/000000416269.jpg,3.1698005580001336,"['6: train', '0: person']","[6, 0]","[0.92592055, 0.46451777]","[[50.49, 106.27, 518.47, 234.03], [435.19, 160.62, 30.28, 18.54]]"
1365,/home/pi/sambashare/BacArbeit/cocoval2017/000000079144.jpg,3.181998322999789,"['21: bear', '21: bear']","[21, 21]","[0.9447864, 0.82722074]","[[135.52, 137.82, 136.15, 124.38], [252.34, 176.4, 89.4, 190.23]]"
1366,/home/pi/sambashare/BacArbeit/cocoval2017/000000343934.jpg,3.1795919109999886,"['3: motorcycle', '26: handbag']","[3, 26]","[0.81767076, 0.30933157]","[[146.57, 154.14, 353.4, 256.6], [441.63, 2.77, 42.97, 80.12]]"
1367,/home/pi/sambashare/BacArbeit/cocoval2017/000000057597.jpg,3.1832875879999847,"['0: person', '0: person', '0: person', '32: sports ball', '2: car', '0: person', '0: person', '0: person', '0: person', '0: person', '2: car', '0: person', '0: person', '0: person', '0: person', '0: person', '7: truck', '0: person', '0: person', '0: person', '0: person']","[0, 0, 0, 32, 2, 0, 0, 0, 0, 0, 2, 0, 0, 0, 0, 0, 7, 0, 0, 0, 0]","[0.93991476, 0.93128186, 0.908663, 0.898365, 0.6253796, 0.5915449, 0.4821758, 0.4817485, 0.46185866, 0.44464716, 0.43447793, 0.43169063, 0.4272037, 0.40690386, 0.3921278, 0.37726232, 0.3757238, 0.36561462, 0.3069877, 0.27321595, 0.2572944]","[[413.27, 167.37, 106.78, 165.06], [314.54, 153.47, 127.77, 165.19], [519.8, 131.79, 99.51, 148.24], [243.17, 286.71, 23.19, 23.83], [348.2, 104.33, 77.74, 30.32], [174.62, 121.01, 14.95, 40.92], [23.07, 86.4, 12.46, 24.64], [149.86, 141.99, 20.0, 18.69], [40.15, 86.95, 16.37, 25.37], [221.94, 121.3, 12.31, 35.83], [518.36, 115.37, 32.95, 12.73], [258.68, 122.02, 13.46, 25.67], [200.97, 120.35, 14.86, 42.08], [314.5, 91.78, 15.12, 25.84], [96.0, 88.23, 13.41, 31.59], [178.23, 94.19, 16.4, 29.56], [222.97, 77.33, 90.46, 49.69], [313.61, 90.42, 43.65, 25.45], [137.56, 89.34, 13.94, 28.7], [332.12, 91.45, 18.43, 27.45], [281.82, 103.37, 24.65, 40.58]]"
1368,/home/pi/sambashare/BacArbeit/cocoval2017/000000117492.jpg,3.1862146479998046,"['0: person', '0: person', '0: person', '0: person', '0: person', '0: person', '0: person', '0: person', '0: person', '56: chair', '0: person', '0: person', '0: person', '26: handbag', '60: dining table', '56: chair', '39: bottle', '56: chair', '56: chair', '0: person', '0: person']","[0, 0, 0, 0, 0, 0, 0, 0, 0, 56, 0, 0, 0, 26, 60, 56, 39, 56, 56, 0, 0]","[0.87658286, 0.7824109, 0.7722973, 0.7563992, 0.75578064, 0.71209776, 0.65301883, 0.5657238, 0.55465126, 0.54789865, 0.49847925, 0.46119946, 0.40270084, 0.3988902, 0.3610613, 0.31722134, 0.29514194, 0.2884879, 0.27946424, 0.26521683, 0.25472698]","[[38.94, 220.52, 196.75, 206.86], [34.78, 197.8, 69.81, 110.89], [184.99, 198.63, 107.06, 228.81], [374.89, 130.24, 49.71, 161.29], [285.58, 137.82, 55.71, 173.14], [575.16, 144.8, 62.65, 120.26], [470.55, 185.56, 45.86, 88.72], [438.5, 169.44, 36.19, 115.75], [415.62, 217.03, 32.76, 82.97], [1, 206.77, 33.3, 59.35], [329.68, 168.73, 37.25, 111.89], [1, 170.38, 51.75, 77.08], [216.23, 157.23, 72.9, 124.88], [33.24, 289.0, 46.12, 40.43], [106.83, 188.33, 36.32, 26.85], [83.34, 178.0, 24.59, 37.24], [1, 298.67, 9.21, 29.22], [128.78, 187.53, 43.96, 42.26], [176.67, 173.75, 25.76, 29.34], [565.05, 141.0, 15.06, 49.76], [529.04, 163.88, 40.52, 55.1]]"
1369,/home/pi/sambashare/BacArbeit/cocoval2017/000000056127.jpg,3.1815495350001584,"['41: cup', '41: cup', '41: cup', '69: oven', '63: laptop', '71: sink', '41: cup']","[41, 41, 41, 69, 63, 71, 41]","[0.75972223, 0.6929151, 0.6731819, 0.6433887, 0.4711585, 0.4313098, 0.42310244]","[[49.09, 279.84, 25.01, 27.94], [70.3, 280.31, 19.67, 25.2], [86.43, 281.95, 18.95, 23.14], [128.19, 321.05, 115.91, 148.08], [486.41, 561.08, 92.86, 78.05], [343.14, 321.89, 138.29, 19.59], [96.43, 319.49, 30.66, 38.86]]"
1370,/home/pi/sambashare/BacArbeit/cocoval2017/000000037777.jpg,3.1807285770000817,"['56: chair', '72: refrigerator', '60: dining table', '69: oven', '39: bottle', '72: refrigerator', '56: chair', '45: bowl', '46: banana', '56: chair', '47: apple', '74: clock', '71: sink']","[56, 72, 60, 69, 39, 72, 56, 45, 46, 56, 47, 74, 71]","[0.8621433, 0.85169446, 0.76339424, 0.6314542, 0.5130109, 0.5000687, 0.44275188, 0.43742883, 0.4010118, 0.3388991, 0.30532247, 0.29913563, 0.2666643]","[[116.56, 189.22, 49.04, 24.47], [297.11, 76.39, 54.53, 153.02], [81.88, 172.35, 213.65, 56.94], [138.25, 126.88, 58.86, 63.64], [195.72, 121.34, 6.49, 12.67], [111.14, 90.51, 84.48, 103.52], [241.84, 179.87, 52.01, 49.2], [204.97, 182.19, 56.38, 35.34], [232.52, 187.19, 25.08, 19.11], [24.68, 214.95, 63.71, 14.9], [217.39, 200.6, 14.43, 13.73], [180.12, 1, 28.49, 7.17], [265.22, 134.77, 35.43, 4.34]]"
1371,/home/pi/sambashare/BacArbeit/cocoval2017/000000491071.jpg,3.1894813279996015,"['71: sink', '71: sink']","[71, 71]","[0.85517484, 0.8339777]","[[5.42, 407.95, 129.35, 48.55], [278.1, 407.99, 134.58, 49.25]]"
1372,/home/pi/sambashare/BacArbeit/cocoval2017/000000017899.jpg,3.1936917800003357,"['41: cup', '57: couch', '41: cup', '0: person', '39: bottle', '56: chair', '60: dining table', '42: fork', '45: bowl', '43: knife', '55: cake', '56: chair', '43: knife', '55: cake']","[41, 57, 41, 0, 39, 56, 60, 42, 45, 43, 55, 56, 43, 55]","[0.9367083, 0.9303136, 0.8937689, 0.8286776, 0.6151284, 0.55925536, 0.53466636, 0.48836282, 0.47449592, 0.37911543, 0.33772773, 0.33600196, 0.2715896, 0.2698963]","[[413.01, 489.52, 66.81, 117.47], [355.09, 92.9, 123.97, 135.37], [419.32, 430.77, 60.51, 64.86], [1, 12.21, 235.49, 415.57], [1, 417.2, 25.74, 87.77], [1, 320.68, 121.53, 114.63], [4.15, 264.49, 474.85, 367.95], [428.87, 416.62, 50.91, 22.51], [442.55, 307.55, 37.26, 97.64], [167.5, 362.58, 65.07, 24.0], [350.22, 362.55, 23.91, 23.15], [121.19, 293.14, 46.11, 72.99], [120.45, 364.46, 63.75, 17.38], [371.43, 364.58, 32.34, 23.73]]"
1373,/home/pi/sambashare/BacArbeit/cocoval2017/000000223959.jpg,3.1886795579994214,"['0: person', '38: tennis racket']","[0, 38]","[0.91614264, 0.892652]","[[149.04, 25.28, 163.96, 603.26], [134.15, 8.11, 54.97, 236.49]]"
1374,/home/pi/sambashare/BacArbeit/cocoval2017/000000261116.jpg,3.1843015310005285,"['42: fork', '0: person', '55: cake', '0: person', '0: person', '45: bowl', '0: person', '42: fork', '35: baseball glove']","[42, 0, 55, 0, 0, 45, 0, 42, 35]","[0.8573627, 0.84783596, 0.6331244, 0.48103532, 0.37511718, 0.32409337, 0.27213117, 0.26630187, 0.25765592]","[[255.33, 129.79, 103.54, 63.45], [1, 226.15, 168.08, 148.24], [1, 1, 148.88, 94.32], [346.59, 205.32, 153.41, 169.19], [1.22, 282.79, 86.12, 91.47], [399.86, 92.16, 98.29, 116.78], [1, 299.07, 74.23, 28.23], [444.22, 164.6, 55.54, 23.58], [342.56, 332.14, 64.01, 42.56]]"
1375,/home/pi/sambashare/BacArbeit/cocoval2017/000000104198.jpg,3.1849937010001668,['11: stop sign'],[11],[0.9445209],"[[287.08, 121.56, 209.42, 194.73]]"
1376,/home/pi/sambashare/BacArbeit/cocoval2017/000000152214.jpg,3.1804509209996468,"['27: tie', '0: person']","[27, 0]","[0.91180277, 0.8125845]","[[190.82, 365.9, 92.88, 273.04], [70.74, 1, 409.26, 639]]"
1377,/home/pi/sambashare/BacArbeit/cocoval2017/000000279145.jpg,3.1770944769996277,"['13: bench', '15: cat', '58: potted plant', '58: potted plant', '58: potted plant', '75: vase', '58: potted plant', '58: potted plant', '58: potted plant']","[13, 15, 58, 58, 58, 75, 58, 58, 58]","[0.8321564, 0.6776789, 0.6679688, 0.5387973, 0.47798753, 0.41914207, 0.34698752, 0.33843452, 0.25243035]","[[191.83, 146.82, 280.84, 233.97], [101.65, 327.99, 105.72, 140.84], [279.88, 315.72, 210.14, 164.28], [1, 19.45, 165.94, 420.6], [440.59, 2.71, 199.41, 455.93], [383.29, 445.63, 93.73, 34.11], [501.33, 170.03, 138.67, 287.96], [138.89, 28.17, 148.13, 225.13], [398.04, 59.0, 73.73, 101.82]]"
1378,/home/pi/sambashare/BacArbeit/cocoval2017/000000505451.jpg,3.1938184569999066,['0: person'],[0],[0.56627],"[[198.75, 130.56, 55.59, 36.62]]"
1379,/home/pi/sambashare/BacArbeit/cocoval2017/000000414385.jpg,3.190778150999904,"['2: car', '0: person', '2: car', '2: car', '2: car', '36: skateboard']","[2, 0, 2, 2, 2, 36]","[0.92537785, 0.8975713, 0.867599, 0.8568393, 0.778117, 0.65913284]","[[1, 269.84, 74.34, 52.42], [402.16, 251.45, 66.09, 126.36], [94.25, 279.47, 37.09, 25.73], [150.08, 276.49, 68.72, 49.49], [124.48, 279.44, 27.89, 22.47], [430.02, 368.15, 38.59, 16.23]]"
1380,/home/pi/sambashare/BacArbeit/cocoval2017/000000105455.jpg,3.1816265259994907,"['74: clock', '74: clock', '2: car', '13: bench', '2: car', '2: car', '0: person', '2: car']","[74, 74, 2, 13, 2, 2, 0, 2]","[0.86346835, 0.8615912, 0.76922673, 0.60195684, 0.49930406, 0.43695062, 0.43080002, 0.26659107]","[[127.82, 150.67, 55.12, 57.18], [188.23, 150.99, 30.37, 68.42], [333.11, 517.97, 18.54, 13.97], [394.53, 530.64, 32.16, 24.88], [297.77, 517.06, 26.3, 17.59], [283.7, 518.43, 22.98, 18.56], [1, 517.39, 17.1, 73.3], [250.76, 523.53, 21.74, 17.09]]"
1381,/home/pi/sambashare/BacArbeit/cocoval2017/000000308587.jpg,3.1777817619995403,"['33: kite', '33: kite', '33: kite', '37: surfboard', '0: person', '0: person', '0: person', '0: person', '0: person', '0: person', '0: person']","[33, 33, 33, 37, 0, 0, 0, 0, 0, 0, 0]","[0.90774626, 0.90677005, 0.9028602, 0.7811884, 0.65442044, 0.59919906, 0.55766046, 0.5128702, 0.38211295, 0.34769875, 0.32733902]","[[362.14, 122.67, 29.36, 38.49], [261.67, 173.66, 40.7, 36.73], [53.27, 245.16, 23.71, 36.01], [1, 433.38, 25.99, 17.89], [111.22, 367.36, 10.95, 16.59], [361.54, 342.35, 4.36, 11.02], [93.69, 349.18, 5.54, 10.36], [270.51, 352.33, 6.66, 12.13], [446.78, 319.01, 3.57, 10.98], [421.68, 324.05, 3.45, 6.39], [354.82, 325.09, 3.28, 6.11]]"
1382,/home/pi/sambashare/BacArbeit/cocoval2017/000000445248.jpg,3.18093762800072,"['20: elephant', '20: elephant', '20: elephant', '20: elephant']","[20, 20, 20, 20]","[0.93303376, 0.91985404, 0.8523714, 0.2568346]","[[336.37, 56.06, 260.19, 261.55], [31.08, 69.87, 324.94, 251.99], [309.03, 102.82, 135.86, 279.26], [1, 107.8, 36.71, 140.41]]"
1383,/home/pi/sambashare/BacArbeit/cocoval2017/000000453166.jpg,3.1935323939997033,"['0: person', '0: person', '0: person', '0: person', '27: tie', '27: tie', '27: tie', '27: tie']","[0, 0, 0, 0, 27, 27, 27, 27]","[0.94215363, 0.9387852, 0.9297628, 0.92639095, 0.8658111, 0.7749558, 0.77077883, 0.7202914]","[[3.07, 59.4, 171.34, 365.6], [452.66, 47.0, 162.8, 375.03], [163.71, 44.54, 160.05, 380.46], [315.62, 46.79, 149.09, 377.19], [86.62, 144.94, 23.13, 79.55], [247.96, 115.23, 13.94, 36.23], [370.63, 118.16, 17.13, 34.35], [505.75, 116.94, 10.81, 20.03]]"
1384,/home/pi/sambashare/BacArbeit/cocoval2017/000000474881.jpg,3.1773309349991905,"['18: sheep', '18: sheep', '18: sheep', '18: sheep', '18: sheep']","[18, 18, 18, 18, 18]","[0.9125128, 0.8928979, 0.80502975, 0.7425864, 0.28474525]","[[62.65, 50.61, 131.11, 121.81], [237.05, 119.94, 167.0, 161.34], [108.64, 126.44, 144.58, 111.76], [261.3, 177.64, 108.09, 115.08], [224.93, 218.67, 72.47, 54.34]]"
1385,/home/pi/sambashare/BacArbeit/cocoval2017/000000236426.jpg,3.174498806999509,"['0: person', '0: person', '32: sports ball', '0: person', '38: tennis racket', '0: person', '0: person', '0: person', '0: person', '0: person', '0: person', '0: person', '0: person', '0: person', '0: person', '0: person', '56: chair']","[0, 0, 32, 0, 38, 0, 0, 0, 0, 0, 0, 0, 0, 0, 0, 0, 56]","[0.9427333, 0.91837704, 0.81232905, 0.73540807, 0.732874, 0.6607179, 0.65240693, 0.6311223, 0.59087896, 0.5801564, 0.49126828, 0.45695895, 0.38689166, 0.3749798, 0.36624745, 0.35312927, 0.3117915]","[[258.83, 64.63, 146.38, 215.09], [21.81, 96.32, 97.18, 131.74], [158.43, 229.0, 11.07, 10.81], [102.33, 37.75, 43.35, 26.51], [360.66, 85.58, 22.48, 24.28], [50.21, 2.38, 51.35, 60.05], [297.82, 28.45, 50.46, 35.54], [155.87, 32.7, 39.6, 32.1], [51.16, 31.01, 44.14, 33.08], [624.06, 14.78, 15.62, 45.2], [102.05, 2.53, 48.23, 59.93], [13.76, 1, 45.77, 41.36], [251.83, 23.17, 45.45, 41.1], [294.83, 1, 48.06, 53.41], [451.71, 1, 60.65, 36.32], [201.66, 27.65, 48.78, 36.61], [9.13, 39.09, 42.83, 24.88]]"
1386,/home/pi/sambashare/BacArbeit/cocoval2017/000000264535.jpg,3.1941925820001416,"['0: person', '0: person', '0: person', '13: bench', '0: person', '2: car']","[0, 0, 0, 13, 0, 2]","[0.9585823, 0.85262483, 0.74287, 0.7077932, 0.65509194, 0.27923682]","[[374.77, 160.59, 218.03, 328.96], [573.56, 240.11, 20.67, 52.73], [502.86, 240.09, 16.04, 52.91], [23.94, 252.16, 546.2, 337.79], [473.87, 240.92, 15.22, 29.43], [106.61, 217.5, 49.07, 21.46]]"
1387,/home/pi/sambashare/BacArbeit/cocoval2017/000000403584.jpg,3.18134366600043,"['0: person', '0: person', '37: surfboard', '0: person', '37: surfboard', '0: person', '0: person', '0: person', '37: surfboard', '37: surfboard', '37: surfboard']","[0, 0, 37, 0, 37, 0, 0, 0, 37, 37, 37]","[0.85213697, 0.7291798, 0.69510555, 0.67342526, 0.618282, 0.46690378, 0.44708022, 0.4269194, 0.3646334, 0.29319525, 0.27444077]","[[308.7, 249.32, 67.51, 202.14], [244.11, 239.74, 56.76, 193.31], [279.34, 286.73, 157.84, 82.16], [141.93, 267.3, 23.26, 83.26], [126.05, 287.1, 209.43, 56.96], [63.94, 312.0, 7.87, 18.68], [143.71, 266.66, 22.34, 41.47], [107.16, 317.66, 13.56, 14.17], [125.29, 271.91, 313.34, 86.03], [207.73, 260.34, 128.46, 132.75], [310.09, 277.93, 71.22, 93.93]]"
1388,/home/pi/sambashare/BacArbeit/cocoval2017/000000282296.jpg,3.186301464999815,"['72: refrigerator', '39: bottle', '39: bottle', '28: suitcase', '59: bed', '39: bottle']","[72, 39, 39, 28, 59, 39]","[0.9133504, 0.78884923, 0.6341246, 0.44368395, 0.41636306, 0.30820325]","[[87.51, 39.3, 271.49, 517.58], [12.61, 553.17, 49.89, 86.49], [1, 585.76, 41.3, 53.84], [1, 104.25, 110.42, 274.87], [461.88, 188.85, 17.98, 106.79], [1, 624.65, 22.18, 15.31]]"
1389,/home/pi/sambashare/BacArbeit/cocoval2017/000000214224.jpg,3.200714966000305,"['39: bottle', '39: bottle', '39: bottle', '39: bottle', '39: bottle', '45: bowl']","[39, 39, 39, 39, 39, 45]","[0.85411906, 0.8385667, 0.8091883, 0.785251, 0.59947425, 0.5581217]","[[333.32, 276.32, 34.05, 103.57], [237.62, 231.58, 47.09, 128.81], [195.05, 233.63, 44.14, 124.58], [283.18, 232.2, 44.99, 136.19], [375.84, 259.63, 36.21, 117.07], [164.07, 354.85, 134.73, 23.23]]"
1390,/home/pi/sambashare/BacArbeit/cocoval2017/000000444142.jpg,3.1938645469999756,"['0: person', '38: tennis racket', '56: chair', '56: chair', '0: person', '56: chair', '56: chair', '56: chair', '56: chair', '56: chair', '56: chair']","[0, 38, 56, 56, 0, 56, 56, 56, 56, 56, 56]","[0.94431764, 0.89320815, 0.82839864, 0.67230415, 0.5023403, 0.34326687, 0.30530277, 0.27831295, 0.2686599, 0.2638525, 0.25250122]","[[101.84, 36.0, 162.78, 555.81], [106.88, 31.79, 65.19, 162.01], [35.62, 262.09, 66.31, 25.79], [1.11, 4.73, 65.94, 123.99], [1, 266.62, 11.1, 23.46], [411.71, 81.59, 15.07, 24.86], [391.18, 106.25, 35.81, 31.28], [361.36, 130.07, 60.55, 74.96], [328.09, 46.13, 49.52, 39.87], [301.71, 66.44, 51.97, 41.91], [367.47, 63.62, 52.81, 42.3]]"
1391,/home/pi/sambashare/BacArbeit/cocoval2017/000000060886.jpg,3.1814541199992163,"['0: person', '0: person', '0: person', '0: person', '0: person', '0: person', '0: person', '0: person', '0: person', '0: person', '32: sports ball', '0: person', '0: person', '0: person', '0: person', '0: person', '0: person', '0: person', '0: person', '35: baseball glove', '0: person', '0: person']","[0, 0, 0, 0, 0, 0, 0, 0, 0, 0, 32, 0, 0, 0, 0, 0, 0, 0, 0, 35, 0, 0]","[0.89549357, 0.88004273, 0.85963726, 0.8515878, 0.8429497, 0.84203213, 0.8050689, 0.79513156, 0.7759632, 0.77289, 0.62155926, 0.6067927, 0.5640335, 0.51043946, 0.48774806, 0.46357453, 0.43733224, 0.42731768, 0.40478668, 0.3928936, 0.35337162, 0.25542185]","[[297.06, 155.01, 45.97, 82.75], [93.34, 138.89, 38.35, 80.29], [13.69, 1, 26.65, 55.13], [254.36, 1.86, 37.11, 61.47], [243.08, 154.14, 37.58, 82.04], [474.05, 38.64, 24.52, 63.39], [269.67, 149.04, 40.13, 83.17], [179.07, 1, 30.13, 36.18], [174.06, 150.43, 42.8, 87.19], [98.88, 1, 25.92, 32.72], [337.08, 61.58, 9.06, 6.83], [153.68, 1, 19.1, 22.61], [202.9, 150.22, 33.34, 84.99], [291.15, 1, 22.59, 28.68], [355.5, 1, 20.8, 29.67], [220.33, 157.68, 30.25, 77.47], [327.26, 1, 16.63, 28.55], [51.92, 1, 14.77, 17.9], [206.05, 154.54, 70.77, 80.96], [122.47, 165.73, 8.9, 9.33], [92.27, 1, 13.46, 19.73], [236.58, 131.25, 31.01, 26.24]]"
1392,/home/pi/sambashare/BacArbeit/cocoval2017/000000535523.jpg,3.1791497499998513,"['56: chair', '0: person', '0: person']","[56, 0, 0]","[0.69597137, 0.69434357, 0.5876193]","[[80.81, 106.41, 152.68, 175.82], [1, 2.44, 89.41, 324.67], [78.46, 1, 137.92, 170.01]]"
1393,/home/pi/sambashare/BacArbeit/cocoval2017/000000099114.jpg,3.1864630829995804,"['0: person', '0: person', '0: person', '0: person', '9: traffic light', '0: person', '0: person', '1: bicycle', '0: person', '0: person', '12: parking meter', '0: person', '26: handbag', '24: backpack', '0: person', '0: person', '0: person', '0: person', '0: person']","[0, 0, 0, 0, 9, 0, 0, 1, 0, 0, 12, 0, 26, 24, 0, 0, 0, 0, 0]","[0.92217493, 0.89717305, 0.8786533, 0.805785, 0.78340036, 0.76952827, 0.7011944, 0.67864764, 0.627799, 0.61223155, 0.606203, 0.5884846, 0.58720547, 0.54018784, 0.47713503, 0.36283025, 0.29991287, 0.28990793, 0.2677876]","[[73.56, 150.25, 43.92, 85.37], [309.51, 165.34, 33.15, 81.07], [148.33, 166.62, 41.75, 73.83], [359.05, 166.88, 25.66, 86.34], [241.72, 66.98, 18.52, 34.26], [447.91, 160.49, 18.58, 54.55], [346.35, 163.86, 11.06, 29.53], [194.02, 173.61, 33.26, 30.93], [175.83, 153.54, 21.0, 45.67], [157.25, 148.94, 17.16, 35.18], [280.4, 55.47, 28.2, 44.51], [405.83, 161.87, 13.93, 42.78], [362.0, 218.06, 19.36, 27.84], [106.04, 166.41, 10.52, 28.74], [426.69, 166.28, 11.34, 40.07], [465.21, 163.99, 13.49, 46.02], [187.46, 154.0, 12.28, 25.15], [478.53, 173.22, 13.72, 39.07], [330.01, 161.27, 10.41, 23.05]]"
1394,/home/pi/sambashare/BacArbeit/cocoval2017/000000106389.jpg,3.1893074990002788,"['15: cat', '56: chair', '73: book', '73: book', '73: book', '74: clock', '73: book', '73: book', '13: bench']","[15, 56, 73, 73, 73, 74, 73, 73, 13]","[0.92538285, 0.6298843, 0.5319764, 0.48060313, 0.41397762, 0.36638066, 0.35122758, 0.33767492, 0.33275464]","[[90.08, 83.64, 146.32, 188.7], [1.09, 61.93, 313.63, 416.88], [507.22, 119.22, 74.02, 29.52], [527.52, 72.09, 103.34, 21.02], [501.7, 138.0, 78.39, 26.84], [6.6, 40.35, 114.28, 45.71], [524.51, 91.4, 84.3, 18.45], [521.14, 106.4, 70.66, 23.89], [529.96, 324.74, 109.27, 155.26]]"
1395,/home/pi/sambashare/BacArbeit/cocoval2017/000000554579.jpg,3.183193523999762,"['16: dog', '0: person', '0: person', '36: skateboard', '26: handbag', '0: person']","[16, 0, 0, 36, 26, 0]","[0.95785743, 0.8995897, 0.89331234, 0.7437723, 0.71705616, 0.6474183]","[[195.99, 345.3, 267.41, 258.41], [2.65, 62.93, 191.03, 504.4], [175.82, 71.23, 154.61, 356.97], [1, 578.51, 52.51, 60.92], [363.01, 278.97, 65.49, 56.0], [302.05, 80.89, 190.3, 401.79]]"
1396,/home/pi/sambashare/BacArbeit/cocoval2017/000000070739.jpg,3.1814018960003523,"['0: person', '0: person', '40: wine glass', '62: tv', '0: person', '0: person']","[0, 0, 40, 62, 0, 0]","[0.81290317, 0.76169795, 0.69733256, 0.49941266, 0.36397183, 0.29930443]","[[222.86, 131.16, 403.57, 348.84], [1.66, 1, 266.75, 477.77], [536.53, 286.58, 99.32, 191.67], [16.65, 173.82, 63.39, 106.18], [594.74, 196.42, 44.65, 252.97], [541.68, 285.61, 79.07, 75.55]]"
1397,/home/pi/sambashare/BacArbeit/cocoval2017/000000377575.jpg,3.177351142000589,"['21: bear', '10: fire hydrant']","[21, 10]","[0.78255814, 0.36485067]","[[61.12, 176.86, 224.19, 430.12], [231.75, 190.67, 97.07, 299.62]]"
1398,/home/pi/sambashare/BacArbeit/cocoval2017/000000171050.jpg,3.1764776030004214,['10: fire hydrant'],[10],[0.9463734],"[[172.77, 255.68, 293.61, 383.11]]"
1399,/home/pi/sambashare/BacArbeit/cocoval2017/000000189310.jpg,3.1806816409998646,"['56: chair', '41: cup', '59: bed']","[56, 41, 59]","[0.92437375, 0.872237, 0.49745584]","[[190.61, 350.55, 110.69, 118.16], [427.6, 387.04, 211.1, 92.31], [1, 402.02, 38.98, 77.53]]"
1400,/home/pi/sambashare/BacArbeit/cocoval2017/000000452122.jpg,3.185150550999424,['4: airplane'],[4],[0.9281076],"[[76.5, 130.25, 475.2, 142.59]]"
1401,/home/pi/sambashare/BacArbeit/cocoval2017/000000167128.jpg,3.194947883000168,"['20: elephant', '20: elephant']","[20, 20]","[0.9090131, 0.76519763]","[[302.29, 243.68, 161.06, 181.59], [104.27, 2.94, 527.31, 422.05]]"
1402,/home/pi/sambashare/BacArbeit/cocoval2017/000000492110.jpg,3.180410801999642,"['41: cup', '63: laptop', '67: cell phone', '0: person', '56: chair', '56: chair', '56: chair', '0: person', '60: dining table', '60: dining table', '44: spoon', '0: person', '56: chair']","[41, 63, 67, 0, 56, 56, 56, 0, 60, 60, 44, 0, 56]","[0.9327536, 0.93135077, 0.9247649, 0.8765405, 0.83924747, 0.79231805, 0.62323827, 0.6083885, 0.5864275, 0.5192305, 0.39509013, 0.27743313, 0.26519865]","[[160.02, 367.47, 112.11, 59.52], [71.85, 208.96, 272.96, 183.26], [333.63, 360.89, 94.5, 42.39], [253.26, 2.15, 299.35, 398.88], [509.73, 265.73, 104.92, 160.44], [1, 206.19, 54.3, 152.27], [234.53, 188.23, 69.79, 93.04], [52.96, 122.85, 70.9, 102.84], [3.33, 321.41, 488.23, 103.5], [161.67, 172.31, 137.06, 20.17], [266.05, 412.28, 86.86, 14.36], [79.07, 104.78, 32.27, 32.48], [118.29, 181.45, 108.64, 80.46]]"
1403,/home/pi/sambashare/BacArbeit/cocoval2017/000000166287.jpg,3.18092257599983,"['19: cow', '19: cow', '14: bird', '19: cow', '14: bird', '14: bird', '14: bird', '14: bird', '14: bird', '14: bird', '14: bird', '14: bird', '14: bird', '14: bird', '14: bird', '14: bird', '14: bird', '14: bird', '14: bird', '14: bird', '14: bird', '14: bird']","[19, 19, 14, 19, 14, 14, 14, 14, 14, 14, 14, 14, 14, 14, 14, 14, 14, 14, 14, 14, 14, 14]","[0.90064865, 0.8730128, 0.833633, 0.8333337, 0.82333404, 0.7786508, 0.76597714, 0.74927175, 0.73402894, 0.73012614, 0.72875404, 0.6995461, 0.6993699, 0.6991723, 0.6679829, 0.6535574, 0.6413507, 0.6122943, 0.34382588, 0.29574856, 0.2827961, 0.26159543]","[[151.73, 223.35, 110.42, 87.5], [533.08, 211.73, 51.23, 93.74], [276.99, 33.87, 36.41, 33.13], [222.54, 188.5, 129.52, 121.38], [587.42, 168.25, 43.71, 18.07], [449.11, 55.95, 28.76, 12.42], [152.12, 147.26, 30.02, 10.45], [392.67, 178.26, 34.88, 13.8], [477.33, 118.32, 42.5, 8.6], [208.86, 154.12, 35.92, 14.88], [10.52, 108.36, 21.8, 11.88], [598.26, 206.4, 22.66, 23.08], [28.87, 180.53, 38.61, 27.53], [28.65, 158.03, 28.67, 9.85], [251.43, 150.91, 33.87, 13.87], [90.34, 133.72, 31.78, 8.2], [359.09, 171.24, 31.31, 8.84], [407.66, 290.94, 25.02, 18.64], [433.82, 287.7, 24.52, 17.45], [339.34, 189.7, 28.64, 21.59], [345.68, 189.81, 22.18, 11.0], [481.57, 289.01, 22.42, 16.98]]"
1404,/home/pi/sambashare/BacArbeit/cocoval2017/000000406611.jpg,3.1897505409997393,"['0: person', '0: person', '0: person', '0: person', '0: person', '0: person', '0: person', '0: person', '30: skis', '0: person', '0: person', '0: person', '0: person', '0: person', '0: person', '0: person', '0: person', '0: person', '0: person', '30: skis', '0: person', '30: skis', '0: person', '0: person']","[0, 0, 0, 0, 0, 0, 0, 0, 30, 0, 0, 0, 0, 0, 0, 0, 0, 0, 0, 30, 0, 30, 0, 0]","[0.8643147, 0.811064, 0.78807664, 0.7047885, 0.6736658, 0.67309403, 0.62377965, 0.6154713, 0.58935136, 0.56224084, 0.56026566, 0.54496026, 0.5370798, 0.4022556, 0.37136307, 0.36630115, 0.33353633, 0.3298015, 0.29007933, 0.2851194, 0.28072953, 0.275997, 0.26816875, 0.2647385]","[[52.87, 334.22, 69.86, 143.92], [437.17, 335.53, 40.6, 110.43], [1, 406.81, 28.43, 72.77], [417.16, 355.27, 17.88, 46.6], [358.04, 352.69, 18.04, 39.6], [390.6, 356.87, 14.27, 32.15], [1, 348.6, 16.1, 62.16], [297.77, 343.87, 20.78, 41.73], [14.21, 407.68, 165.11, 42.94], [487.55, 355.74, 16.45, 39.65], [314.9, 345.59, 21.36, 43.94], [25.81, 315.35, 17.08, 42.39], [284.17, 334.84, 13.82, 35.86], [374.75, 351.67, 17.46, 37.97], [223.04, 318.12, 13.62, 38.14], [78.85, 286.43, 13.02, 30.66], [29.27, 292.51, 14.27, 28.43], [174.4, 332.14, 16.13, 30.37], [48.97, 345.91, 15.97, 46.72], [16.72, 386.98, 38.76, 22.46], [469.58, 356.08, 12.98, 43.86], [411.3, 434.2, 75.43, 14.48], [379.7, 322.61, 12.52, 31.2], [268.56, 332.05, 16.02, 43.94]]"
1405,/home/pi/sambashare/BacArbeit/cocoval2017/000000032817.jpg,3.184991731000082,"['45: bowl', '61: toilet', '0: person', '39: bottle', '39: bottle', '15: cat', '73: book', '0: person', '45: bowl', '73: book', '41: cup']","[45, 61, 0, 39, 39, 15, 73, 0, 45, 73, 41]","[0.87933314, 0.80579424, 0.73621655, 0.6574092, 0.5572498, 0.4511851, 0.3643725, 0.34031114, 0.3320628, 0.32904777, 0.29508695]","[[310.56, 533.01, 146.93, 106.53], [138.18, 364.68, 120.33, 143.58], [83.3, 1, 202.3, 460.0], [360.12, 1, 28.12, 64.67], [320.04, 1, 38.68, 70.54], [23.52, 460.53, 270.4, 179.47], [338.41, 122.9, 18.83, 67.75], [372.92, 52.74, 107.08, 296.77], [321.2, 247.6, 28.31, 47.7], [319.08, 123.3, 20.99, 74.6], [348.47, 246.41, 29.18, 33.7]]"
1406,/home/pi/sambashare/BacArbeit/cocoval2017/000000244496.jpg,3.184249016000649,"['27: tie', '0: person']","[27, 0]","[0.9178631, 0.82566214]","[[105.04, 184.08, 47.83, 245.86], [7.18, 47.89, 259.76, 449.22]]"
1407,/home/pi/sambashare/BacArbeit/cocoval2017/000000224675.jpg,3.191563891000442,"['0: person', '0: person', '26: handbag', '33: kite']","[0, 0, 26, 33]","[0.8335789, 0.66451925, 0.5806784, 0.5452461]","[[283.51, 48.27, 115.86, 248.72], [2.63, 1.48, 197.44, 298.07], [1, 172.25, 111.72, 127.44], [134.98, 9.88, 60.5, 191.5]]"
1408,/home/pi/sambashare/BacArbeit/cocoval2017/000000009400.jpg,3.1826108169998406,"['63: laptop', '66: keyboard', '63: laptop', '63: laptop', '0: person', '41: cup', '0: person', '63: laptop', '63: laptop', '41: cup', '0: person', '39: bottle', '39: bottle', '41: cup', '0: person', '0: person', '64: mouse', '56: chair', '63: laptop', '0: person', '0: person', '0: person', '0: person', '41: cup', '0: person', '62: tv']","[63, 66, 63, 63, 0, 41, 0, 63, 63, 41, 0, 39, 39, 41, 0, 0, 64, 56, 63, 0, 0, 0, 0, 41, 0, 62]","[0.92688984, 0.88457996, 0.883667, 0.88352877, 0.87031174, 0.8663477, 0.86170423, 0.8551225, 0.85210896, 0.8372059, 0.75875527, 0.7546522, 0.73368007, 0.68204397, 0.66327465, 0.64627814, 0.6249802, 0.6248499, 0.5947503, 0.5555739, 0.49236837, 0.47911248, 0.45169166, 0.38685572, 0.27019122, 0.2623107]","[[62.06, 306.52, 200.85, 172.52], [457.32, 368.16, 130.21, 111.27], [317.49, 219.39, 185.85, 115.64], [265.62, 230.61, 223.46, 249.39], [313.9, 87.6, 144.02, 197.24], [357.67, 283.42, 44.51, 80.8], [142.66, 93.87, 138.1, 168.82], [84.25, 210.98, 108.06, 66.93], [1, 173.39, 101.13, 87.69], [251.11, 416.31, 67.03, 63.53], [1, 89.28, 106.84, 104.69], [189.27, 261.76, 28.79, 52.81], [215.59, 258.3, 31.33, 56.61], [253.85, 379.78, 73.8, 79.31], [274.47, 61.22, 95.05, 175.51], [443.34, 67.58, 90.69, 104.54], [459.52, 355.24, 61.88, 27.11], [582.04, 102.07, 57.75, 99.76], [1, 216.96, 59.54, 98.3], [361.03, 59.27, 90.95, 79.38], [526.41, 409.8, 112.31, 69.83], [447.18, 93.37, 192.4, 274.88], [563.79, 51.31, 58.24, 74.21], [36.1, 259.38, 40.67, 61.99], [1, 299.19, 64.94, 180.81], [83.32, 49.2, 42.41, 43.0]]"
1409,/home/pi/sambashare/BacArbeit/cocoval2017/000000009772.jpg,3.182947897000304,"['0: person', '62: tv', '71: sink', '71: sink', '39: bottle', '61: toilet']","[0, 62, 71, 71, 39, 61]","[0.9184882, 0.91594076, 0.73319757, 0.67188984, 0.35763577, 0.28862616]","[[275.97, 230.15, 56.6, 123.42], [424.68, 90.09, 92.21, 95.53], [171.95, 378.42, 82.55, 16.74], [325.55, 380.06, 80.89, 15.79], [356.09, 342.4, 10.24, 38.54], [536.34, 534.68, 13.54, 101.44]]"
1410,/home/pi/sambashare/BacArbeit/cocoval2017/000000117425.jpg,3.192847082999833,"['0: person', '60: dining table', '56: chair', '0: person', '41: cup', '43: knife', '56: chair']","[0, 60, 56, 0, 41, 43, 56]","[0.8986656, 0.8737708, 0.8193546, 0.7126563, 0.49098113, 0.4542708, 0.26836264]","[[279.29, 12.34, 295.82, 408.58], [1.02, 186.69, 463.44, 237.46], [1, 4.33, 114.59, 203.02], [551.73, 4.62, 87.0, 415.51], [1, 193.22, 77.36, 129.79], [142.68, 239.78, 12.03, 60.76], [95.86, 1, 115.31, 94.57]]"
1411,/home/pi/sambashare/BacArbeit/cocoval2017/000000106266.jpg,3.2011670170004436,"['54: donut', '54: donut']","[54, 54]","[0.57132447, 0.51602733]","[[137.9, 4.71, 210.31, 169.89], [1, 120.3, 234.47, 217.81]]"
1412,/home/pi/sambashare/BacArbeit/cocoval2017/000000484978.jpg,3.1726978229999077,"['0: person', '41: cup', '41: cup', '41: cup', '41: cup', '42: fork', '41: cup', '41: cup', '41: cup', '41: cup', '41: cup', '60: dining table', '43: knife', '41: cup', '41: cup', '42: fork', '43: knife', '55: cake', '67: cell phone', '41: cup', '41: cup', '1: bicycle', '72: refrigerator', '43: knife', '41: cup', '41: cup', '43: knife', '48: sandwich', '56: chair']","[0, 41, 41, 41, 41, 42, 41, 41, 41, 41, 41, 60, 43, 41, 41, 42, 43, 55, 67, 41, 41, 1, 72, 43, 41, 41, 43, 48, 56]","[0.94836426, 0.92891306, 0.91046125, 0.90336114, 0.89722586, 0.85900027, 0.78802645, 0.74384254, 0.7417787, 0.6669622, 0.66288775, 0.62565136, 0.60045874, 0.5541495, 0.54840344, 0.5377468, 0.48597914, 0.47832447, 0.46675798, 0.45088434, 0.4321647, 0.4175706, 0.39458638, 0.3815815, 0.33423895, 0.29998052, 0.294257, 0.26984373, 0.26532227]","[[81.39, 65.54, 244.76, 250.56], [114.35, 278.03, 70.75, 58.24], [443.29, 318.75, 84.7, 75.11], [234.35, 293.36, 49.14, 58.11], [389.69, 362.01, 38.13, 51.99], [411.16, 416.54, 106.16, 73.85], [405.12, 326.93, 57.56, 78.48], [559.7, 287.27, 52.0, 65.02], [615.28, 295.54, 24.48, 60.61], [86.78, 309.68, 34.23, 38.57], [510.66, 342.12, 48.35, 57.25], [35.21, 267.61, 601.69, 220.97], [522.48, 415.8, 117.25, 22.76], [406.88, 261.22, 39.92, 61.04], [523.91, 300.1, 38.07, 43.56], [247.29, 197.45, 41.57, 16.72], [326.37, 342.77, 18.6, 29.74], [451.72, 403.93, 92.45, 58.07], [391.93, 458.5, 105.7, 32.47], [484.19, 271.72, 50.17, 68.91], [447.91, 277.21, 41.81, 42.62], [535.2, 200.73, 102.51, 103.07], [598.49, 53.01, 41.21, 143.57], [535.64, 394.24, 104.22, 38.8], [271.56, 167.55, 37.56, 34.97], [232.97, 239.61, 30.08, 53.52], [589.72, 373.7, 49.88, 29.56], [159.08, 338.93, 43.55, 39.56], [1, 337.2, 87.8, 153.63]]"
1413,/home/pi/sambashare/BacArbeit/cocoval2017/000000145591.jpg,3.1823416679999355,['74: clock'],[74],[0.8133061],"[[308.41, 160.87, 246.52, 282.13]]"
1414,/home/pi/sambashare/BacArbeit/cocoval2017/000000115245.jpg,3.182609797000623,"['28: suitcase', '56: chair', '56: chair', '28: suitcase', '28: suitcase', '24: backpack', '28: suitcase', '26: handbag', '0: person', '28: suitcase', '26: handbag', '24: backpack', '60: dining table', '24: backpack', '26: handbag', '60: dining table', '0: person', '56: chair', '0: person']","[28, 56, 56, 28, 28, 24, 28, 26, 0, 28, 26, 24, 60, 24, 26, 60, 0, 56, 0]","[0.87366915, 0.87265223, 0.86655974, 0.815721, 0.7338459, 0.64662856, 0.6240005, 0.6133625, 0.6025926, 0.6023732, 0.5574992, 0.5333814, 0.4355629, 0.36219114, 0.35821813, 0.3367346, 0.32727277, 0.2799967, 0.26951522]","[[256.05, 274.54, 245.56, 314.22], [466.77, 99.86, 100.92, 87.32], [565.29, 148.87, 46.57, 59.22], [31.98, 54.26, 90.13, 130.02], [215.1, 172.99, 127.82, 309.8], [71.48, 143.77, 148.65, 179.44], [132.58, 41.74, 80.43, 141.19], [229.76, 92.65, 76.65, 48.95], [210.29, 1, 81.97, 69.53], [1, 42.47, 43.3, 92.0], [484.95, 216.56, 127.05, 111.16], [133.37, 8.01, 99.85, 81.04], [211.71, 85.75, 214.24, 87.93], [125.21, 142.56, 90.06, 120.74], [25.63, 1, 33.69, 28.14], [404.0, 181.0, 207.85, 217.1], [1, 1, 25.03, 50.42], [312.5, 56.44, 26.99, 36.62], [103.62, 1, 48.41, 51.9]]"
1415,/home/pi/sambashare/BacArbeit/cocoval2017/000000339442.jpg,3.191222590000507,['60: dining table'],[60],[0.28229645],"[[29.36, 36.85, 463.44, 467.39]]"
1416,/home/pi/sambashare/BacArbeit/cocoval2017/000000412531.jpg,3.1794736769998053,"['2: car', '12: parking meter', '2: car', '2: car']","[2, 12, 2, 2]","[0.93444115, 0.8991348, 0.85556555, 0.7977806]","[[455.25, 255.84, 183.1, 100.56], [66.63, 167.11, 65.34, 154.85], [402.78, 267.88, 93.53, 80.16], [332.54, 280.49, 58.1, 48.06]]"
1417,/home/pi/sambashare/BacArbeit/cocoval2017/000000407403.jpg,3.1843814579997343,['41: cup'],[41],[0.89044905],"[[180.79, 143.8, 147.93, 230.03]]"
1418,/home/pi/sambashare/BacArbeit/cocoval2017/000000345356.jpg,3.1853785800003607,"['0: person', '0: person', '41: cup', '67: cell phone', '41: cup', '45: bowl', '39: bottle', '44: spoon', '75: vase', '45: bowl', '58: potted plant', '45: bowl', '42: fork']","[0, 0, 41, 67, 41, 45, 39, 44, 75, 45, 58, 45, 42]","[0.9501116, 0.93522376, 0.9347348, 0.87473524, 0.7984658, 0.7949204, 0.723384, 0.7002152, 0.6472375, 0.5437992, 0.35627273, 0.30203164, 0.27360392]","[[1.42, 104.97, 269.05, 356.19], [371.36, 122.95, 268.28, 340.28], [327.51, 383.53, 73.12, 96.03], [155.67, 261.09, 48.17, 71.57], [257.15, 271.07, 34.82, 29.78], [5.18, 443.45, 147.39, 36.5], [269.01, 422.21, 42.75, 57.79], [1, 453.91, 48.13, 25.88], [319.38, 210.78, 28.63, 37.5], [497.06, 442.93, 141.78, 36.85], [305.08, 159.22, 56.63, 89.38], [499.35, 465.72, 132.98, 13.96], [569.67, 468.44, 38.29, 11.48]]"
1419,/home/pi/sambashare/BacArbeit/cocoval2017/000000001425.jpg,3.1752045439998255,"['48: sandwich', '41: cup']","[48, 41]","[0.8922566, 0.8801805]","[[65.89, 177.01, 378.43, 221.34], [493.78, 181.42, 145.4, 196.8]]"
1420,/home/pi/sambashare/BacArbeit/cocoval2017/000000537153.jpg,3.2053929720004817,"['13: bench', '0: person', '0: person', '0: person']","[13, 0, 0, 0]","[0.84335035, 0.4652247, 0.41000465, 0.26018155]","[[405.44, 360.41, 61.0, 31.63], [622.94, 362.76, 16.16, 9.34], [428.37, 353.78, 15.68, 31.26], [442.43, 353.39, 13.02, 17.22]]"
1421,/home/pi/sambashare/BacArbeit/cocoval2017/000000439773.jpg,3.186881403999905,"['67: cell phone', '0: person', '77: teddy bear', '32: sports ball', '59: bed']","[67, 0, 77, 32, 59]","[0.92889416, 0.9187486, 0.87921375, 0.6565678, 0.28200358]","[[237.42, 332.36, 170.51, 109.88], [197.2, 4.99, 442.8, 288.79], [1, 15.48, 209.96, 169.18], [121.22, 1, 53.87, 20.3], [1, 6.31, 639, 465.46]]"
1422,/home/pi/sambashare/BacArbeit/cocoval2017/000000399655.jpg,3.18053231399972,['16: dog'],[16],[0.61165357],"[[1, 14.14, 496.58, 316.97]]"
1423,/home/pi/sambashare/BacArbeit/cocoval2017/000000117197.jpg,3.1877148290004698,['0: person'],[0],[0.9503424],"[[316.57, 110.57, 222.38, 239.0]]"
1424,/home/pi/sambashare/BacArbeit/cocoval2017/000000148620.jpg,3.190773743000136,"['66: keyboard', '63: laptop', '64: mouse', '62: tv', '66: keyboard', '62: tv', '62: tv']","[66, 63, 64, 62, 66, 62, 62]","[0.94092405, 0.92735595, 0.9230911, 0.83872193, 0.5273337, 0.5194315, 0.47647494]","[[220.46, 231.17, 202.83, 49.14], [23.56, 141.73, 170.28, 134.43], [452.0, 259.05, 36.13, 28.43], [219.56, 60.54, 209.41, 135.07], [44.39, 221.87, 130.11, 31.74], [415.42, 176.94, 78.82, 59.91], [1, 131.18, 121.93, 87.49]]"
1425,/home/pi/sambashare/BacArbeit/cocoval2017/000000274687.jpg,3.2015805169994564,"['1: bicycle', '15: cat']","[1, 15]","[0.86829484, 0.29706937]","[[3.55, 101.4, 613.86, 367.1], [286.91, 126.99, 92.11, 43.23]]"
1426,/home/pi/sambashare/BacArbeit/cocoval2017/000000060899.jpg,3.173230117999992,"['57: couch', '0: person', '56: chair', '56: chair', '46: banana', '67: cell phone', '73: book', '46: banana']","[57, 0, 56, 56, 46, 67, 73, 46]","[0.91298264, 0.88687193, 0.8576364, 0.75451344, 0.64526224, 0.3258658, 0.2811827, 0.27183214]","[[1, 122.03, 121.18, 195.82], [99.01, 146.04, 140.26, 373.88], [284.5, 139.72, 75.06, 117.89], [330.0, 224.17, 29.82, 122.02], [112.79, 111.22, 120.45, 79.12], [42.4, 435.84, 55.89, 51.46], [1, 585.99, 34.44, 53.46], [114.84, 112.58, 60.6, 58.3]]"
1427,/home/pi/sambashare/BacArbeit/cocoval2017/000000199395.jpg,3.1835420289999092,"['0: person', '33: kite', '0: person', '0: person', '0: person', '0: person', '0: person', '0: person', '8: boat', '0: person']","[0, 33, 0, 0, 0, 0, 0, 0, 8, 0]","[0.8986019, 0.8660848, 0.7362971, 0.6765577, 0.67191124, 0.61616313, 0.56636554, 0.55255103, 0.5037011, 0.3740877]","[[51.32, 483.09, 18.92, 22.88], [89.52, 190.33, 73.58, 64.98], [321.73, 488.6, 22.23, 27.29], [10.05, 471.51, 4.93, 12.46], [44.33, 472.69, 3.99, 10.94], [173.82, 473.5, 5.94, 11.44], [332.9, 472.88, 5.82, 13.74], [34.28, 471.11, 5.84, 12.65], [83.04, 444.2, 13.85, 6.19], [233.53, 480.33, 3.68, 5.66]]"
1428,/home/pi/sambashare/BacArbeit/cocoval2017/000000548780.jpg,3.1732573710005454,"['14: bird', '0: person', '14: bird', '0: person', '26: handbag', '0: person', '26: handbag', '13: bench', '56: chair', '26: handbag', '67: cell phone', '26: handbag', '26: handbag']","[14, 0, 14, 0, 26, 0, 26, 13, 56, 26, 67, 26, 26]","[0.89564145, 0.8704685, 0.8558153, 0.84493536, 0.71614224, 0.5967606, 0.46936396, 0.398276, 0.38885078, 0.31458503, 0.30671453, 0.2787767, 0.2760749]","[[4.86, 360.12, 71.06, 53.56], [315.03, 68.71, 210.92, 299.71], [167.67, 345.02, 65.23, 35.39], [243.81, 75.01, 157.22, 293.68], [252.86, 177.34, 80.3, 36.28], [173.97, 10.26, 86.48, 209.31], [105.52, 10.09, 79.61, 197.34], [174.09, 141.02, 402.04, 219.08], [444.36, 106.87, 118.88, 263.78], [97.41, 65.08, 31.64, 70.35], [449.63, 115.58, 11.14, 12.34], [174.24, 57.31, 42.5, 79.41], [122.51, 68.59, 62.64, 90.43]]"
1429,/home/pi/sambashare/BacArbeit/cocoval2017/000000301867.jpg,3.19732878800005,"['0: person', '0: person', '0: person', '26: handbag', '26: handbag', '25: umbrella', '26: handbag', '0: person']","[0, 0, 0, 26, 26, 25, 26, 0]","[0.8890984, 0.8815452, 0.874709, 0.85866386, 0.83124256, 0.73272204, 0.37120733, 0.36544365]","[[135.11, 110.61, 141.24, 367.66], [348.28, 115.14, 150.59, 364.86], [244.26, 101.19, 139.99, 378.81], [427.84, 184.56, 107.68, 142.04], [119.5, 177.29, 71.91, 158.23], [211.26, 42.65, 233.2, 70.26], [120.01, 256.56, 48.51, 78.56], [1, 263.75, 21.34, 55.32]]"
1430,/home/pi/sambashare/BacArbeit/cocoval2017/000000261161.jpg,3.181275621000168,"['16: dog', '13: bench']","[16, 13]","[0.9459835, 0.8552685]","[[320.13, 30.11, 270.6, 394.88], [1.1, 119.56, 246.45, 274.32]]"
1431,/home/pi/sambashare/BacArbeit/cocoval2017/000000094326.jpg,3.1788384239998777,['13: bench'],[13],[0.8578505],"[[11.18, 202.51, 263.52, 224.2]]"
1432,/home/pi/sambashare/BacArbeit/cocoval2017/000000011197.jpg,3.1877363479998166,"['2: car', '0: person', '2: car', '1: bicycle', '9: traffic light', '0: person', '0: person', '9: traffic light', '26: handbag', '24: backpack', '9: traffic light', '2: car', '12: parking meter', '2: car', '9: traffic light']","[2, 0, 2, 1, 9, 0, 0, 9, 26, 24, 9, 2, 12, 2, 9]","[0.9369457, 0.90522367, 0.8932571, 0.87575233, 0.7406886, 0.70647544, 0.66517365, 0.6574586, 0.6343556, 0.62807506, 0.5522628, 0.50010365, 0.476626, 0.37749085, 0.37185332]","[[399.47, 154.64, 86.77, 38.37], [307.52, 111.45, 55.06, 141.65], [171.65, 141.58, 45.64, 25.74], [551.73, 163.17, 50.53, 29.17], [179.54, 69.09, 8.37, 18.11], [568.26, 146.68, 25.12, 42.6], [5.77, 112.81, 45.23, 73.82], [219.68, 73.94, 8.19, 16.1], [5.81, 127.54, 29.16, 46.09], [582.65, 151.46, 13.99, 17.17], [42.47, 94.48, 7.56, 16.57], [137.46, 153.42, 24.51, 11.18], [236.11, 149.23, 8.93, 15.89], [322.49, 296.26, 315.74, 129.84], [266.18, 1, 64.09, 49.78]]"
1433,/home/pi/sambashare/BacArbeit/cocoval2017/000000367569.jpg,3.1864912990004086,"['57: couch', '63: laptop', '65: remote', '63: laptop', '63: laptop', '39: bottle', '39: bottle', '41: cup', '60: dining table', '39: bottle']","[57, 63, 65, 63, 63, 39, 39, 41, 60, 39]","[0.84448487, 0.73513407, 0.7043951, 0.6981079, 0.65398145, 0.43970308, 0.3467765, 0.3389731, 0.3280525, 0.31714147]","[[1, 572.11, 247.3, 67.33], [2.04, 528.41, 74.1, 49.27], [187.88, 485.84, 30.6, 12.01], [154.33, 507.03, 96.37, 47.54], [259.51, 414.38, 45.27, 16.38], [410.73, 465.4, 10.14, 46.7], [397.16, 454.76, 11.47, 44.61], [357.41, 460.4, 19.14, 44.55], [120.43, 488.03, 165.32, 123.27], [383.29, 456.77, 14.3, 41.95]]"
1434,/home/pi/sambashare/BacArbeit/cocoval2017/000000152740.jpg,3.177655436999885,"['19: cow', '17: horse', '17: horse', '19: cow', '19: cow', '19: cow', '19: cow', '19: cow', '19: cow', '17: horse', '19: cow', '19: cow', '19: cow', '19: cow', '19: cow', '19: cow', '19: cow']","[19, 17, 17, 19, 19, 19, 19, 19, 19, 17, 19, 19, 19, 19, 19, 19, 19]","[0.8708308, 0.8404934, 0.8374578, 0.81306374, 0.80228555, 0.78975546, 0.7481515, 0.7331065, 0.71491265, 0.65769655, 0.59005326, 0.5683077, 0.55362123, 0.54922074, 0.49412614, 0.34824553, 0.30032778]","[[167.84, 165.51, 80.97, 51.97], [401.97, 223.88, 55.73, 59.09], [534.46, 114.78, 40.03, 31.5], [456.97, 146.44, 51.71, 40.94], [145.93, 176.35, 37.68, 62.74], [91.89, 109.01, 23.2, 34.04], [242.48, 85.73, 75.07, 36.71], [583.44, 248.25, 56.27, 30.11], [305.37, 147.61, 65.64, 41.67], [485.34, 252.72, 24.25, 30.26], [180.54, 127.82, 48.84, 38.71], [267.41, 139.94, 41.32, 43.18], [349.66, 124.62, 19.1, 23.89], [412.47, 107.4, 26.66, 31.04], [363.87, 150.26, 35.45, 39.17], [165.18, 119.32, 47.12, 31.43], [228.97, 143.04, 34.46, 24.61]]"
1435,/home/pi/sambashare/BacArbeit/cocoval2017/000000151629.jpg,3.1869927669995377,"['0: person', '38: tennis racket', '0: person', '0: person']","[0, 38, 0, 0]","[0.8936347, 0.8765744, 0.8689552, 0.8534995]","[[40.29, 265.24, 325.54, 374.76], [258.53, 359.75, 90.92, 74.56], [14.8, 461.09, 78.08, 147.09], [93.41, 467.18, 36.9, 107.19]]"
1436,/home/pi/sambashare/BacArbeit/cocoval2017/000000321333.jpg,3.1908791109999584,"['0: person', '0: person', '77: teddy bear']","[0, 0, 77]","[0.82232267, 0.75163144, 0.6476151]","[[325.56, 51.09, 300.51, 339.3], [61.41, 21.18, 286.87, 364.85], [136.35, 197.75, 178.3, 153.01]]"
1437,/home/pi/sambashare/BacArbeit/cocoval2017/000000333697.jpg,3.1910034439997617,[],[],[],[]
1438,/home/pi/sambashare/BacArbeit/cocoval2017/000000352584.jpg,3.1979924130000654,[],[],[],[]
1439,/home/pi/sambashare/BacArbeit/cocoval2017/000000081738.jpg,3.183564005000335,"['55: cake', '0: person', '59: bed']","[55, 0, 59]","[0.77949375, 0.5145207, 0.34098694]","[[95.67, 127.3, 445.95, 251.9], [453.57, 143.5, 185.51, 236.9], [1, 161.36, 50.02, 245.55]]"
1440,/home/pi/sambashare/BacArbeit/cocoval2017/000000559547.jpg,3.178724301999864,"['0: person', '0: person', '0: person', '35: baseball glove', '34: baseball bat', '0: person']","[0, 0, 0, 35, 34, 0]","[0.9101753, 0.9084543, 0.5790482, 0.55765194, 0.35729676, 0.32538423]","[[218.28, 5.26, 168.5, 448.78], [1, 28.99, 192.05, 395.77], [456.1, 2.98, 182.84, 441.43], [205.99, 310.38, 62.81, 90.34], [156.57, 281.23, 71.24, 209.32], [388.08, 223.16, 15.58, 20.48]]"
1441,/home/pi/sambashare/BacArbeit/cocoval2017/000000485237.jpg,3.1816209759999765,"['2: car', '7: truck', '4: airplane']","[2, 7, 4]","[0.88128334, 0.77139574, 0.45263365]","[[1, 140.3, 40.96, 18.12], [103.88, 141.66, 114.68, 17.12], [2.58, 66.88, 325.7, 41.17]]"
1442,/home/pi/sambashare/BacArbeit/cocoval2017/000000111036.jpg,3.1702685169993856,"['2: car', '69: oven', '73: book', '69: oven', '2: car']","[2, 69, 73, 69, 2]","[0.92799944, 0.5420734, 0.45547128, 0.33422315, 0.27498934]","[[251.3, 1, 172.41, 138.53], [43.28, 8.52, 354.16, 610.85], [1, 548.04, 94.35, 91.61], [344.4, 147.94, 79.44, 471.18], [206.1, 1, 87.94, 33.43]]"
1443,/home/pi/sambashare/BacArbeit/cocoval2017/000000488664.jpg,3.1913847619998705,['6: train'],[6],[0.8117149],"[[9.05, 294.85, 499.52, 111.18]]"
1444,/home/pi/sambashare/BacArbeit/cocoval2017/000000456394.jpg,3.1939255099996444,"['7: truck', '2: car', '7: truck', '71: sink', '3: motorcycle', '74: clock', '41: cup', '2: car']","[7, 2, 7, 71, 3, 74, 41, 2]","[0.7353935, 0.682599, 0.6339274, 0.5236045, 0.50676656, 0.27521795, 0.26516917, 0.26053855]","[[1, 1, 55.35, 13.98], [1, 12.23, 11.54, 47.99], [90.63, 1, 114.58, 19.38], [188.9, 148.84, 30.91, 26.47], [1, 1, 209.18, 127.37], [85.82, 94.79, 26.31, 25.46], [135.26, 92.86, 18.2, 19.03], [48.06, 1, 13.29, 6.08]]"
1445,/home/pi/sambashare/BacArbeit/cocoval2017/000000018519.jpg,3.1877415489998384,"['0: person', '36: skateboard']","[0, 36]","[0.9366416, 0.6645692]","[[123.16, 226.88, 238.59, 171.53], [327.65, 315.89, 39.8, 50.34]]"
1446,/home/pi/sambashare/BacArbeit/cocoval2017/000000427055.jpg,3.182071344999713,"['74: clock', '2: car', '2: car', '24: backpack', '13: bench', '2: car', '2: car', '2: car', '2: car', '2: car', '0: person', '2: car']","[74, 2, 2, 24, 13, 2, 2, 2, 2, 2, 0, 2]","[0.8630919, 0.75537676, 0.63147306, 0.520673, 0.51313287, 0.46405897, 0.43615514, 0.33521768, 0.33336037, 0.31095022, 0.2773949, 0.27354407]","[[404.27, 62.53, 92.5, 86.47], [549.64, 296.01, 15.0, 12.56], [288.83, 301.6, 76.85, 39.51], [190.41, 319.07, 15.92, 19.61], [367.16, 314.74, 36.36, 11.97], [630.62, 301.56, 9.24, 11.83], [524.69, 298.54, 12.69, 10.9], [585.42, 297.17, 11.68, 8.75], [319.61, 311.77, 45.83, 29.81], [598.45, 298.62, 16.04, 10.59], [97.12, 308.94, 24.61, 49.36], [611.71, 302.18, 14.17, 9.02]]"
1447,/home/pi/sambashare/BacArbeit/cocoval2017/000000153510.jpg,3.1910076229996776,[],[],[],[]
1448,/home/pi/sambashare/BacArbeit/cocoval2017/000000152686.jpg,3.1835727810002936,"['0: person', '38: tennis racket', '0: person', '32: sports ball', '32: sports ball']","[0, 38, 0, 32, 32]","[0.89590746, 0.8777361, 0.58765733, 0.4138633, 0.3773467]","[[226.87, 19.76, 178.94, 369.64], [330.33, 10.66, 65.29, 52.06], [1, 109.36, 37.51, 275.56], [615.14, 90.61, 20.25, 17.14], [169.08, 393.96, 16.04, 6.04]]"
1449,/home/pi/sambashare/BacArbeit/cocoval2017/000000532690.jpg,3.188131244000033,"['0: person', '0: person', '0: person', '57: couch', '65: remote', '0: person']","[0, 0, 0, 57, 65, 0]","[0.85161567, 0.7358928, 0.7156249, 0.5170146, 0.5051291, 0.3712324]","[[58.47, 22.3, 437.8, 616.1], [375.22, 4.57, 151.28, 630.51], [123.53, 1, 259.02, 185.2], [1, 246.16, 178.72, 392.98], [65.89, 549.2, 29.44, 44.13], [102.72, 1, 45.5, 249.6]]"
1450,/home/pi/sambashare/BacArbeit/cocoval2017/000000133087.jpg,3.1756591659996047,"['9: traffic light', '9: traffic light', '9: traffic light', '9: traffic light', '9: traffic light', '12: parking meter']","[9, 9, 9, 9, 9, 12]","[0.78502566, 0.7834337, 0.57715935, 0.38900143, 0.38845438, 0.36660367]","[[151.78, 130.41, 25.48, 60.6], [472.94, 66.01, 41.81, 95.32], [435.2, 70.34, 27.46, 61.24], [97.36, 129.43, 25.87, 60.43], [121.12, 132.51, 21.14, 40.36], [425.11, 264.96, 13.34, 18.27]]"
1451,/home/pi/sambashare/BacArbeit/cocoval2017/000000395575.jpg,3.1847820990005857,"['56: chair', '0: person', '0: person']","[56, 0, 0]","[0.7240893, 0.6725162, 0.5956073]","[[216.41, 123.24, 64.24, 73.2], [138.43, 112.24, 27.07, 47.15], [160.23, 124.62, 16.14, 34.44]]"
1452,/home/pi/sambashare/BacArbeit/cocoval2017/000000338718.jpg,3.1957213719997526,"['2: car', '2: car', '2: car', '2: car']","[2, 2, 2, 2]","[0.91629463, 0.89045566, 0.46761182, 0.25432912]","[[34.04, 36.39, 155.03, 96.59], [69.52, 6.8, 422.02, 188.67], [464.43, 80.44, 35.34, 88.98], [1, 84.81, 3.51, 19.1]]"
1453,/home/pi/sambashare/BacArbeit/cocoval2017/000000090155.jpg,3.1837327899993397,['6: train'],[6],[0.9328552],"[[80.78, 170.87, 448.15, 158.41]]"
1454,/home/pi/sambashare/BacArbeit/cocoval2017/000000129812.jpg,3.1840556059996743,"['0: person', '30: skis']","[0, 30]","[0.8274802, 0.46819645]","[[154.66, 1, 263.36, 279.6], [9.13, 85.11, 611.03, 266.84]]"
1455,/home/pi/sambashare/BacArbeit/cocoval2017/000000012120.jpg,3.1692001000001255,"['0: person', '0: person', '0: person', '0: person', '0: person', '38: tennis racket', '32: sports ball', '0: person', '38: tennis racket', '56: chair', '0: person', '0: person', '0: person', '56: chair', '56: chair', '0: person', '0: person', '38: tennis racket', '0: person', '0: person', '0: person', '0: person', '56: chair']","[0, 0, 0, 0, 0, 38, 32, 0, 38, 56, 0, 0, 0, 56, 56, 0, 0, 38, 0, 0, 0, 0, 56]","[0.93615264, 0.91177255, 0.9086833, 0.83725226, 0.8235329, 0.7860937, 0.7731091, 0.7213399, 0.68990296, 0.68476844, 0.5648117, 0.41738987, 0.36778143, 0.35689986, 0.34633467, 0.34025702, 0.33178428, 0.3252189, 0.31892782, 0.2896318, 0.28471902, 0.26125535, 0.25150216]","[[482.51, 208.78, 63.86, 113.62], [6.18, 235.2, 52.16, 73.99], [88.39, 112.09, 31.16, 66.56], [179.81, 82.73, 18.91, 52.81], [93.43, 218.09, 32.81, 70.06], [111.07, 131.03, 16.78, 9.98], [388.92, 200.14, 7.03, 4.47], [449.73, 116.42, 28.33, 41.19], [486.91, 219.84, 15.99, 20.27], [591.8, 151.28, 30.19, 29.24], [511.18, 124.3, 20.13, 18.11], [400.58, 69.76, 16.66, 34.12], [448.64, 77.48, 20.12, 24.95], [609.02, 29.34, 15.31, 11.85], [592.0, 29.96, 15.48, 10.83], [482.59, 94.69, 22.63, 30.27], [416.79, 75.22, 23.09, 25.29], [49.88, 278.77, 11.74, 20.75], [510.74, 76.88, 25.3, 25.2], [233.79, 16.36, 17.52, 22.54], [493.93, 76.5, 17.33, 25.95], [589.94, 124.47, 18.32, 25.3], [457.64, 138.17, 19.6, 18.87]]"
1456,/home/pi/sambashare/BacArbeit/cocoval2017/000000045728.jpg,3.1952546129996335,"['42: fork', '21: bear']","[42, 21]","[0.69338584, 0.2895336]","[[158.57, 27.03, 192.15, 111.15], [581.72, 329.73, 57.85, 127.04]]"
1457,/home/pi/sambashare/BacArbeit/cocoval2017/000000445846.jpg,3.195984472999953,"['69: oven', '72: refrigerator', '68: microwave']","[69, 72, 68]","[0.86453956, 0.8580894, 0.6045887]","[[61.45, 252.12, 109.22, 157.34], [568.12, 120.08, 71.17, 306.26], [1, 163.39, 96.23, 54.09]]"
1458,/home/pi/sambashare/BacArbeit/cocoval2017/000000407646.jpg,3.169120651999947,"['0: person', '32: sports ball', '38: tennis racket', '38: tennis racket']","[0, 32, 38, 38]","[0.90217465, 0.8958827, 0.85689735, 0.39059335]","[[68.22, 41.92, 340.63, 356.38], [459.69, 247.99, 29.65, 26.59], [1, 253.37, 75.93, 70.19], [357.78, 195.93, 49.94, 72.05]]"
1459,/home/pi/sambashare/BacArbeit/cocoval2017/000000082688.jpg,3.2004935549994116,"['0: person', '0: person', '0: person', '65: remote', '65: remote']","[0, 0, 0, 65, 65]","[0.8474659, 0.82319117, 0.6804812, 0.42869842, 0.30435896]","[[328.89, 36.17, 294.37, 387.99], [1, 99.59, 494.39, 328.35], [294.86, 50.03, 122.17, 206.67], [544.07, 312.9, 64.42, 21.76], [463.23, 312.67, 145.63, 80.07]]"
1460,/home/pi/sambashare/BacArbeit/cocoval2017/000000511398.jpg,3.18418449300043,"['16: dog', '29: frisbee']","[16, 29]","[0.6905361, 0.5342986]","[[5.6, 29.75, 522.78, 380.42], [596.47, 127.65, 43.13, 139.49]]"
1461,/home/pi/sambashare/BacArbeit/cocoval2017/000000356498.jpg,3.178281466000044,['48: sandwich'],[48],[0.5616624],"[[7.55, 19.95, 482.09, 314.04]]"
1462,/home/pi/sambashare/BacArbeit/cocoval2017/000000110884.jpg,3.1974268849999135,"['45: bowl', '61: toilet', '71: sink', '39: bottle', '39: bottle']","[45, 61, 71, 39, 39]","[0.7447638, 0.7193182, 0.691213, 0.5305071, 0.2704714]","[[18.87, 360.81, 61.47, 46.78], [377.52, 447.33, 237.66, 175.82], [36.78, 349.16, 282.96, 155.42], [18.73, 320.49, 44.68, 58.44], [188.47, 120.26, 28.62, 71.54]]"
1463,/home/pi/sambashare/BacArbeit/cocoval2017/000000066841.jpg,3.173091777999616,"['64: mouse', '64: mouse', '44: spoon', '64: mouse', '76: scissors']","[64, 64, 44, 64, 76]","[0.8747547, 0.7140274, 0.48786682, 0.35227656, 0.28614104]","[[8.82, 310.44, 40.74, 30.69], [225.08, 421.98, 43.08, 58.63], [257.27, 164.45, 59.39, 64.85], [51.21, 422.95, 48.24, 61.8], [115.25, 257.21, 49.26, 41.74]]"
1464,/home/pi/sambashare/BacArbeit/cocoval2017/000000527695.jpg,3.1890289539996957,"['50: broccoli', '50: broccoli', '50: broccoli', '50: broccoli', '50: broccoli', '50: broccoli']","[50, 50, 50, 50, 50, 50]","[0.60701275, 0.601572, 0.3688929, 0.34535494, 0.31742084, 0.31526735]","[[353.45, 75.43, 90.43, 97.4], [404.31, 1, 123.51, 90.92], [390.61, 102.77, 172.37, 185.38], [327.75, 1, 88.07, 45.82], [195.42, 22.76, 156.62, 159.91], [124.68, 1, 128.28, 101.56]]"
1465,/home/pi/sambashare/BacArbeit/cocoval2017/000000570688.jpg,3.185128461000204,"['0: person', '33: kite', '0: person', '0: person', '33: kite', '33: kite', '33: kite', '33: kite', '33: kite', '0: person', '33: kite', '33: kite', '33: kite', '0: person', '33: kite', '33: kite', '0: person', '33: kite', '33: kite', '33: kite', '0: person', '33: kite', '33: kite', '33: kite', '0: person', '0: person', '33: kite', '0: person', '33: kite', '0: person', '33: kite', '24: backpack', '26: handbag', '33: kite', '33: kite', '24: backpack', '0: person', '0: person']","[0, 33, 0, 0, 33, 33, 33, 33, 33, 0, 33, 33, 33, 0, 33, 33, 0, 33, 33, 33, 0, 33, 33, 33, 0, 0, 33, 0, 33, 0, 33, 24, 26, 33, 33, 24, 0, 0]","[0.87952566, 0.87659925, 0.83839875, 0.83749413, 0.8366985, 0.83450973, 0.8340291, 0.82676935, 0.8063537, 0.786456, 0.7830256, 0.7505961, 0.75027263, 0.74518293, 0.73899484, 0.73055685, 0.69632167, 0.6855885, 0.67603153, 0.67214125, 0.6164355, 0.58304256, 0.5793622, 0.5041524, 0.48881507, 0.4692735, 0.46629944, 0.45659253, 0.44767016, 0.40615362, 0.36567, 0.36463562, 0.35232726, 0.34054425, 0.33070523, 0.28253686, 0.27944878, 0.25865278]","[[214.4, 328.79, 43.6, 140.98], [323.55, 159.3, 142.17, 55.99], [403.4, 346.25, 53.24, 133.75], [260.16, 344.19, 40.63, 118.72], [282.87, 217.45, 137.13, 52.1], [329.28, 64.92, 59.83, 21.71], [176.11, 236.26, 80.36, 21.83], [221.83, 263.93, 154.71, 55.0], [504.48, 195.61, 19.22, 19.03], [457.15, 369.87, 50.73, 109.97], [217.4, 177.67, 234.96, 65.34], [242.19, 124.6, 22.27, 11.28], [460.63, 252.2, 18.57, 17.31], [524.88, 361.83, 50.83, 117.8], [115.85, 177.99, 22.09, 13.6], [98.09, 316.44, 60.0, 44.01], [26.79, 341.56, 33.05, 82.31], [598.59, 1, 35.56, 6.65], [363.19, 120.51, 12.47, 10.17], [430.32, 30.26, 19.6, 14.12], [153.48, 379.52, 57.22, 41.36], [160.61, 192.63, 11.27, 7.34], [233.33, 21.39, 9.63, 8.37], [171.66, 317.41, 56.29, 41.12], [139.49, 362.82, 19.82, 53.43], [9.73, 347.98, 22.48, 77.15], [84.63, 101.41, 49.45, 17.23], [92.49, 371.37, 29.2, 44.19], [280.35, 92.86, 45.51, 17.14], [496.96, 380.65, 33.06, 98.56], [627.1, 394.57, 12.61, 65.99], [294.82, 384.32, 63.43, 58.32], [580.48, 454.73, 33.13, 25.27], [421.8, 29.71, 28.41, 28.53], [57.65, 255.1, 12.92, 7.29], [436.74, 409.63, 37.71, 69.69], [397.04, 345.81, 12.11, 36.9], [330.31, 348.24, 12.73, 27.17]]"
1466,/home/pi/sambashare/BacArbeit/cocoval2017/000000550691.jpg,3.1798604010000417,"['2: car', '5: bus', '2: car', '0: person', '5: bus', '0: person']","[2, 5, 2, 0, 5, 0]","[0.9352743, 0.9220929, 0.8120924, 0.7174654, 0.64697915, 0.5633385]","[[116.17, 286.23, 81.47, 67.61], [195.72, 57.13, 245.68, 352.29], [443.1, 286.1, 23.02, 16.12], [239.93, 249.65, 50.85, 40.56], [5.56, 215.18, 159.83, 95.07], [489.55, 279.22, 10.14, 21.87]]"
1467,/home/pi/sambashare/BacArbeit/cocoval2017/000000017029.jpg,3.1766729660002966,"['16: dog', '29: frisbee', '2: car', '2: car', '2: car']","[16, 29, 2, 2, 2]","[0.9384534, 0.9331355, 0.7703022, 0.6662938, 0.4688518]","[[153.48, 122.36, 257.23, 416.72], [315.33, 77.39, 98.25, 47.37], [53.2, 22.92, 515.12, 160.19], [1, 42.02, 18.24, 47.46], [319.03, 27.92, 242.58, 146.5]]"
1468,/home/pi/sambashare/BacArbeit/cocoval2017/000000436617.jpg,3.1792574520004564,"['0: person', '40: wine glass', '0: person', '40: wine glass', '56: chair', '0: person', '0: person', '56: chair', '40: wine glass', '0: person', '60: dining table', '57: couch', '0: person', '0: person', '40: wine glass', '40: wine glass', '0: person', '0: person', '0: person', '56: chair', '56: chair', '56: chair', '40: wine glass', '60: dining table', '0: person', '40: wine glass', '40: wine glass']","[0, 40, 0, 40, 56, 0, 0, 56, 40, 0, 60, 57, 0, 0, 40, 40, 0, 0, 0, 56, 56, 56, 40, 60, 0, 40, 40]","[0.9263464, 0.84046465, 0.8367433, 0.8321678, 0.8301055, 0.78323805, 0.7815585, 0.77850974, 0.75549495, 0.72715044, 0.7134722, 0.70902836, 0.6478684, 0.63202053, 0.6207982, 0.615524, 0.59987664, 0.5963368, 0.48981676, 0.4815834, 0.4017728, 0.38787138, 0.37442598, 0.34595752, 0.30423367, 0.2822844, 0.2616197]","[[58.14, 183.07, 193.51, 241.8], [370.96, 258.93, 31.74, 63.7], [304.27, 118.31, 60.14, 67.37], [306.52, 268.52, 34.51, 66.89], [1, 203.77, 41.75, 115.09], [370.05, 144.7, 92.28, 103.3], [395.81, 137.28, 165.27, 219.57], [49.43, 186.27, 74.76, 95.87], [304.64, 239.33, 27.35, 32.55], [189.32, 127.12, 152.04, 154.23], [216.37, 181.77, 327.76, 236.46], [496.76, 174.91, 143.18, 250.09], [1, 144.61, 38.41, 43.88], [10.4, 130.73, 97.68, 105.2], [362.92, 203.84, 15.03, 29.13], [335.08, 255.54, 27.77, 31.54], [377.58, 153.31, 45.1, 66.57], [87.98, 135.69, 46.73, 49.06], [251.22, 131.67, 52.73, 80.29], [64.07, 350.06, 75.55, 74.83], [289.12, 148.74, 19.31, 32.14], [359.64, 148.17, 27.85, 45.84], [316.32, 200.79, 15.73, 17.1], [1, 186.51, 38.57, 32.09], [116.41, 148.12, 74.25, 59.89], [327.63, 172.15, 10.98, 18.77], [311.61, 172.05, 14.05, 11.53]]"
1469,/home/pi/sambashare/BacArbeit/cocoval2017/000000226058.jpg,3.1675897120003356,"['77: teddy bear', '77: teddy bear', '57: couch']","[77, 77, 57]","[0.88839924, 0.8523323, 0.4469325]","[[272.08, 157.49, 236.66, 255.75], [151.39, 127.91, 221.7, 262.76], [2.46, 76.1, 634.51, 354.12]]"
1470,/home/pi/sambashare/BacArbeit/cocoval2017/000000565778.jpg,3.177731478000169,"['6: train', '2: car', '0: person', '0: person']","[6, 2, 0, 0]","[0.93475044, 0.38975245, 0.35241255, 0.2598913]","[[161.8, 132.47, 339.54, 224.03], [1, 324.13, 13.5, 44.14], [264.49, 232.86, 7.05, 16.78], [406.07, 189.66, 30.63, 41.74]]"
1471,/home/pi/sambashare/BacArbeit/cocoval2017/000000446651.jpg,3.177171706000081,"['7: truck', '0: person', '0: person', '28: suitcase', '56: chair']","[7, 0, 0, 28, 56]","[0.91541606, 0.77853864, 0.7135187, 0.6300542, 0.28699425]","[[1, 79.63, 217.66, 246.64], [178.15, 123.52, 142.2, 301.09], [264.13, 87.87, 352.26, 338.13], [73.91, 393.68, 107.0, 32.1], [561.65, 235.38, 77.54, 188.97]]"
1472,/home/pi/sambashare/BacArbeit/cocoval2017/000000180487.jpg,3.171407376999923,"['25: umbrella', '41: cup', '0: person', '0: person', '60: dining table', '41: cup', '56: chair', '25: umbrella']","[25, 41, 0, 0, 60, 41, 56, 25]","[0.94141215, 0.9261573, 0.8768614, 0.7671435, 0.7671304, 0.59424126, 0.29625675, 0.25601146]","[[51.14, 55.92, 238.67, 137.45], [416.01, 295.84, 72.86, 46.97], [546.78, 128.15, 92.59, 213.84], [40.86, 79.25, 338.15, 346.3], [211.71, 339.61, 428.2, 85.62], [626.66, 331.79, 13.2, 26.5], [112.17, 360.89, 116.71, 66.11], [1, 117.83, 12.38, 27.31]]"
1473,/home/pi/sambashare/BacArbeit/cocoval2017/000000429623.jpg,3.178047678999974,"['45: bowl', '39: bottle', '44: spoon']","[45, 39, 44]","[0.79320395, 0.58542323, 0.48226035]","[[1, 167.66, 519.3, 303.98], [496.14, 90.98, 121.4, 187.2], [404.15, 269.71, 234.8, 111.62]]"
1474,/home/pi/sambashare/BacArbeit/cocoval2017/000000316666.jpg,3.1799473099999886,"['75: vase', '75: vase', '74: clock', '40: wine glass', '75: vase', '58: potted plant', '74: clock', '73: book', '40: wine glass', '73: book', '40: wine glass', '73: book', '73: book']","[75, 75, 74, 40, 75, 58, 74, 73, 40, 73, 40, 73, 73]","[0.91397107, 0.8689938, 0.84345484, 0.80690336, 0.6014706, 0.57444924, 0.55666167, 0.45335928, 0.41911945, 0.40552628, 0.33439517, 0.29542208, 0.29116455]","[[453.57, 201.17, 52.67, 115.02], [288.06, 288.65, 46.62, 64.9], [429.09, 1, 69.49, 39.79], [390.46, 263.74, 30.78, 47.24], [326.6, 310.1, 25.69, 36.29], [243.7, 166.43, 197.76, 185.29], [98.66, 172.21, 20.8, 28.44], [65.88, 238.81, 15.2, 52.37], [419.58, 269.02, 19.32, 23.47], [50.32, 238.71, 14.55, 53.74], [264.55, 264.87, 20.47, 39.11], [55.06, 125.23, 17.46, 54.6], [68.77, 126.35, 17.53, 53.88]]"
1475,/home/pi/sambashare/BacArbeit/cocoval2017/000000085089.jpg,3.1778740720001224,"['40: wine glass', '40: wine glass', '0: person', '40: wine glass', '0: person', '40: wine glass']","[40, 40, 0, 40, 0, 40]","[0.93511075, 0.6763704, 0.6656318, 0.5998044, 0.387921, 0.2667511]","[[240.29, 210.97, 173.61, 216.77], [316.5, 129.03, 180.79, 197.65], [14.08, 333.39, 226.3, 94.16], [159.67, 115.52, 164.22, 242.97], [465.94, 261.76, 173.41, 125.79], [269.08, 1, 157.05, 186.7]]"
1476,/home/pi/sambashare/BacArbeit/cocoval2017/000000530470.jpg,3.177805329999501,"['7: truck', '33: kite', '2: car', '33: kite', '0: person']","[7, 33, 2, 33, 0]","[0.76525146, 0.63167167, 0.5882738, 0.40239176, 0.33817044]","[[349.06, 337.66, 74.57, 34.68], [240.9, 182.08, 34.43, 25.57], [269.82, 270.96, 16.12, 10.7], [313.58, 91.6, 9.56, 6.81], [217.34, 364.69, 7.39, 10.17]]"
1477,/home/pi/sambashare/BacArbeit/cocoval2017/000000104455.jpg,3.1910028020001846,"['22: zebra', '2: car', '22: zebra']","[22, 2, 22]","[0.7993564, 0.43100744, 0.3236465]","[[77.24, 29.66, 536.12, 367.68], [1, 114.75, 114.81, 76.99], [82.93, 196.73, 209.62, 153.33]]"
1478,/home/pi/sambashare/BacArbeit/cocoval2017/000000351331.jpg,3.192919938000159,"['42: fork', '45: bowl']","[42, 45]","[0.9064094, 0.7020658]","[[545.86, 53.93, 89.18, 335.53], [72.94, 32.43, 455.57, 428.83]]"
1479,/home/pi/sambashare/BacArbeit/cocoval2017/000000308466.jpg,3.19150110999999,"['61: toilet', '71: sink']","[61, 71]","[0.90912735, 0.8864344]","[[179.78, 354.82, 158.92, 124.74], [38.28, 395.78, 196.39, 84.22]]"
1480,/home/pi/sambashare/BacArbeit/cocoval2017/000000570782.jpg,3.1840273640000305,"['66: keyboard', '64: mouse', '63: laptop', '56: chair', '66: keyboard', '66: keyboard', '39: bottle', '64: mouse', '63: laptop', '66: keyboard', '62: tv', '41: cup']","[66, 64, 63, 56, 66, 66, 39, 64, 63, 66, 62, 41]","[0.8907218, 0.8811698, 0.85902977, 0.8368205, 0.73497915, 0.617098, 0.588391, 0.5289685, 0.49722716, 0.474742, 0.42821395, 0.30803302]","[[299.66, 197.71, 199.67, 57.8], [495.46, 201.37, 41.91, 21.48], [248.16, 163.97, 190.31, 168.14], [465.87, 119.92, 173.3, 307.08], [70.78, 277.59, 234.1, 121.24], [84.26, 254.77, 77.64, 29.95], [135.06, 126.55, 52.96, 148.39], [38.18, 256.91, 53.57, 26.09], [29.48, 145.96, 174.52, 177.51], [273.26, 256.6, 135.68, 48.1], [266.16, 37.83, 161.08, 139.49], [327.4, 132.26, 29.9, 34.37]]"
1481,/home/pi/sambashare/BacArbeit/cocoval2017/000000309484.jpg,3.1788514899999427,"['0: person', '15: cat', '79: toothbrush']","[0, 15, 79]","[0.57516825, 0.5748698, 0.32388452]","[[1, 1.51, 230.95, 328.55], [5.83, 30.12, 525.34, 600.37], [181.08, 214.94, 233.42, 74.39]]"
1482,/home/pi/sambashare/BacArbeit/cocoval2017/000000577862.jpg,3.1896863920001124,"['23: giraffe', '23: giraffe']","[23, 23]","[0.8913924, 0.8912326]","[[417.13, 34.99, 188.55, 368.08], [177.38, 20.02, 372.64, 398.67]]"
1483,/home/pi/sambashare/BacArbeit/cocoval2017/000000316015.jpg,3.187162062000425,"['15: cat', '62: tv', '67: cell phone', '66: keyboard', '63: laptop', '41: cup', '73: book', '63: laptop', '65: remote']","[15, 62, 67, 66, 63, 41, 73, 63, 65]","[0.92868495, 0.87913245, 0.8306859, 0.8103723, 0.6802944, 0.35949537, 0.30978018, 0.26060376, 0.25036946]","[[304.45, 163.99, 157.59, 202.17], [128.69, 84.7, 198.94, 128.28], [58.15, 276.08, 53.4, 32.52], [122.94, 232.74, 201.65, 81.08], [1, 178.02, 81.87, 135.74], [329.75, 187.25, 40.86, 42.15], [448.11, 224.68, 51.89, 29.21], [1, 260.4, 45.14, 49.79], [363.05, 382.67, 134.07, 17.13]]"
1484,/home/pi/sambashare/BacArbeit/cocoval2017/000000432085.jpg,3.1873215550003806,"['64: mouse', '39: bottle', '55: cake', '0: person']","[64, 39, 55, 0]","[0.90313524, 0.778011, 0.72852236, 0.6745929]","[[19.24, 217.24, 58.95, 33.67], [112.21, 106.86, 49.08, 109.7], [156.95, 177.14, 149.66, 60.97], [204.23, 3.63, 292.76, 370.5]]"
1485,/home/pi/sambashare/BacArbeit/cocoval2017/000000254016.jpg,3.1870958800000153,"['54: donut', '54: donut', '54: donut', '54: donut', '54: donut', '54: donut', '54: donut', '54: donut', '75: vase', '54: donut', '54: donut', '54: donut', '0: person', '54: donut']","[54, 54, 54, 54, 54, 54, 54, 54, 75, 54, 54, 54, 0, 54]","[0.73145807, 0.7076761, 0.67135036, 0.6459406, 0.555773, 0.5387236, 0.5337991, 0.48323458, 0.45269242, 0.41691038, 0.3967785, 0.37647983, 0.27058193, 0.26701757]","[[335.3, 172.72, 35.5, 30.65], [370.16, 173.76, 35.93, 32.36], [414.17, 140.75, 33.62, 28.22], [380.9, 138.58, 33.77, 29.5], [346.49, 139.35, 34.13, 27.58], [316.95, 135.89, 34.36, 29.71], [303.63, 170.96, 32.58, 30.99], [267.23, 299.96, 55.75, 32.7], [1, 1.67, 246.38, 434.35], [214.09, 294.29, 56.0, 31.25], [205.61, 369.94, 67.03, 40.14], [235.84, 331.9, 62.21, 37.13], [233.28, 1, 178.84, 134.52], [321.3, 303.85, 49.51, 35.99]]"
1486,/home/pi/sambashare/BacArbeit/cocoval2017/000000014226.jpg,3.1967941800003246,"['63: laptop', '0: person', '0: person', '24: backpack', '56: chair']","[63, 0, 0, 24, 56]","[0.9309872, 0.88341963, 0.5314048, 0.30739135, 0.3056512]","[[220.03, 233.6, 214.6, 135.56], [211.84, 29.62, 337.42, 343.89], [1.44, 357.23, 234.61, 121.68], [538.69, 218.61, 100.85, 134.56], [401.32, 13.38, 189.72, 250.33]]"
1487,/home/pi/sambashare/BacArbeit/cocoval2017/000000248111.jpg,3.187173129000257,"['72: refrigerator', '69: oven', '71: sink', '39: bottle', '26: handbag', '39: bottle', '39: bottle']","[72, 69, 71, 39, 26, 39, 39]","[0.93248534, 0.89478856, 0.70612574, 0.5922505, 0.50936997, 0.5081083, 0.26399845]","[[426.87, 195.53, 108.91, 231.17], [320.72, 248.07, 76.41, 107.42], [206.88, 262.96, 66.37, 18.04], [415.48, 244.18, 13.71, 28.07], [342.83, 388.35, 54.4, 38.49], [278.89, 366.92, 23.79, 42.0], [245.31, 379.72, 24.47, 40.61]]"
1488,/home/pi/sambashare/BacArbeit/cocoval2017/000000420281.jpg,3.1751118769998357,"['0: person', '0: person', '54: donut', '0: person']","[0, 0, 54, 0]","[0.8458735, 0.803115, 0.7392584, 0.6689406]","[[1, 258.34, 58.97, 157.25], [413.68, 221.88, 65.87, 213.85], [149.06, 382.01, 93.65, 123.5], [1.65, 26.47, 478.35, 610.24]]"
1489,/home/pi/sambashare/BacArbeit/cocoval2017/000000464358.jpg,3.1713781460002792,"['56: chair', '59: bed', '62: tv', '62: tv']","[56, 59, 62, 62]","[0.8356228, 0.830339, 0.75366205, 0.2962512]","[[281.89, 166.42, 102.68, 112.56], [13.32, 201.04, 407.52, 223.87], [474.75, 81.32, 96.48, 82.97], [490.18, 137.99, 35.48, 62.51]]"
1490,/home/pi/sambashare/BacArbeit/cocoval2017/000000421455.jpg,3.188949099000638,"['2: car', '67: cell phone']","[2, 67]","[0.7704721, 0.2649018]","[[443.43, 289.17, 32.78, 30.48], [36.71, 79.48, 174.01, 294.56]]"
1491,/home/pi/sambashare/BacArbeit/cocoval2017/000000425390.jpg,3.1787837140000192,"['15: cat', '0: person', '63: laptop']","[15, 0, 63]","[0.7762218, 0.3174452, 0.25219035]","[[1, 50.39, 480.93, 294.12], [6.94, 67.7, 74.09, 19.31], [32.95, 271.72, 460.91, 102.84]]"
1492,/home/pi/sambashare/BacArbeit/cocoval2017/000000272416.jpg,3.191079647999686,"['61: toilet', '61: toilet']","[61, 61]","[0.9403074, 0.76254773]","[[282.81, 154.75, 312.29, 193.27], [1, 1, 159.27, 195.02]]"
1493,/home/pi/sambashare/BacArbeit/cocoval2017/000000162092.jpg,3.1727133640006286,"['0: person', '0: person', '0: person', '0: person', '0: person', '0: person', '0: person', '0: person', '67: cell phone', '0: person', '0: person', '0: person', '0: person', '55: cake', '41: cup']","[0, 0, 0, 0, 0, 0, 0, 0, 67, 0, 0, 0, 0, 55, 41]","[0.8957829, 0.8906118, 0.8814575, 0.8403372, 0.71473837, 0.67795146, 0.6729244, 0.66855407, 0.61886686, 0.57778263, 0.5381702, 0.4988731, 0.43033904, 0.3838186, 0.27702376]","[[94.02, 78.43, 156.91, 147.94], [1, 229.96, 94.42, 406.65], [251.74, 48.45, 365.34, 589.68], [1, 48.58, 94.3, 177.04], [290.14, 41.74, 93.99, 182.45], [180.08, 48.76, 49.78, 79.61], [225.91, 90.3, 77.47, 134.97], [483.35, 48.99, 104.16, 134.94], [232.54, 280.65, 59.43, 45.97], [237.3, 43.84, 56.17, 49.01], [65.84, 52.6, 43.58, 114.6], [105.93, 38.88, 56.85, 55.11], [204.08, 72.41, 65.17, 78.85], [103.08, 491.76, 94.74, 69.49], [200.72, 472.1, 44.31, 53.96]]"
1494,/home/pi/sambashare/BacArbeit/cocoval2017/000000236308.jpg,3.1777138530005686,"['0: person', '0: person', '0: person', '24: backpack', '30: skis']","[0, 0, 0, 24, 30]","[0.9144831, 0.9035559, 0.48838553, 0.3561589, 0.28515947]","[[178.41, 187.6, 41.28, 89.28], [49.41, 153.21, 56.07, 121.45], [523.88, 188.17, 5.43, 13.58], [50.2, 169.3, 34.85, 44.43], [43.09, 270.76, 47.45, 5.63]]"
1495,/home/pi/sambashare/BacArbeit/cocoval2017/000000533145.jpg,3.1664147840001533,"['62: tv', '65: remote']","[62, 65]","[0.65031326, 0.45477328]","[[258.08, 217.21, 225.2, 157.42], [2.88, 1.56, 345.76, 360.77]]"
1496,/home/pi/sambashare/BacArbeit/cocoval2017/000000544444.jpg,3.174447143999714,"['0: person', '30: skis']","[0, 30]","[0.9441621, 0.7334824]","[[125.22, 256.7, 235.12, 251.61], [89.22, 508.12, 138.43, 36.25]]"
1497,/home/pi/sambashare/BacArbeit/cocoval2017/000000165351.jpg,3.1843978639999477,['77: teddy bear'],[77],[0.29091248],"[[183.18, 23.06, 427.23, 588.94]]"
1498,/home/pi/sambashare/BacArbeit/cocoval2017/000000140929.jpg,3.193342937000125,['74: clock'],[74],[0.68842113],"[[202.55, 20.47, 437.06, 268.2]]"
1499,/home/pi/sambashare/BacArbeit/cocoval2017/000000200421.jpg,3.1714912369998274,"['0: person', '1: bicycle']","[0, 1]","[0.71124494, 0.6032858]","[[127.91, 133.0, 359.98, 346.51], [373.87, 1, 263.4, 441.69]]"
1500,/home/pi/sambashare/BacArbeit/cocoval2017/000000235784.jpg,3.1692557550004494,"['0: person', '24: backpack']","[0, 24]","[0.8869755, 0.7698454]","[[230.34, 146.15, 125.89, 264.52], [212.35, 181.57, 79.68, 109.61]]"
1501,/home/pi/sambashare/BacArbeit/cocoval2017/000000229858.jpg,3.1753118970000287,"['17: horse', '17: horse']","[17, 17]","[0.78516144, 0.4821397]","[[198.94, 119.44, 138.76, 339.56], [299.81, 258.04, 59.98, 249.75]]"
1502,/home/pi/sambashare/BacArbeit/cocoval2017/000000505789.jpg,3.185401486000046,"['0: person', '0: person', '0: person', '74: clock', '0: person', '0: person']","[0, 0, 0, 74, 0, 0]","[0.9252924, 0.90320766, 0.8798501, 0.79226035, 0.67474186, 0.44941595]","[[177.64, 377.35, 110.94, 261.1], [118.8, 346.06, 70.97, 236.35], [329.48, 362.42, 50.98, 145.49], [272.66, 61.03, 28.11, 39.73], [256.81, 366.44, 41.83, 129.22], [202.93, 365.96, 21.2, 29.87]]"
1503,/home/pi/sambashare/BacArbeit/cocoval2017/000000341828.jpg,3.1872551060005208,"['67: cell phone', '0: person', '53: pizza']","[67, 0, 53]","[0.813296, 0.6666969, 0.56505054]","[[337.31, 249.44, 101.63, 152.44], [1, 17.32, 606.17, 580.71], [38.44, 444.44, 246.96, 158.79]]"
1504,/home/pi/sambashare/BacArbeit/cocoval2017/000000521717.jpg,3.1858848629999557,"['0: person', '56: chair', '0: person', '0: person', '38: tennis racket', '25: umbrella', '39: bottle']","[0, 56, 0, 0, 38, 25, 39]","[0.9038881, 0.90196127, 0.8895518, 0.87776965, 0.59260505, 0.30150196, 0.30133787]","[[292.02, 79.35, 68.06, 142.71], [438.02, 97.77, 51.73, 65.3], [209.79, 179.3, 91.05, 186.38], [360.02, 19.28, 51.6, 170.97], [202.38, 172.75, 40.11, 35.26], [1, 377.5, 236.3, 47.82], [411.17, 159.85, 8.44, 17.4]]"
1505,/home/pi/sambashare/BacArbeit/cocoval2017/000000230993.jpg,3.2057467270005873,"['25: umbrella', '25: umbrella', '0: person', '0: person', '26: handbag', '26: handbag', '28: suitcase']","[25, 25, 0, 0, 26, 26, 28]","[0.94837457, 0.9461503, 0.8692366, 0.8137821, 0.5959249, 0.3702376, 0.31801382]","[[54.85, 41.26, 337.95, 216.04], [370.28, 65.89, 249.54, 133.65], [99.53, 222.27, 180.54, 184.95], [364.49, 148.03, 142.11, 259.97], [309.0, 257.54, 103.56, 150.0], [214.89, 250.94, 67.49, 98.92], [1, 1.62, 73.11, 174.9]]"
1506,/home/pi/sambashare/BacArbeit/cocoval2017/000000035682.jpg,3.182184595000763,"['41: cup', '0: person', '41: cup', '54: donut', '56: chair', '54: donut', '26: handbag', '54: donut', '0: person', '0: person', '0: person', '60: dining table', '0: person']","[41, 0, 41, 54, 56, 54, 26, 54, 0, 0, 0, 60, 0]","[0.95252013, 0.93115866, 0.9042104, 0.86580396, 0.82246757, 0.797214, 0.7181495, 0.6865477, 0.6210945, 0.53141934, 0.46145806, 0.3330998, 0.25006652]","[[64.76, 373.56, 125.71, 124.26], [90.05, 1, 270.11, 326.41], [100.35, 277.35, 63.09, 103.34], [120.89, 473.6, 168.7, 165.49], [438.63, 198.83, 41.21, 188.91], [256.93, 412.99, 105.76, 100.25], [356.5, 183.5, 72.46, 105.91], [207.02, 320.21, 52.83, 40.56], [443.64, 106.29, 36.14, 127.12], [18.65, 71.13, 51.48, 60.33], [401.83, 104.82, 74.74, 165.92], [1, 298.67, 476.68, 340.8], [53.83, 1, 73.92, 56.18]]"
1507,/home/pi/sambashare/BacArbeit/cocoval2017/000000141821.jpg,3.189276510000127,"['45: bowl', '39: bottle', '0: person', '53: pizza', '56: chair']","[45, 39, 0, 53, 56]","[0.87553626, 0.79473335, 0.65657043, 0.63019973, 0.44248828]","[[1, 286.5, 93.15, 100.32], [504.08, 151.97, 135.22, 326.95], [58.65, 1.08, 552.97, 112.05], [67.96, 105.39, 484.0, 364.9], [34.95, 1, 41.92, 80.78]]"
1508,/home/pi/sambashare/BacArbeit/cocoval2017/000000324614.jpg,3.190228864999881,"['0: person', '79: toothbrush', '79: toothbrush']","[0, 79, 79]","[0.9033609, 0.6808227, 0.34580234]","[[1, 80.88, 336.11, 342.44], [152.18, 237.04, 121.76, 54.51], [149.45, 232.47, 46.05, 31.9]]"
1509,/home/pi/sambashare/BacArbeit/cocoval2017/000000452084.jpg,3.192866542000047,"['44: spoon', '52: hot dog', '45: bowl', '60: dining table']","[44, 52, 45, 60]","[0.95268244, 0.4772155, 0.43047062, 0.2512907]","[[214.33, 284.43, 409.47, 294.43], [294.14, 166.94, 150.81, 196.72], [8.85, 19.24, 366.1, 356.3], [8.25, 1, 619.66, 622.03]]"
1510,/home/pi/sambashare/BacArbeit/cocoval2017/000000062353.jpg,3.1807526969996616,"['23: giraffe', '23: giraffe', '0: person', '23: giraffe', '0: person', '0: person', '73: book']","[23, 23, 0, 23, 0, 0, 73]","[0.9304969, 0.8630735, 0.7928904, 0.73261136, 0.7308183, 0.37531796, 0.3031245]","[[133.77, 139.34, 180.34, 223.05], [258.86, 155.82, 173.53, 178.33], [15.54, 229.69, 39.18, 36.63], [407.43, 202.75, 81.6, 130.62], [78.86, 220.77, 33.58, 48.29], [59.65, 244.12, 26.84, 23.1], [1, 372.79, 33.58, 54.85]]"
1511,/home/pi/sambashare/BacArbeit/cocoval2017/000000163746.jpg,3.1844189419998656,"['4: airplane', '4: airplane', '0: person', '0: person', '0: person', '0: person', '0: person', '0: person', '0: person', '0: person', '0: person']","[4, 4, 0, 0, 0, 0, 0, 0, 0, 0, 0]","[0.9464669, 0.94145626, 0.93835336, 0.9176058, 0.9144528, 0.88827926, 0.8496119, 0.7128084, 0.58177215, 0.35762605, 0.29567656]","[[519.03, 1, 55.85, 60.51], [174.19, 1, 56.28, 59.8], [127.34, 157.24, 121.9, 323.67], [53.84, 218.17, 60.7, 180.14], [384.55, 217.96, 62.41, 180.75], [456.33, 157.0, 118.19, 311.48], [341.32, 249.24, 31.05, 44.97], [1, 248.31, 30.46, 44.62], [329.9, 252.32, 6.93, 10.91], [360.84, 246.04, 10.25, 17.74], [371.37, 253.4, 8.32, 12.2]]"
1512,/home/pi/sambashare/BacArbeit/cocoval2017/000000023666.jpg,3.183948724000402,['61: toilet'],[61],[0.69934154],"[[164.66, 466.9, 105.63, 151.91]]"
1513,/home/pi/sambashare/BacArbeit/cocoval2017/000000161799.jpg,3.188837182999123,"['0: person', '0: person', '36: skateboard', '0: person', '36: skateboard']","[0, 0, 36, 0, 36]","[0.9428334, 0.8469174, 0.7552332, 0.72112924, 0.47272334]","[[190.32, 75.78, 119.42, 165.22], [580.13, 220.33, 31.01, 66.66], [228.7, 201.57, 62.49, 41.29], [48.93, 227.34, 21.04, 40.17], [588.76, 283.62, 16.04, 7.4]]"
1514,/home/pi/sambashare/BacArbeit/cocoval2017/000000303305.jpg,3.181225884000014,"['5: bus', '2: car', '0: person', '0: person']","[5, 2, 0, 0]","[0.89928544, 0.8820925, 0.45908397, 0.32538444]","[[24.08, 55.5, 574.6, 297.62], [591.02, 203.29, 48.76, 49.86], [223.99, 195.67, 17.69, 26.06], [180.99, 178.14, 22.55, 43.95]]"
1515,/home/pi/sambashare/BacArbeit/cocoval2017/000000199055.jpg,3.184344194000005,"['36: skateboard', '0: person']","[36, 0]","[0.93627423, 0.88399565]","[[159.88, 491.04, 192.12, 121.03], [139.25, 35.08, 253.57, 566.58]]"
1516,/home/pi/sambashare/BacArbeit/cocoval2017/000000398028.jpg,3.1765189199995802,"['0: person', '0: person', '0: person', '34: baseball bat', '0: person', '0: person', '0: person', '0: person']","[0, 0, 0, 34, 0, 0, 0, 0]","[0.93861693, 0.9005122, 0.7371341, 0.7258062, 0.48530608, 0.35181242, 0.28000605, 0.27224502]","[[1, 104.98, 88.83, 275.82], [115.17, 118.53, 307.59, 518.71], [291.15, 144.08, 129.66, 236.39], [175.57, 40.09, 153.52, 276.14], [374.78, 22.2, 45.64, 110.61], [1, 22.36, 36.89, 48.78], [403.0, 24.38, 24.98, 101.73], [172.29, 16.45, 26.56, 48.53]]"
1517,/home/pi/sambashare/BacArbeit/cocoval2017/000000162581.jpg,3.187283754999953,"['0: person', '38: tennis racket']","[0, 38]","[0.878224, 0.60930735]","[[147.73, 101.21, 178.22, 404.41], [169.06, 64.14, 48.94, 64.69]]"
1518,/home/pi/sambashare/BacArbeit/cocoval2017/000000201148.jpg,3.1729255999998713,"['6: train', '9: traffic light']","[6, 9]","[0.9070362, 0.6533572]","[[143.78, 156.15, 211.27, 75.38], [450.34, 129.1, 32.34, 43.17]]"
1519,/home/pi/sambashare/BacArbeit/cocoval2017/000000159311.jpg,3.178716761999567,['22: zebra'],[22],[0.8710593],"[[1, 1.91, 313.75, 265.84]]"
1520,/home/pi/sambashare/BacArbeit/cocoval2017/000000025986.jpg,3.1742347999997946,"['45: bowl', '41: cup', '45: bowl', '44: spoon', '45: bowl', '45: bowl', '0: person', '45: bowl']","[45, 41, 45, 44, 45, 45, 0, 45]","[0.91309416, 0.9039923, 0.867327, 0.8653917, 0.8048345, 0.62169266, 0.3097079, 0.27901673]","[[14.42, 123.8, 336.21, 163.33], [372.83, 202.0, 76.73, 99.23], [561.53, 31.25, 78.01, 89.32], [228.08, 185.16, 76.23, 87.93], [108.49, 311.3, 296.18, 168.25], [1, 253.96, 154.49, 186.33], [554.36, 405.82, 85.1, 73.59], [442.91, 192.35, 183.55, 114.56]]"
1521,/home/pi/sambashare/BacArbeit/cocoval2017/000000371042.jpg,3.1885258279999107,"['0: person', '0: person', '38: tennis racket', '38: tennis racket', '24: backpack', '39: bottle', '32: sports ball', '35: baseball glove', '32: sports ball', '32: sports ball']","[0, 0, 38, 38, 24, 39, 32, 35, 32, 32]","[0.8900515, 0.79824364, 0.7757719, 0.67464674, 0.59608537, 0.43096122, 0.3927681, 0.35754758, 0.3082088, 0.2946738]","[[462.28, 181.61, 51.05, 97.87], [51.31, 152.46, 80.2, 165.84], [121.55, 201.85, 55.1, 45.28], [510.13, 173.83, 26.76, 12.65], [14.52, 320.94, 54.6, 32.32], [66.17, 323.75, 12.68, 30.72], [625.77, 259.67, 6.85, 3.98], [7.08, 324.58, 35.33, 22.99], [554.85, 250.38, 6.3, 5.19], [292.7, 246.33, 7.41, 4.41]]"
1522,/home/pi/sambashare/BacArbeit/cocoval2017/000000076211.jpg,3.1806025100004263,['74: clock'],[74],[0.8390215],"[[369.51, 173.51, 71.19, 71.6]]"
1523,/home/pi/sambashare/BacArbeit/cocoval2017/000000477441.jpg,3.18112279900015,"['4: airplane', '7: truck', '0: person', '9: traffic light']","[4, 7, 0, 9]","[0.74717665, 0.6695759, 0.2924329, 0.28319183]","[[95.04, 151.68, 325.73, 149.57], [178.28, 374.26, 137.21, 29.27], [337.16, 277.02, 8.57, 19.53], [488.56, 32.16, 124.02, 69.41]]"
1524,/home/pi/sambashare/BacArbeit/cocoval2017/000000227765.jpg,3.1742254220007453,"['44: spoon', '45: bowl']","[44, 45]","[0.9449047, 0.5797431]","[[307.22, 174.47, 332.7, 194.42], [62.71, 8.2, 563.99, 469.53]]"
1525,/home/pi/sambashare/BacArbeit/cocoval2017/000000275791.jpg,3.188731338999787,"['8: boat', '8: boat', '8: boat', '6: train', '8: boat', '5: bus']","[8, 8, 8, 6, 8, 5]","[0.8571612, 0.85400903, 0.7835601, 0.68396235, 0.5605224, 0.5182783]","[[472.19, 201.57, 167.57, 114.43], [510.67, 325.12, 128.16, 101.11], [345.75, 263.55, 132.87, 104.95], [197.62, 143.61, 285.62, 95.89], [140.59, 293.44, 239.24, 133.56], [1.66, 357.28, 187.67, 68.76]]"
1526,/home/pi/sambashare/BacArbeit/cocoval2017/000000213171.jpg,3.1856401120003284,"['0: person', '35: baseball glove']","[0, 35]","[0.94889915, 0.8838515]","[[135.25, 148.16, 112.97, 289.14], [212.02, 284.47, 36.35, 45.34]]"
1527,/home/pi/sambashare/BacArbeit/cocoval2017/000000560256.jpg,3.187982164999994,"['46: banana', '46: banana', '46: banana', '46: banana']","[46, 46, 46, 46]","[0.5651948, 0.48825076, 0.44815886, 0.29580522]","[[123.35, 328.66, 167.33, 139.78], [153.11, 342.51, 112.22, 62.07], [281.27, 254.41, 99.08, 109.21], [377.85, 264.53, 188.49, 145.4]]"
1528,/home/pi/sambashare/BacArbeit/cocoval2017/000000369323.jpg,3.179601902000286,"['0: person', '0: person', '38: tennis racket', '0: person']","[0, 0, 38, 0]","[0.92867976, 0.90843034, 0.8275801, 0.53453285]","[[279.39, 131.64, 97.19, 184.57], [44.06, 61.63, 256.43, 405.61], [286.22, 35.86, 65.43, 114.78], [105.36, 98.64, 65.13, 174.59]]"
1529,/home/pi/sambashare/BacArbeit/cocoval2017/000000302030.jpg,3.199888504000228,"['63: laptop', '66: keyboard', '64: mouse', '56: chair', '62: tv', '73: book', '63: laptop', '66: keyboard', '73: book', '73: book', '73: book', '66: keyboard', '73: book', '73: book', '73: book']","[63, 66, 64, 56, 62, 73, 63, 66, 73, 73, 73, 66, 73, 73, 73]","[0.9159748, 0.9049969, 0.78160965, 0.77392364, 0.75270444, 0.6387898, 0.5200576, 0.5048397, 0.40054747, 0.3389579, 0.33765718, 0.33396378, 0.31556523, 0.26587456, 0.26253313]","[[1, 134.9, 227.38, 219.82], [419.81, 91.76, 136.41, 36.92], [557.18, 109.47, 27.41, 17.82], [389.92, 158.25, 248.62, 200.75], [436.51, 1.88, 98.66, 82.86], [185.52, 108.19, 113.92, 19.3], [466.95, 331.03, 73.7, 27.94], [337.47, 125.42, 44.51, 13.14], [142.83, 165.57, 154.11, 73.79], [192.84, 92.85, 105.93, 18.63], [109.21, 18.17, 57.94, 48.82], [97.57, 232.7, 66.74, 111.46], [161.57, 15.14, 19.29, 53.09], [183.41, 15.06, 26.19, 52.8], [174.02, 115.32, 126.81, 35.81]]"
1530,/home/pi/sambashare/BacArbeit/cocoval2017/000000258883.jpg,3.174359726000148,"['0: person', '53: pizza', '53: pizza', '53: pizza']","[0, 53, 53, 53]","[0.78181475, 0.78039247, 0.4856079, 0.44946125]","[[1, 131.49, 282.98, 218.83], [9.05, 300.4, 300.99, 115.48], [1.81, 387.02, 340.13, 207.08], [318.96, 341.73, 106.45, 123.15]]"
1531,/home/pi/sambashare/BacArbeit/cocoval2017/000000412894.jpg,3.201085876000434,"['0: person', '0: person', '0: person', '0: person', '9: traffic light', '0: person', '26: handbag', '0: person', '0: person', '26: handbag', '0: person', '0: person', '0: person', '0: person', '28: suitcase', '26: handbag', '0: person', '26: handbag', '24: backpack', '0: person', '0: person', '26: handbag', '0: person', '0: person']","[0, 0, 0, 0, 9, 0, 26, 0, 0, 26, 0, 0, 0, 0, 28, 26, 0, 26, 24, 0, 0, 26, 0, 0]","[0.926211, 0.8991585, 0.88193285, 0.88058376, 0.8666674, 0.8600112, 0.8069122, 0.79524475, 0.78639644, 0.7666383, 0.7401931, 0.7072722, 0.70337194, 0.64838517, 0.5831748, 0.5814031, 0.5238687, 0.49882382, 0.4970059, 0.48717228, 0.38620996, 0.3304222, 0.25788254, 0.25189653]","[[97.81, 514.83, 54.59, 124.39], [163.83, 522.47, 45.33, 117.26], [1, 537.61, 61.61, 101.61], [244.42, 487.46, 39.65, 126.71], [306.44, 340.05, 50.31, 130.67], [196.62, 484.09, 46.9, 134.73], [34.55, 572.12, 23.5, 66.88], [357.74, 476.29, 56.35, 124.46], [401.07, 476.69, 25.82, 116.59], [271.35, 592.61, 19.7, 47.39], [282.1, 541.95, 36.92, 97.7], [1, 481.65, 39.51, 54.5], [63.42, 467.19, 41.05, 74.42], [37.14, 477.54, 43.42, 58.71], [155.78, 628.6, 33.56, 11.28], [209.67, 506.97, 20.79, 33.49], [1, 445.11, 14.63, 69.05], [165.0, 546.14, 10.22, 38.16], [359.0, 502.47, 14.01, 29.63], [248.56, 433.47, 21.37, 56.75], [204.95, 503.82, 27.07, 67.49], [240.21, 560.31, 14.24, 34.89], [242.87, 427.36, 11.6, 65.11], [413.14, 611.04, 13.77, 28.94]]"
1532,/home/pi/sambashare/BacArbeit/cocoval2017/000000402765.jpg,3.185563409999304,['65: remote'],[65],[0.65461344],"[[53.92, 1, 425.21, 374]]"
1533,/home/pi/sambashare/BacArbeit/cocoval2017/000000574315.jpg,3.195322876999853,"['15: cat', '63: laptop', '57: couch']","[15, 63, 57]","[0.84914154, 0.6534643, 0.27186874]","[[181.36, 102.44, 250.19, 239.26], [11.72, 258.17, 557.17, 221.01], [1.88, 27.53, 625.27, 438.84]]"
1534,/home/pi/sambashare/BacArbeit/cocoval2017/000000205333.jpg,3.186456813999939,['22: zebra'],[22],[0.5199152],"[[224.33, 138.25, 415.67, 25.58]]"
1535,/home/pi/sambashare/BacArbeit/cocoval2017/000000025593.jpg,3.16881139599991,"['1: bicycle', '0: person', '0: person']","[1, 0, 0]","[0.82926846, 0.49658245, 0.30222473]","[[267.81, 104.77, 133.52, 62.59], [256.4, 31.13, 48.33, 73.49], [293.37, 62.93, 31.62, 39.46]]"
1536,/home/pi/sambashare/BacArbeit/cocoval2017/000000401250.jpg,3.1904514510006265,['14: bird'],[14],[0.68765414],"[[110.87, 35.16, 245.32, 258.5]]"
1537,/home/pi/sambashare/BacArbeit/cocoval2017/000000115870.jpg,3.1942012440003964,"['0: person', '73: book', '0: person', '0: person', '0: person', '73: book', '58: potted plant', '73: book', '0: person', '57: couch', '60: dining table']","[0, 73, 0, 0, 0, 73, 58, 73, 0, 57, 60]","[0.89380044, 0.86330396, 0.8358342, 0.8056817, 0.80086887, 0.69117117, 0.65088665, 0.48802128, 0.4533667, 0.32709134, 0.32435885]","[[272.55, 102.77, 60.47, 77.97], [3.01, 365.22, 68.96, 27.49], [203.39, 68.54, 71.05, 277.61], [65.43, 180.67, 89.7, 116.51], [170.82, 249.83, 459.87, 175.62], [372.28, 353.6, 88.07, 54.76], [436.39, 81.61, 144.66, 158.6], [97.35, 338.81, 34.59, 14.3], [23.43, 185.08, 71.02, 121.09], [95.62, 176.52, 544.38, 190.96], [1, 301.56, 170.34, 123.67]]"
1538,/home/pi/sambashare/BacArbeit/cocoval2017/000000351096.jpg,3.1714100159997543,"['76: scissors', '0: person']","[76, 0]","[0.61243176, 0.27834705]","[[6.71, 47.71, 478.89, 302.78], [1, 222.18, 107.42, 151.94]]"
1539,/home/pi/sambashare/BacArbeit/cocoval2017/000000474293.jpg,3.194949106000422,"['0: person', '77: teddy bear', '74: clock', '26: handbag']","[0, 77, 74, 26]","[0.9121922, 0.63567495, 0.63118166, 0.51773334]","[[524.25, 247.08, 115.15, 232.92], [319.57, 73.1, 64.43, 54.19], [33.02, 1, 56.08, 96.61], [557.89, 285.47, 55.71, 78.58]]"
1540,/home/pi/sambashare/BacArbeit/cocoval2017/000000068093.jpg,3.180195150000145,"['2: car', '0: person', '3: motorcycle', '7: truck', '0: person', '3: motorcycle']","[2, 0, 3, 7, 0, 3]","[0.91572404, 0.8833178, 0.80364615, 0.7959617, 0.78383774, 0.6065861]","[[517.59, 75.32, 122.05, 110.53], [374.3, 56.12, 198.18, 401.83], [4.47, 117.17, 608.78, 362.78], [558.18, 66.22, 81.69, 36.96], [343.55, 32.21, 123.53, 276.48], [188.71, 119.13, 171.02, 172.96]]"
1541,/home/pi/sambashare/BacArbeit/cocoval2017/000000267946.jpg,3.190821913000036,[],[],[],[]
1542,/home/pi/sambashare/BacArbeit/cocoval2017/000000525155.jpg,3.178877504999946,['14: bird'],[14],[0.7961384],"[[171.2, 33.55, 468.8, 389.54]]"
1543,/home/pi/sambashare/BacArbeit/cocoval2017/000000195045.jpg,3.176796201999423,"['56: chair', '13: bench']","[56, 13]","[0.87179565, 0.82388926]","[[421.82, 294.16, 51.48, 61.1], [1, 269.23, 42.3, 30.97]]"
1544,/home/pi/sambashare/BacArbeit/cocoval2017/000000045472.jpg,3.19021719400007,"['41: cup', '75: vase', '75: vase', '41: cup', '41: cup', '41: cup', '41: cup', '75: vase', '49: orange', '45: bowl', '49: orange', '49: orange', '45: bowl']","[41, 75, 75, 41, 41, 41, 41, 75, 49, 45, 49, 49, 45]","[0.8563582, 0.8428841, 0.8321943, 0.82676774, 0.82674384, 0.74121404, 0.72059536, 0.68084925, 0.61816883, 0.4764781, 0.41264388, 0.3089996, 0.2724835]","[[371.17, 377.78, 62.86, 49.93], [210.75, 1, 201.63, 357.73], [264.77, 228.59, 129.04, 143.33], [308.8, 378.22, 62.33, 49.54], [433.85, 376.07, 64.51, 51.48], [242.08, 377.2, 69.59, 50.8], [179.46, 383.88, 65.33, 44.12], [43.69, 130.5, 194.64, 238.33], [529.58, 242.56, 97.16, 90.61], [391.77, 276.86, 237.89, 119.94], [426.88, 255.22, 102.08, 93.03], [465.21, 175.32, 98.39, 95.45], [434.34, 343.39, 147.72, 55.21]]"
1545,/home/pi/sambashare/BacArbeit/cocoval2017/000000511321.jpg,3.1803677899997638,"['8: boat', '8: boat', '8: boat', '8: boat', '8: boat', '8: boat']","[8, 8, 8, 8, 8, 8]","[0.9215718, 0.8733081, 0.5300868, 0.34226844, 0.2949041, 0.26374096]","[[48.41, 401.58, 235.59, 157.11], [25.23, 312.23, 199.23, 44.42], [403.98, 279.61, 20.09, 8.35], [221.38, 292.0, 91.51, 16.74], [27.97, 271.09, 32.75, 22.59], [369.04, 278.51, 18.17, 5.82]]"
1546,/home/pi/sambashare/BacArbeit/cocoval2017/000000182441.jpg,3.1777103999993415,"['0: person', '14: bird', '14: bird', '14: bird', '14: bird', '14: bird', '14: bird', '14: bird', '14: bird', '14: bird', '14: bird', '14: bird']","[0, 14, 14, 14, 14, 14, 14, 14, 14, 14, 14, 14]","[0.9082644, 0.44272566, 0.3678926, 0.34177834, 0.33500633, 0.32070908, 0.31123254, 0.30045927, 0.28564999, 0.2855929, 0.26105496, 0.25089595]","[[223.19, 289.87, 34.17, 92.58], [465.47, 147.0, 52.07, 28.11], [67.06, 349.03, 22.62, 19.2], [257.25, 155.61, 51.04, 18.52], [173.44, 107.93, 50.89, 19.39], [439.71, 272.22, 24.33, 20.17], [43.57, 209.91, 47.3, 24.81], [626.67, 133.96, 13.09, 25.93], [45.69, 65.09, 35.08, 23.82], [278.62, 111.1, 31.1, 17.0], [495.16, 264.13, 10.66, 21.44], [36.0, 126.53, 32.87, 20.29]]"
1547,/home/pi/sambashare/BacArbeit/cocoval2017/000000078915.jpg,3.198318984999787,"['32: sports ball', '38: tennis racket', '0: person', '0: person', '0: person', '0: person', '56: chair', '56: chair', '56: chair', '56: chair', '56: chair', '0: person', '0: person', '56: chair', '0: person', '0: person', '0: person', '56: chair', '0: person', '56: chair', '0: person', '56: chair', '0: person']","[32, 38, 0, 0, 0, 0, 56, 56, 56, 56, 56, 0, 0, 56, 0, 0, 0, 56, 0, 56, 0, 56, 0]","[0.89279616, 0.88691074, 0.86116195, 0.85952437, 0.8562488, 0.8486277, 0.79942304, 0.78093255, 0.770514, 0.7593465, 0.7477221, 0.7278927, 0.7174172, 0.699925, 0.62144566, 0.5517859, 0.53005266, 0.47686934, 0.4655928, 0.44586968, 0.43077475, 0.3083838, 0.27614743]","[[136.17, 295.98, 18.63, 18.98], [157.06, 297.86, 51.01, 108.47], [317.22, 1.5, 49.48, 83.27], [129.65, 393.56, 172.49, 245.34], [357.48, 11.88, 59.67, 77.03], [244.47, 5.19, 73.35, 74.12], [1, 21.06, 43.64, 23.23], [44.57, 26.93, 47.36, 23.97], [139.01, 38.47, 46.88, 23.24], [185.55, 44.91, 48.28, 22.56], [91.24, 32.82, 47.76, 23.15], [256.69, 86.87, 84.24, 102.88], [190.88, 1, 79.64, 49.72], [406.75, 19.74, 48.91, 37.42], [40.65, 1, 76.87, 40.84], [462.87, 69.74, 18.13, 129.68], [115.0, 1, 86.11, 49.48], [457.6, 24.26, 23.4, 19.13], [96.3, 1, 56.49, 34.62], [256.5, 2.89, 54.56, 38.51], [1, 1, 27.41, 27.89], [303.36, 7.4, 24.63, 37.6], [11.16, 1, 32.12, 23.88]]"
1548,/home/pi/sambashare/BacArbeit/cocoval2017/000000400803.jpg,3.182547477999833,"['8: boat', '0: person']","[8, 0]","[0.93009645, 0.7376905]","[[101.37, 100.34, 265.69, 298.87], [178.4, 257.89, 61.31, 64.51]]"
1549,/home/pi/sambashare/BacArbeit/cocoval2017/000000200839.jpg,3.1948753579999902,"['7: truck', '0: person']","[7, 0]","[0.91675293, 0.82295257]","[[88.87, 174.67, 374.81, 138.87], [3.84, 226.56, 27.74, 53.49]]"
1550,/home/pi/sambashare/BacArbeit/cocoval2017/000000047010.jpg,3.1832072940005673,"['23: giraffe', '23: giraffe', '23: giraffe']","[23, 23, 23]","[0.947794, 0.9460154, 0.93265927]","[[303.01, 199.24, 104.02, 112.58], [80.39, 208.45, 140.88, 114.17], [429.44, 203.18, 90.87, 102.47]]"
1551,/home/pi/sambashare/BacArbeit/cocoval2017/000000109916.jpg,3.1705086179999853,"['39: bottle', '69: oven']","[39, 69]","[0.6759653, 0.26283008]","[[1, 1, 72.38, 73.5], [13.09, 8.12, 626.91, 469.8]]"
1552,/home/pi/sambashare/BacArbeit/cocoval2017/000000107851.jpg,3.1743289070000174,"['20: elephant', '20: elephant', '20: elephant', '0: person', '0: person', '20: elephant', '0: person', '0: person', '0: person', '0: person', '0: person', '0: person', '0: person', '0: person', '0: person', '0: person', '0: person']","[20, 20, 20, 0, 0, 20, 0, 0, 0, 0, 0, 0, 0, 0, 0, 0, 0]","[0.8710925, 0.8622071, 0.8415677, 0.7419261, 0.57581425, 0.5748703, 0.5086582, 0.4755135, 0.4506779, 0.44356334, 0.38911498, 0.354094, 0.3472069, 0.31494042, 0.30305004, 0.28223833, 0.26706538]","[[6.01, 253.83, 56.03, 51.21], [210.89, 249.35, 46.84, 35.67], [300.69, 285.45, 105.57, 178.17], [356.98, 239.29, 42.22, 44.68], [31.07, 227.66, 30.08, 39.5], [396.51, 280.92, 37.16, 105.96], [320.92, 241.82, 37.49, 52.04], [376.37, 241.11, 15.27, 17.86], [390.3, 241.33, 27.1, 29.35], [13.3, 227.66, 20.66, 35.28], [216.31, 231.9, 19.29, 20.27], [415.43, 253.05, 24.23, 32.17], [409.85, 259.57, 30.39, 47.79], [37.31, 225.94, 21.4, 26.86], [316.87, 257.67, 47.94, 63.6], [225.62, 232.2, 20.41, 20.05], [15.45, 227.58, 15.57, 17.34]]"
1553,/home/pi/sambashare/BacArbeit/cocoval2017/000000217060.jpg,3.1799610300004133,[],[],[],[]
1554,/home/pi/sambashare/BacArbeit/cocoval2017/000000183049.jpg,3.18866028299999,"['64: mouse', '73: book', '73: book', '73: book', '73: book', '73: book', '73: book', '73: book', '73: book', '73: book', '73: book', '73: book', '73: book', '73: book', '73: book', '73: book', '73: book', '73: book', '73: book', '73: book', '73: book', '73: book', '65: remote', '73: book', '73: book', '73: book', '73: book', '73: book', '73: book', '73: book', '73: book', '73: book']","[64, 73, 73, 73, 73, 73, 73, 73, 73, 73, 73, 73, 73, 73, 73, 73, 73, 73, 73, 73, 73, 73, 65, 73, 73, 73, 73, 73, 73, 73, 73, 73]","[0.707826, 0.69764364, 0.6973132, 0.68509436, 0.6591163, 0.65729845, 0.6349294, 0.5876864, 0.5796583, 0.5481932, 0.5211259, 0.51565665, 0.4992278, 0.47795436, 0.4700169, 0.43123314, 0.40789294, 0.37958387, 0.3763321, 0.3745371, 0.33815372, 0.3381365, 0.33241197, 0.32253054, 0.31994453, 0.3156243, 0.31551033, 0.29958725, 0.2866823, 0.2858418, 0.284112, 0.26380295]","[[407.73, 448.34, 19.09, 30.46], [111.64, 84.76, 33.09, 136.25], [193.88, 93.49, 46.25, 135.94], [303.53, 101.27, 42.27, 137.56], [255.73, 100.45, 50.7, 133.78], [226.45, 271.98, 49.73, 142.03], [81.47, 86.68, 28.5, 131.93], [228.5, 96.4, 41.96, 134.32], [1, 423.34, 342.65, 140.99], [57.47, 91.95, 25.21, 124.96], [296.14, 280.63, 41.34, 134.38], [42.22, 91.51, 25.05, 124.38], [271.2, 279.87, 39.0, 133.6], [160.96, 84.87, 26.23, 139.03], [390.37, 127.89, 35.51, 118.55], [350.28, 109.87, 45.1, 132.34], [179.99, 109.31, 20.83, 116.58], [203.67, 272.72, 40.9, 139.87], [174.78, 274.97, 39.69, 134.34], [8.92, 74.92, 36.08, 139.85], [263.44, 292.66, 28.82, 123.08], [19.34, 296.89, 20.25, 105.2], [396.04, 472.21, 30.81, 56.63], [5.78, 295.78, 22.35, 105.44], [29.9, 296.83, 19.94, 105.27], [327.62, 109.97, 39.58, 129.34], [333.65, 302.45, 29.99, 112.1], [377.16, 128.32, 29.24, 113.8], [141.45, 89.07, 17.51, 133.06], [1, 308.62, 11.68, 94.08], [47.94, 296.49, 18.22, 106.09], [26.12, 86.11, 17.11, 129.71]]"
1555,/home/pi/sambashare/BacArbeit/cocoval2017/000000338986.jpg,3.195308522000232,"['6: train', '2: car', '2: car', '9: traffic light']","[6, 2, 2, 9]","[0.908098, 0.846904, 0.82951224, 0.28470904]","[[12.13, 395.38, 179.2, 182.87], [296.68, 509.77, 105.69, 119.34], [366.28, 552.56, 36.34, 84.43], [219.24, 477.02, 4.64, 17.26]]"
1556,/home/pi/sambashare/BacArbeit/cocoval2017/000000392481.jpg,3.1836453030000484,['4: airplane'],[4],[0.94559145],"[[338.85, 202.65, 122.46, 98.47]]"
1557,/home/pi/sambashare/BacArbeit/cocoval2017/000000379800.jpg,3.1834376620008698,"['11: stop sign', '6: train', '2: car', '2: car', '0: person']","[11, 6, 2, 2, 0]","[0.9242316, 0.91638637, 0.8997491, 0.5602637, 0.34253165]","[[568.85, 235.26, 35.86, 35.7], [217.4, 114.48, 294.66, 300.48], [544.23, 317.78, 95.77, 57.67], [136.94, 307.58, 31.16, 26.12], [317.02, 187.44, 24.83, 27.46]]"
1558,/home/pi/sambashare/BacArbeit/cocoval2017/000000504415.jpg,3.1760692309999285,"['2: car', '2: car', '2: car', '0: person', '2: car', '34: baseball bat', '32: sports ball', '2: car']","[2, 2, 2, 0, 2, 34, 32, 2]","[0.93513316, 0.93053347, 0.92883325, 0.92422736, 0.7228385, 0.6479159, 0.60039294, 0.27654415]","[[491.24, 186.1, 112.33, 37.18], [79.25, 178.46, 215.92, 61.98], [1, 184.43, 108.43, 47.58], [333.1, 155.06, 70.32, 147.35], [209.42, 165.31, 71.6, 31.86], [301.31, 161.64, 43.67, 21.96], [184.51, 131.25, 8.62, 7.07], [206.68, 167.08, 94.43, 50.65]]"
1559,/home/pi/sambashare/BacArbeit/cocoval2017/000000564133.jpg,3.1833887840002717,"['20: elephant', '20: elephant', '20: elephant', '20: elephant', '20: elephant']","[20, 20, 20, 20, 20]","[0.87947935, 0.8327849, 0.7627452, 0.61890477, 0.48591295]","[[333.12, 164.27, 89.51, 119.36], [407.49, 145.13, 147.24, 170.38], [143.76, 179.64, 152.51, 104.18], [286.15, 202.59, 47.23, 55.89], [42.08, 192.49, 41.49, 32.14]]"
1560,/home/pi/sambashare/BacArbeit/cocoval2017/000000526197.jpg,3.173634384000252,"['55: cake', '55: cake', '54: donut', '54: donut']","[55, 55, 54, 54]","[0.84112173, 0.6310833, 0.31955355, 0.29758334]","[[170.71, 301.64, 161.37, 66.86], [1, 313.15, 63.32, 62.76], [78.3, 328.83, 21.43, 19.62], [13.9, 177.16, 36.45, 18.11]]"
1561,/home/pi/sambashare/BacArbeit/cocoval2017/000000005037.jpg,3.176823486000103,"['5: bus', '2: car', '0: person', '0: person', '0: person', '0: person', '4: airplane', '0: person', '2: car']","[5, 2, 0, 0, 0, 0, 4, 0, 2]","[0.93913615, 0.76263034, 0.7306531, 0.56422436, 0.5293451, 0.4007968, 0.37819266, 0.27947962, 0.2789698]","[[103.17, 20.05, 476.0, 353.25], [572.26, 248.38, 35.95, 19.68], [622.02, 219.21, 17.98, 139.09], [8.8, 224.97, 13.46, 21.62], [28.91, 221.81, 15.53, 25.48], [595.97, 247.45, 17.39, 22.73], [613.54, 1, 25.98, 47.86], [20.51, 222.71, 13.6, 24.33], [610.86, 251.07, 11.53, 15.6]]"
1562,/home/pi/sambashare/BacArbeit/cocoval2017/000000151938.jpg,3.1922700550003356,"['41: cup', '0: person', '60: dining table', '25: umbrella', '0: person', '39: bottle', '45: bowl', '0: person', '0: person', '60: dining table', '45: bowl']","[41, 0, 60, 25, 0, 39, 45, 0, 0, 60, 45]","[0.9184297, 0.8712848, 0.7851297, 0.78274786, 0.705895, 0.651732, 0.63870174, 0.59910136, 0.4252133, 0.4183076, 0.3488839]","[[219.54, 438.86, 49.61, 87.12], [267.94, 166.19, 82.04, 125.47], [164.9, 218.34, 174.65, 202.02], [236.52, 95.29, 145.48, 72.97], [259.37, 156.54, 44.88, 68.61], [240.89, 180.84, 12.36, 46.84], [228.78, 262.11, 30.21, 19.39], [318.88, 9.11, 150.07, 629.58], [1.56, 51.29, 194.6, 587.0], [196.27, 473.16, 130.59, 65.48], [216.83, 248.35, 26.53, 14.63]]"
1563,/home/pi/sambashare/BacArbeit/cocoval2017/000000391648.jpg,3.1764599730004193,"['74: clock', '74: clock']","[74, 74]","[0.88747925, 0.5651141]","[[290.1, 309.35, 66.19, 64.97], [372.59, 327.99, 7.24, 60.32]]"
1564,/home/pi/sambashare/BacArbeit/cocoval2017/000000079408.jpg,3.186529273000815,['11: stop sign'],[11],[0.86836374],"[[36.16, 6.27, 377.23, 395.56]]"
1565,/home/pi/sambashare/BacArbeit/cocoval2017/000000407960.jpg,3.185961421999309,['15: cat'],[15],[0.9189138],"[[52.93, 154.94, 301.89, 225.46]]"
1566,/home/pi/sambashare/BacArbeit/cocoval2017/000000488075.jpg,3.19341377299952,"['56: chair', '68: microwave', '57: couch', '56: chair', '39: bottle', '69: oven', '47: apple', '32: sports ball', '32: sports ball', '39: bottle', '49: orange']","[56, 68, 57, 56, 39, 69, 47, 32, 32, 39, 49]","[0.9441702, 0.90046513, 0.85812324, 0.6698387, 0.6413391, 0.46391973, 0.4280482, 0.37206787, 0.34204757, 0.3028141, 0.2946937]","[[404.81, 250.02, 193.49, 199.58], [353.46, 110.77, 71.75, 43.9], [1, 375.88, 208.96, 103.27], [577.92, 326.04, 61.87, 118.51], [621.37, 145.12, 13.03, 39.79], [348.59, 165.24, 63.4, 37.74], [503.33, 427.14, 112.41, 52.07], [517.67, 468.4, 26.78, 11.6], [506.8, 456.92, 25.33, 22.89], [631.41, 149.66, 8.54, 37.67], [531.59, 448.53, 31.83, 29.07]]"
1567,/home/pi/sambashare/BacArbeit/cocoval2017/000000469192.jpg,3.1990005899997414,"['7: truck', '33: kite', '33: kite', '33: kite', '33: kite', '33: kite', '33: kite', '33: kite', '33: kite', '33: kite', '33: kite']","[7, 33, 33, 33, 33, 33, 33, 33, 33, 33, 33]","[0.95162594, 0.8737506, 0.87320757, 0.846774, 0.80114996, 0.78397065, 0.7804837, 0.743557, 0.5114905, 0.49842924, 0.32678738]","[[179.82, 227.09, 457.95, 182.59], [492.95, 77.72, 79.5, 96.15], [390.48, 106.45, 41.02, 26.58], [510.11, 50.19, 39.13, 20.14], [342.0, 190.25, 15.79, 23.59], [372.65, 152.45, 10.74, 11.78], [47.52, 40.1, 14.19, 12.15], [519.93, 142.63, 28.5, 41.89], [631.34, 202.6, 8.53, 13.73], [175.49, 155.55, 5.08, 4.7], [546.65, 136.22, 23.0, 25.01]]"
1568,/home/pi/sambashare/BacArbeit/cocoval2017/000000212573.jpg,3.185488543000247,"['2: car', '2: car', '0: person', '0: person', '2: car', '25: umbrella', '2: car', '2: car', '26: handbag', '9: traffic light']","[2, 2, 0, 0, 2, 25, 2, 2, 26, 9]","[0.9420582, 0.93881357, 0.9184904, 0.91052747, 0.86725634, 0.83712983, 0.8091082, 0.5517844, 0.2937251, 0.28698716]","[[1, 118.23, 168.41, 138.18], [482.15, 104.18, 157.33, 92.68], [259.17, 51.86, 130.97, 373.37], [369.9, 68.05, 88.83, 342.89], [443.85, 111.49, 52.82, 30.17], [251.76, 10.76, 178.67, 50.23], [209.15, 127.02, 70.39, 86.63], [233.82, 121.64, 28.68, 26.27], [368.77, 168.54, 39.59, 92.48], [162.83, 56.26, 11.04, 10.09]]"
1569,/home/pi/sambashare/BacArbeit/cocoval2017/000000231580.jpg,3.1770507889996225,"['0: person', '0: person', '0: person', '0: person', '0: person', '19: cow', '0: person', '17: horse', '17: horse', '39: bottle']","[0, 0, 0, 0, 0, 19, 0, 17, 17, 39]","[0.91406983, 0.904171, 0.8681814, 0.8421678, 0.8052128, 0.64275116, 0.6306277, 0.3465321, 0.34220186, 0.27936235]","[[142.57, 30.97, 169.89, 353.41], [14.32, 109.86, 58.08, 156.97], [564.27, 324.43, 74.79, 154.8], [1, 118.69, 27.32, 157.09], [299.94, 273.18, 151.56, 206.25], [289.93, 111.71, 243.99, 134.51], [9.74, 315.18, 186.14, 164.24], [1, 414.22, 75.93, 65.51], [146.95, 365.47, 256.52, 113.79], [163.51, 189.64, 14.68, 24.11]]"
1570,/home/pi/sambashare/BacArbeit/cocoval2017/000000108864.jpg,3.175363011999252,"['20: elephant', '20: elephant']","[20, 20]","[0.9430761, 0.9278273]","[[291.04, 191.1, 230.83, 215.75], [113.97, 179.99, 212.44, 203.19]]"
1571,/home/pi/sambashare/BacArbeit/cocoval2017/000000017436.jpg,3.179800441000225,"['0: person', '13: bench', '13: bench']","[0, 13, 13]","[0.9263076, 0.8024491, 0.6381248]","[[109.85, 490.12, 67.47, 137.06], [20.62, 536.67, 148.79, 94.76], [228.72, 481.08, 29.95, 26.42]]"
1572,/home/pi/sambashare/BacArbeit/cocoval2017/000000240754.jpg,3.1910868430004484,"['19: cow', '19: cow']","[19, 19]","[0.937349, 0.93129045]","[[206.53, 83.91, 240.74, 276.79], [469.77, 63.75, 169.79, 251.9]]"
1573,/home/pi/sambashare/BacArbeit/cocoval2017/000000392722.jpg,3.1915545780002503,"['5: bus', '0: person', '0: person', '0: person', '2: car', '2: car', '0: person', '2: car', '2: car', '2: car', '26: handbag', '74: clock', '2: car', '26: handbag', '26: handbag']","[5, 0, 0, 0, 2, 2, 0, 2, 2, 2, 26, 74, 2, 26, 26]","[0.93969405, 0.91037846, 0.91002285, 0.8996639, 0.8693476, 0.8563509, 0.76622766, 0.7566784, 0.73957515, 0.7136346, 0.5933526, 0.4687135, 0.46504208, 0.4579102, 0.28280747]","[[427.36, 145.45, 212.09, 196.35], [533.49, 250.33, 39.93, 116.81], [573.45, 251.54, 50.73, 131.63], [455.13, 250.98, 30.5, 94.94], [373.99, 268.3, 27.91, 19.28], [395.4, 267.8, 37.39, 22.09], [315.12, 264.87, 26.21, 55.8], [333.94, 263.46, 23.09, 19.67], [355.89, 267.75, 22.26, 17.47], [299.41, 260.82, 23.84, 29.31], [571.83, 305.49, 13.74, 24.74], [193.71, 58.49, 24.19, 14.76], [335.24, 269.81, 17.78, 24.49], [572.08, 268.56, 17.53, 58.71], [571.51, 268.61, 28.16, 94.62]]"
1574,/home/pi/sambashare/BacArbeit/cocoval2017/000000073946.jpg,3.1925983450000786,"['0: person', '37: surfboard', '0: person', '0: person']","[0, 37, 0, 0]","[0.7456645, 0.6876876, 0.66219187, 0.32637438]","[[288.4, 67.51, 349.33, 360.39], [245.51, 34.39, 203.33, 384.13], [109.18, 88.68, 177.73, 339.32], [313.77, 390.5, 100.97, 37.24]]"
1575,/home/pi/sambashare/BacArbeit/cocoval2017/000000151051.jpg,3.189430682999955,"['0: person', '31: snowboard']","[0, 31]","[0.8765286, 0.8347686]","[[133.45, 200.13, 142.88, 125.27], [134.36, 332.14, 51.02, 32.62]]"
1576,/home/pi/sambashare/BacArbeit/cocoval2017/000000185473.jpg,3.1921948950002843,['17: horse'],[17],[0.3325243],"[[489.79, 64.96, 113.31, 107.28]]"
1577,/home/pi/sambashare/BacArbeit/cocoval2017/000000023781.jpg,3.196350829000039,"['50: broccoli', '45: bowl', '51: carrot', '45: bowl', '51: carrot']","[50, 45, 51, 45, 51]","[0.7789457, 0.43596697, 0.35485244, 0.34427553, 0.32361153]","[[77.29, 116.29, 249.36, 153.23], [1, 62.77, 87.37, 157.85], [374.45, 313.99, 116.23, 61.62], [1.22, 212.65, 153.69, 212.79], [341.02, 286.15, 120.99, 50.6]]"
1578,/home/pi/sambashare/BacArbeit/cocoval2017/000000468124.jpg,3.1797166540000035,"['5: bus', '7: truck', '29: frisbee', '0: person']","[5, 7, 29, 0]","[0.91889346, 0.63413316, 0.36310858, 0.25191718]","[[60.28, 135.61, 557.13, 238.78], [32.21, 284.42, 34.54, 13.72], [1, 371.25, 28.48, 9.07], [59.88, 281.77, 5.11, 7.61]]"
1579,/home/pi/sambashare/BacArbeit/cocoval2017/000000044699.jpg,3.1805529279999973,"['18: sheep', '18: sheep', '18: sheep', '18: sheep', '14: bird', '18: sheep']","[18, 18, 18, 18, 14, 18]","[0.9271824, 0.90555936, 0.8830971, 0.87128305, 0.5817518, 0.3351121]","[[107.98, 212.05, 110.01, 90.9], [212.52, 233.76, 99.79, 72.14], [436.93, 255.66, 39.25, 61.61], [470.55, 251.26, 97.75, 74.29], [10.95, 400.76, 61.73, 25.19], [611.96, 410.44, 27.63, 15.35]]"
1580,/home/pi/sambashare/BacArbeit/cocoval2017/000000180188.jpg,3.181236262999846,['6: train'],[6],[0.90800923],"[[55.45, 106.58, 583.94, 246.3]]"
1581,/home/pi/sambashare/BacArbeit/cocoval2017/000000415741.jpg,3.19108355499975,"['59: bed', '59: bed']","[59, 59]","[0.6758236, 0.67502165]","[[225.94, 167.29, 63.15, 93.91], [325.15, 231.88, 213.37, 128.09]]"
1582,/home/pi/sambashare/BacArbeit/cocoval2017/000000144003.jpg,3.1751606379993973,"['0: person', '39: bottle', '0: person', '0: person', '55: cake', '56: chair', '0: person', '60: dining table', '0: person']","[0, 39, 0, 0, 55, 56, 0, 60, 0]","[0.8575115, 0.8490192, 0.61509204, 0.5574841, 0.47221994, 0.40816972, 0.31267878, 0.27134243, 0.25296786]","[[22.2, 86.73, 219.43, 242.63], [159.59, 256.83, 101.8, 113.74], [185.74, 16.02, 192.81, 209.83], [328.41, 1.38, 167.91, 370.81], [198.25, 239.67, 53.77, 40.7], [344.39, 173.08, 128.32, 199.93], [110.06, 2.43, 101.53, 134.07], [138.95, 175.88, 237.43, 197.21], [279.65, 1, 57.04, 50.85]]"
1583,/home/pi/sambashare/BacArbeit/cocoval2017/000000154718.jpg,3.1869668330000422,"['61: toilet', '39: bottle']","[61, 39]","[0.6720303, 0.35854423]","[[80.99, 153.79, 166.98, 218.08], [326.53, 35.36, 48.3, 103.55]]"
1584,/home/pi/sambashare/BacArbeit/cocoval2017/000000142092.jpg,3.1893971300005433,"['53: pizza', '67: cell phone', '75: vase']","[53, 67, 75]","[0.5770714, 0.2977867, 0.2742503]","[[66.53, 1, 105.93, 30.96], [546.47, 1, 93.31, 96.57], [144.58, 54.52, 374.33, 344.14]]"
1585,/home/pi/sambashare/BacArbeit/cocoval2017/000000258388.jpg,3.1791914010000255,"['0: person', '0: person', '0: person', '36: skateboard']","[0, 0, 0, 36]","[0.92646617, 0.9064869, 0.8891343, 0.78279024]","[[147.09, 66.47, 117.24, 245.81], [413.44, 107.39, 98.79, 252.77], [520.19, 211.05, 42.24, 95.63], [151.9, 299.03, 72.19, 31.45]]"
1586,/home/pi/sambashare/BacArbeit/cocoval2017/000000160012.jpg,3.1897080239996285,"['2: car', '39: bottle', '53: pizza', '0: person', '2: car', '53: pizza']","[2, 39, 53, 0, 2, 53]","[0.85875255, 0.8541742, 0.84718937, 0.741366, 0.66747373, 0.3426377]","[[501.51, 7.57, 123.28, 60.97], [1, 4.65, 108.4, 382.54], [101.28, 201.2, 519.56, 234.08], [153.98, 1, 386.6, 184.53], [461.21, 1, 51.7, 89.34], [393.85, 155.4, 241.27, 79.33]]"
1587,/home/pi/sambashare/BacArbeit/cocoval2017/000000334555.jpg,3.1764266139998654,"['19: cow', '0: person', '0: person', '0: person', '0: person', '2: car', '7: truck', '0: person', '0: person', '0: person', '0: person', '0: person', '0: person', '0: person', '2: car', '2: car', '9: traffic light']","[19, 0, 0, 0, 0, 2, 7, 0, 0, 0, 0, 0, 0, 0, 2, 2, 9]","[0.9524225, 0.8802309, 0.7960269, 0.75828207, 0.73528767, 0.72817117, 0.6881119, 0.67747235, 0.67718405, 0.65577525, 0.6551843, 0.61989564, 0.5155565, 0.49436694, 0.44369242, 0.28124195, 0.26588324]","[[201.11, 125.78, 342.61, 246.35], [13.77, 134.65, 61.55, 138.68], [166.63, 138.23, 23.87, 55.75], [83.16, 127.74, 60.9, 141.71], [151.93, 138.94, 18.44, 49.92], [446.81, 184.31, 133.03, 76.6], [1.36, 94.76, 97.58, 139.17], [567.03, 153.61, 11.66, 36.0], [223.79, 137.0, 17.65, 14.92], [193.97, 137.36, 18.6, 55.93], [208.23, 134.25, 17.29, 23.95], [247.35, 137.12, 11.63, 13.14], [70.19, 142.79, 29.58, 103.33], [616.92, 157.02, 22.98, 86.88], [1.78, 142.06, 162.54, 86.03], [618.09, 158.15, 21.85, 35.33], [321.46, 47.89, 24.0, 63.91]]"
1588,/home/pi/sambashare/BacArbeit/cocoval2017/000000580757.jpg,3.1914232359995367,"['10: fire hydrant', '0: person']","[10, 0]","[0.9273397, 0.28485185]","[[334.07, 65.72, 236.08, 347.71], [627.83, 113.72, 11.85, 68.29]]"
1589,/home/pi/sambashare/BacArbeit/cocoval2017/000000085478.jpg,3.169795141000577,"['21: bear', '21: bear', '21: bear']","[21, 21, 21]","[0.91389084, 0.7250675, 0.263966]","[[312.69, 183.47, 218.0, 120.23], [23.81, 84.14, 196.42, 241.74], [1, 55.99, 39.97, 202.13]]"
1590,/home/pi/sambashare/BacArbeit/cocoval2017/000000486573.jpg,3.194420509000338,['75: vase'],[75],[0.94395185],"[[262.09, 407.45, 124.15, 182.51]]"
1591,/home/pi/sambashare/BacArbeit/cocoval2017/000000465180.jpg,3.171932039999774,"['0: person', '20: elephant', '20: elephant', '0: person', '20: elephant', '0: person', '0: person', '20: elephant', '0: person', '20: elephant']","[0, 20, 20, 0, 20, 0, 0, 20, 0, 20]","[0.9073101, 0.89820606, 0.84373677, 0.8188103, 0.81553227, 0.8046654, 0.78154653, 0.76998115, 0.74356663, 0.52785397]","[[436.22, 225.29, 95.71, 111.97], [528.14, 347.86, 111.24, 77.37], [162.45, 315.38, 149.41, 51.07], [610.52, 253.01, 29.21, 113.81], [129.96, 92.38, 182.51, 144.16], [255.58, 1, 73.55, 100.2], [282.86, 262.62, 180.41, 111.4], [80.31, 99.05, 103.14, 95.72], [438.75, 152.05, 93.53, 97.98], [129.15, 57.11, 242.8, 123.6]]"
1592,/home/pi/sambashare/BacArbeit/cocoval2017/000000246963.jpg,3.1772975280000537,"['11: stop sign', '0: person', '0: person', '0: person', '3: motorcycle', '3: motorcycle', '0: person', '3: motorcycle', '3: motorcycle', '3: motorcycle']","[11, 0, 0, 0, 3, 3, 0, 3, 3, 3]","[0.9157255, 0.91040677, 0.84342164, 0.8068998, 0.7788776, 0.77346396, 0.6623585, 0.4006132, 0.39007044, 0.3420862]","[[436.16, 82.7, 44.11, 45.48], [431.07, 151.68, 95.8, 149.09], [358.22, 128.2, 77.19, 121.06], [76.98, 97.42, 69.56, 112.41], [452.51, 220.52, 83.08, 93.72], [154.44, 145.03, 84.56, 97.25], [218.46, 110.53, 55.4, 102.69], [373.47, 182.82, 71.02, 67.13], [227.58, 158.15, 50.01, 61.48], [89.2, 149.45, 62.89, 64.81]]"
1593,/home/pi/sambashare/BacArbeit/cocoval2017/000000214192.jpg,3.1906242629993358,"['3: motorcycle', '0: person', '3: motorcycle', '0: person']","[3, 0, 3, 0]","[0.8375677, 0.8347288, 0.78655183, 0.27715763]","[[500.22, 105.72, 126.67, 113.37], [454.56, 28.12, 109.7, 145.2], [234.57, 180.5, 243.76, 214.48], [234.0, 155.32, 137.59, 185.25]]"
1594,/home/pi/sambashare/BacArbeit/cocoval2017/000000010995.jpg,3.1873607530005756,['59: bed'],[59],[0.89261836],"[[121.55, 216.97, 517.18, 260.02]]"
1595,/home/pi/sambashare/BacArbeit/cocoval2017/000000471893.jpg,3.18522171099994,"['0: person', '0: person', '56: chair', '65: remote', '65: remote', '56: chair', '56: chair', '56: chair', '56: chair', '56: chair', '56: chair', '73: book', '73: book', '66: keyboard']","[0, 0, 56, 65, 65, 56, 56, 56, 56, 56, 56, 73, 73, 66]","[0.9388713, 0.91685545, 0.8035889, 0.7873384, 0.7141276, 0.6946053, 0.65094066, 0.5633576, 0.561699, 0.46881637, 0.46452567, 0.34389502, 0.3133969, 0.2786097]","[[13.17, 139.48, 126.97, 302.0], [432.96, 32.91, 196.34, 409.09], [141.24, 208.9, 84.48, 97.95], [472.59, 200.07, 46.19, 21.8], [30.21, 309.26, 39.31, 12.22], [314.36, 208.63, 62.24, 61.83], [256.68, 254.42, 57.96, 27.79], [384.27, 207.8, 104.17, 65.87], [121.69, 206.54, 49.45, 57.17], [276.97, 291.37, 236.72, 150.45], [383.96, 208.01, 49.4, 54.52], [496.27, 15.89, 136.38, 44.13], [192.61, 86.95, 97.88, 35.49], [185.35, 321.98, 100.2, 22.46]]"
1596,/home/pi/sambashare/BacArbeit/cocoval2017/000000013201.jpg,3.1872207429996706,"['36: skateboard', '0: person']","[36, 0]","[0.9313522, 0.9034401]","[[107.68, 425.17, 69.83, 100.01], [93.84, 91.11, 228.99, 415.63]]"
1597,/home/pi/sambashare/BacArbeit/cocoval2017/000000213935.jpg,3.193709293000211,"['47: apple', '49: orange', '47: apple', '47: apple', '47: apple', '47: apple', '47: apple', '47: apple', '47: apple', '46: banana', '49: orange', '47: apple']","[47, 49, 47, 47, 47, 47, 47, 47, 47, 46, 49, 47]","[0.77771944, 0.701832, 0.63789773, 0.59867567, 0.5945746, 0.52657485, 0.49925497, 0.444976, 0.43927914, 0.3893435, 0.37313876, 0.2915283]","[[322.82, 47.8, 275.43, 272.93], [60.0, 138.42, 279.86, 271.36], [303.12, 321.38, 278.84, 103.36], [407.43, 1, 162.46, 40.13], [552.41, 125.05, 87.27, 299.51], [90.02, 1, 328.52, 159.54], [499.53, 1, 139.9, 201.24], [20.88, 379.79, 233.01, 44.72], [1, 27.53, 186.24, 273.0], [1, 1, 92.62, 45.34], [410.63, 13.48, 85.88, 39.55], [1, 291.08, 104.17, 133.03]]"
1598,/home/pi/sambashare/BacArbeit/cocoval2017/000000197528.jpg,3.1777945450003244,"['15: cat', '2: car']","[15, 2]","[0.8878516, 0.2583487]","[[123.11, 119.48, 269.9, 513.41], [1, 177.07, 29.31, 91.92]]"
1599,/home/pi/sambashare/BacArbeit/cocoval2017/000000551215.jpg,3.1882944700000735,"['0: person', '38: tennis racket']","[0, 38]","[0.90730214, 0.65017694]","[[71.12, 65.94, 248.02, 445.1], [159.04, 151.73, 44.15, 83.65]]"
1600,/home/pi/sambashare/BacArbeit/cocoval2017/000000128476.jpg,3.180608339000173,"['41: cup', '0: person', '55: cake', '55: cake', '55: cake', '55: cake', '0: person', '41: cup', '0: person', '55: cake']","[41, 0, 55, 55, 55, 55, 0, 41, 0, 55]","[0.88981676, 0.8662726, 0.72555625, 0.7234569, 0.700122, 0.6624839, 0.5506272, 0.4831551, 0.41585797, 0.26567274]","[[131.78, 50.94, 35.19, 35.91], [1, 1, 149.82, 171.61], [1, 144.4, 114.35, 113.3], [3.48, 144.65, 286.03, 276.05], [241.62, 139.11, 356.07, 285.9], [496.73, 265.66, 142.66, 160.64], [613.34, 119.74, 26.48, 73.36], [537.39, 61.44, 32.82, 33.85], [183.72, 1, 205.76, 169.99], [577.56, 189.38, 62.44, 97.61]]"
1601,/home/pi/sambashare/BacArbeit/cocoval2017/000000574702.jpg,3.178276396999536,"['3: motorcycle', '0: person', '3: motorcycle', '0: person', '3: motorcycle', '3: motorcycle', '3: motorcycle', '0: person', '0: person', '25: umbrella', '0: person', '0: person', '3: motorcycle']","[3, 0, 3, 0, 3, 3, 3, 0, 0, 25, 0, 0, 3]","[0.9215965, 0.8089583, 0.8023483, 0.7238372, 0.6747212, 0.5976354, 0.5777055, 0.50954795, 0.47504446, 0.46412858, 0.41400173, 0.3832578, 0.3428742]","[[39.52, 284.33, 142.53, 215.17], [111.18, 182.49, 34.5, 111.98], [200.8, 278.47, 130.33, 220.31], [1, 184.16, 13.38, 210.15], [25.83, 216.5, 51.18, 91.66], [142.52, 238.87, 97.46, 162.7], [63.76, 208.41, 54.33, 91.02], [146.52, 176.93, 22.36, 58.11], [173.19, 195.74, 25.83, 33.94], [1, 3.26, 109.43, 107.58], [90.34, 184.48, 17.68, 27.53], [216.69, 262.23, 75.8, 80.31], [209.08, 223.25, 61.9, 53.01]]"
1602,/home/pi/sambashare/BacArbeit/cocoval2017/000000445722.jpg,3.1797622570002204,"['0: person', '0: person', '28: suitcase', '28: suitcase', '56: chair', '28: suitcase']","[0, 0, 28, 28, 56, 28]","[0.81865305, 0.70390236, 0.39177746, 0.31766555, 0.2794057, 0.25269836]","[[231.29, 144.91, 80.15, 311.62], [144.95, 220.4, 22.07, 46.56], [141.72, 331.26, 62.26, 59.35], [117.82, 249.75, 83.0, 113.06], [10.5, 287.78, 17.49, 135.28], [23.64, 282.92, 98.96, 145.33]]"
1603,/home/pi/sambashare/BacArbeit/cocoval2017/000000423971.jpg,3.176664716999767,"['61: toilet', '39: bottle']","[61, 39]","[0.79282725, 0.32595983]","[[219.47, 1.2, 178.0, 422.84], [554.97, 31.23, 49.14, 98.49]]"
1604,/home/pi/sambashare/BacArbeit/cocoval2017/000000186345.jpg,3.180470177000643,"['4: airplane', '4: airplane', '4: airplane', '17: horse', '33: kite']","[4, 4, 4, 17, 33]","[0.80860436, 0.7760313, 0.6863371, 0.2849989, 0.2646714]","[[259.91, 82.6, 16.49, 19.32], [318.37, 40.39, 13.61, 16.93], [275.05, 56.39, 14.91, 21.86], [31.94, 59.28, 58.18, 91.86], [247.37, 230.61, 33.89, 59.4]]"
1605,/home/pi/sambashare/BacArbeit/cocoval2017/000000167572.jpg,3.1791006719995494,"['40: wine glass', '40: wine glass']","[40, 40]","[0.80276316, 0.33371472]","[[268.61, 390.03, 88.34, 34.73], [150.96, 360.88, 117.63, 63.99]]"
1606,/home/pi/sambashare/BacArbeit/cocoval2017/000000546556.jpg,3.1807158650008205,"['18: sheep', '18: sheep', '18: sheep', '18: sheep', '18: sheep', '18: sheep', '18: sheep', '18: sheep', '18: sheep', '18: sheep', '18: sheep', '18: sheep', '18: sheep', '18: sheep', '18: sheep', '18: sheep', '18: sheep', '18: sheep', '18: sheep']","[18, 18, 18, 18, 18, 18, 18, 18, 18, 18, 18, 18, 18, 18, 18, 18, 18, 18, 18]","[0.88730454, 0.88568693, 0.8673787, 0.865453, 0.8177335, 0.7782152, 0.75885266, 0.69240814, 0.55850816, 0.5550413, 0.54023105, 0.53472877, 0.4710036, 0.43854827, 0.43437105, 0.37974834, 0.32780448, 0.28726584, 0.263903]","[[341.81, 242.44, 44.2, 28.6], [133.26, 240.8, 66.03, 32.98], [384.12, 220.28, 36.83, 16.58], [495.41, 230.12, 31.28, 26.23], [212.79, 225.94, 42.26, 15.22], [94.87, 241.24, 33.53, 26.94], [235.61, 215.99, 28.81, 13.65], [55.9, 232.83, 38.25, 21.99], [549.94, 212.49, 38.71, 12.84], [427.13, 198.92, 36.39, 13.38], [300.86, 206.59, 29.8, 14.64], [610.69, 218.63, 25.1, 15.42], [525.53, 198.62, 29.55, 10.94], [167.66, 199.84, 32.89, 10.2], [246.13, 197.57, 31.1, 9.94], [579.92, 207.61, 35.87, 13.23], [598.75, 195.34, 36.94, 17.48], [479.25, 196.04, 22.51, 10.6], [587.34, 199.44, 41.97, 18.89]]"
1607,/home/pi/sambashare/BacArbeit/cocoval2017/000000479953.jpg,3.1703673350002646,"['0: person', '32: sports ball']","[0, 32]","[0.95349294, 0.9278055]","[[83.36, 99.55, 186.63, 158.72], [293.92, 256.11, 24.94, 22.5]]"
1608,/home/pi/sambashare/BacArbeit/cocoval2017/000000475904.jpg,3.172232324000106,"['14: bird', '8: boat', '8: boat']","[14, 8, 8]","[0.8779232, 0.7146718, 0.43015072]","[[447.17, 95.93, 38.03, 39.12], [529.4, 281.07, 109.67, 144.05], [361.38, 250.78, 276.17, 174.08]]"
1609,/home/pi/sambashare/BacArbeit/cocoval2017/000000308799.jpg,3.196047794000151,"['69: oven', '39: bottle']","[69, 39]","[0.6894467, 0.45953897]","[[262.34, 151.04, 72.77, 178.61], [221.33, 220.75, 9.01, 35.36]]"
1610,/home/pi/sambashare/BacArbeit/cocoval2017/000000045596.jpg,3.1851852710005915,"['25: umbrella', '25: umbrella', '0: person', '1: bicycle', '1: bicycle', '0: person', '1: bicycle', '2: car']","[25, 25, 0, 1, 1, 0, 1, 2]","[0.8370232, 0.77350205, 0.77324206, 0.71659195, 0.69112885, 0.68005747, 0.6146535, 0.42540574]","[[55.32, 383.35, 27.8, 16.23], [116.8, 339.32, 18.98, 9.75], [59.27, 398.09, 22.58, 39.26], [183.3, 444.17, 48.86, 34.67], [150.46, 482.75, 78.6, 44.17], [123.65, 348.32, 9.96, 25.78], [194.1, 420.74, 59.65, 46.44], [325.9, 292.99, 16.49, 15.55]]"
1611,/home/pi/sambashare/BacArbeit/cocoval2017/000000203488.jpg,3.193697969000823,"['12: parking meter', '13: bench', '2: car', '2: car']","[12, 13, 2, 2]","[0.90252084, 0.8938542, 0.8701797, 0.78139955]","[[417.52, 187.67, 88.99, 194.86], [409.81, 325.88, 229.22, 153.22], [86.42, 132.34, 128.24, 143.68], [1, 139.63, 41.06, 96.34]]"
1612,/home/pi/sambashare/BacArbeit/cocoval2017/000000297681.jpg,3.197320156000387,"['2: car', '2: car']","[2, 2]","[0.8927199, 0.27037197]","[[414.19, 285.61, 117.66, 52.53], [48.97, 266.7, 25.68, 11.73]]"
1613,/home/pi/sambashare/BacArbeit/cocoval2017/000000088250.jpg,3.1896742239996456,"['20: elephant', '20: elephant']","[20, 20]","[0.9565861, 0.8087715]","[[307.28, 123.81, 330.58, 301.36], [2.68, 114.51, 385.8, 311.47]]"
1614,/home/pi/sambashare/BacArbeit/cocoval2017/000000518770.jpg,3.1875925109998207,"['0: person', '0: person', '0: person', '0: person', '65: remote', '65: remote', '0: person', '56: chair', '56: chair', '56: chair', '56: chair', '56: chair', '56: chair', '56: chair', '56: chair', '56: chair', '56: chair', '65: remote', '56: chair', '56: chair', '65: remote', '56: chair']","[0, 0, 0, 0, 65, 65, 0, 56, 56, 56, 56, 56, 56, 56, 56, 56, 56, 65, 56, 56, 65, 56]","[0.8862131, 0.8623012, 0.8622536, 0.7947987, 0.7490457, 0.63776815, 0.6239552, 0.595057, 0.58686477, 0.5671218, 0.5619492, 0.4846562, 0.47656262, 0.45144534, 0.4387621, 0.39959574, 0.3982449, 0.38710922, 0.38630578, 0.35704935, 0.33612394, 0.26038685]","[[275.15, 63.59, 58.57, 184.27], [240.79, 91.62, 57.43, 179.25], [55.4, 134.64, 100.01, 239.08], [155.45, 92.25, 68.43, 107.49], [115.9, 130.37, 25.66, 61.11], [187.8, 205.21, 17.72, 11.49], [116.85, 93.63, 86.37, 272.13], [224.66, 123.33, 25.65, 74.11], [16.99, 150.09, 50.53, 43.93], [5.72, 138.26, 36.4, 28.34], [38.33, 132.24, 21.39, 32.32], [1, 150.26, 35.11, 92.3], [324.98, 149.92, 18.39, 38.17], [1, 148.03, 16.5, 35.53], [64.45, 127.19, 15.13, 14.96], [1, 127.9, 9.37, 20.32], [17.37, 179.19, 52.48, 75.39], [287.86, 129.32, 9.68, 6.67], [158.9, 160.51, 26.97, 42.39], [177.55, 162.58, 23.64, 26.15], [307.23, 121.37, 9.22, 7.72], [124.59, 107.14, 74.99, 95.05]]"
1615,/home/pi/sambashare/BacArbeit/cocoval2017/000000447611.jpg,3.17602985800022,"['43: knife', '0: person', '0: person', '67: cell phone']","[43, 0, 0, 67]","[0.8270967, 0.46141472, 0.36816362, 0.2904941]","[[243.92, 1.22, 38.69, 165.08], [1.34, 1, 157.64, 122.17], [288.5, 1.2, 210.48, 207.94], [51.32, 143.74, 297.66, 95.59]]"
1616,/home/pi/sambashare/BacArbeit/cocoval2017/000000436315.jpg,3.1898940940000102,['53: pizza'],[53],[0.8045593],"[[17.9, 144.96, 430.27, 337.81]]"
1617,/home/pi/sambashare/BacArbeit/cocoval2017/000000001584.jpg,3.1897905980003998,"['5: bus', '5: bus', '5: bus', '0: person', '0: person', '0: person', '14: bird', '0: person', '0: person', '0: person', '0: person', '0: person', '0: person', '33: kite']","[5, 5, 5, 0, 0, 0, 14, 0, 0, 0, 0, 0, 0, 33]","[0.9395154, 0.86280763, 0.83523065, 0.7860533, 0.6313366, 0.6239241, 0.5091379, 0.45855266, 0.3676397, 0.33385292, 0.3006156, 0.28686807, 0.2758143, 0.27519718]","[[130.51, 89.43, 389.01, 442.38], [567.83, 318.58, 43.95, 83.66], [503.88, 316.63, 65.35, 67.07], [76.28, 377.16, 20.42, 53.3], [190.71, 309.45, 60.39, 60.87], [114.39, 390.22, 13.96, 40.75], [209.01, 21.7, 16.69, 22.7], [99.21, 398.66, 18.46, 31.78], [394.49, 179.56, 16.94, 19.43], [298.38, 162.31, 23.64, 19.65], [212.05, 172.08, 17.56, 17.87], [176.88, 167.73, 26.89, 25.01], [91.72, 388.4, 12.05, 39.77], [74.05, 17.66, 16.07, 16.8]]"
1618,/home/pi/sambashare/BacArbeit/cocoval2017/000000376307.jpg,3.1829382139994777,"['0: person', '45: bowl', '0: person', '56: chair', '45: bowl']","[0, 45, 0, 56, 45]","[0.92393076, 0.76957476, 0.736004, 0.6029764, 0.33561534]","[[246.49, 149.52, 128.16, 280.81], [316.75, 443.16, 37.64, 42.13], [197.64, 157.21, 69.94, 114.6], [1, 224.8, 69.66, 64.09], [87.11, 211.08, 45.79, 26.9]]"
1619,/home/pi/sambashare/BacArbeit/cocoval2017/000000384670.jpg,3.186715610000647,"['0: person', '0: person', '38: tennis racket']","[0, 0, 38]","[0.9415842, 0.923744, 0.8561924]","[[362.75, 24.21, 109.02, 112.55], [310.18, 97.62, 86.97, 228.8], [359.41, 209.74, 38.36, 77.5]]"
1620,/home/pi/sambashare/BacArbeit/cocoval2017/000000394510.jpg,3.1775267619996157,"['2: car', '0: person', '36: skateboard', '1: bicycle', '2: car', '1: bicycle']","[2, 0, 36, 1, 2, 1]","[0.9459166, 0.9314749, 0.9248842, 0.87252307, 0.82083553, 0.7380218]","[[1.37, 1, 362.49, 195.99], [307.82, 72.04, 118.5, 313.71], [291.63, 312.4, 113.84, 106.05], [407.56, 12.95, 187.42, 188.23], [406.31, 1, 233.14, 74.28], [562.18, 23.73, 77.65, 127.12]]"
1621,/home/pi/sambashare/BacArbeit/cocoval2017/000000332901.jpg,3.19015070200021,"['19: cow', '19: cow', '0: person']","[19, 19, 0]","[0.8816933, 0.64790314, 0.641715]","[[1.9, 119.95, 349.72, 172.18], [340.6, 111.12, 298.71, 280.95], [190.45, 37.6, 32.4, 68.73]]"
1622,/home/pi/sambashare/BacArbeit/cocoval2017/000000286908.jpg,3.185021594999853,"['45: bowl', '45: bowl', '45: bowl', '45: bowl', '45: bowl', '45: bowl', '45: bowl', '45: bowl', '45: bowl', '45: bowl', '45: bowl', '45: bowl', '45: bowl', '45: bowl', '41: cup', '60: dining table', '60: dining table', '45: bowl', '45: bowl', '45: bowl', '45: bowl', '60: dining table', '60: dining table', '45: bowl']","[45, 45, 45, 45, 45, 45, 45, 45, 45, 45, 45, 45, 45, 45, 41, 60, 60, 45, 45, 45, 45, 60, 60, 45]","[0.9472561, 0.9417732, 0.93388695, 0.93323034, 0.9324599, 0.9205561, 0.91349596, 0.91256464, 0.8747091, 0.873147, 0.8664912, 0.8648896, 0.8384458, 0.7810995, 0.72638786, 0.62518096, 0.61619866, 0.6094392, 0.599864, 0.54260796, 0.5154421, 0.4214786, 0.409871, 0.30772036]","[[6.25, 435.57, 131.3, 146.92], [324.49, 344.73, 79.58, 110.76], [106.85, 92.14, 107.02, 106.5], [215.18, 87.23, 102.78, 122.5], [6.37, 72.57, 92.01, 138.63], [395.76, 489.55, 135.81, 138.1], [63.72, 568.35, 99.11, 63.94], [37.35, 8.58, 85.11, 78.82], [221.42, 512.01, 96.5, 120.8], [205.67, 217.07, 74.28, 44.25], [223.76, 307.17, 94.06, 103.73], [145.71, 507.7, 78.61, 76.02], [16.26, 300.19, 140.58, 121.52], [153.15, 290.46, 58.27, 61.02], [324.07, 6.67, 66.78, 32.55], [4.96, 430.63, 314.26, 199.98], [12.47, 217.55, 301.19, 206.8], [321.78, 6.73, 313.32, 304.32], [68.67, 219.5, 132.38, 74.37], [437.9, 323.47, 195.02, 203.55], [225.87, 259.37, 67.79, 46.95], [6.25, 6.2, 308.36, 202.5], [323.55, 330.68, 310.06, 293.75], [324.02, 495.82, 33.57, 91.46]]"
1623,/home/pi/sambashare/BacArbeit/cocoval2017/000000222299.jpg,3.1750323160003973,"['73: book', '73: book', '39: bottle', '39: bottle', '73: book', '73: book', '39: bottle']","[73, 73, 39, 39, 73, 73, 39]","[0.82752377, 0.6922009, 0.5580497, 0.51539737, 0.42701432, 0.39945957, 0.35258245]","[[358.35, 52.72, 97.12, 100.45], [161.12, 143.22, 108.64, 74.55], [146.14, 44.01, 78.95, 33.03], [274.96, 206.97, 30.07, 92.14], [228.73, 56.65, 130.09, 83.56], [393.18, 242.22, 47.8, 63.27], [18.84, 52.69, 126.11, 61.08]]"
1624,/home/pi/sambashare/BacArbeit/cocoval2017/000000166563.jpg,3.1741196709999713,['20: elephant'],[20],[0.6052679],"[[82.29, 65.91, 442.56, 331.22]]"
1625,/home/pi/sambashare/BacArbeit/cocoval2017/000000113235.jpg,3.1934991819998686,"['17: horse', '17: horse', '17: horse', '0: person']","[17, 17, 17, 0]","[0.9064476, 0.7769309, 0.4217192, 0.28439423]","[[73.51, 213.03, 60.67, 47.26], [281.81, 89.62, 215.33, 387.59], [7.87, 84.0, 502.1, 395.05], [1.54, 348.0, 392.11, 130.94]]"
1626,/home/pi/sambashare/BacArbeit/cocoval2017/000000107087.jpg,3.1767488739997134,['28: suitcase'],[28],[0.29408884],"[[3.3, 14.88, 633.24, 409.61]]"
1627,/home/pi/sambashare/BacArbeit/cocoval2017/000000414340.jpg,3.17239866699947,['74: clock'],[74],[0.87087226],"[[307.05, 170.09, 33.67, 32.25]]"
1628,/home/pi/sambashare/BacArbeit/cocoval2017/000000332455.jpg,3.1784178340003564,['61: toilet'],[61],[0.6341448],"[[69.74, 1, 341.97, 638.04]]"
1629,/home/pi/sambashare/BacArbeit/cocoval2017/000000351609.jpg,3.1900703640003485,"['56: chair', '38: tennis racket', '42: fork', '45: bowl']","[56, 38, 42, 45]","[0.7934366, 0.6210771, 0.55825144, 0.36864832]","[[1, 45.74, 65.13, 64.19], [307.17, 26.14, 192.81, 177.6], [201.41, 1, 58.32, 70.97], [1, 65.12, 499, 264.53]]"
1630,/home/pi/sambashare/BacArbeit/cocoval2017/000000112626.jpg,3.1883711969994692,"['28: suitcase', '57: couch', '39: bottle']","[28, 57, 39]","[0.9407509, 0.7726761, 0.3589716]","[[117.01, 181.49, 229.18, 388.97], [263.45, 167.98, 158.87, 300.98], [62.22, 265.4, 10.81, 31.99]]"
1631,/home/pi/sambashare/BacArbeit/cocoval2017/000000568147.jpg,3.185557081999832,"['12: parking meter', '0: person', '2: car', '2: car', '2: car', '0: person', '0: person', '0: person']","[12, 0, 2, 2, 2, 0, 0, 0]","[0.91823703, 0.8622542, 0.8093804, 0.7209515, 0.7056345, 0.68824106, 0.43332097, 0.33484083]","[[149.09, 28.02, 207.5, 405.4], [383.8, 1, 29.29, 33.67], [303.1, 1, 43.9, 27.79], [398.14, 1, 81.43, 26.67], [254.37, 1, 53.59, 29.26], [1, 1, 35.72, 67.22], [226.26, 1, 13.33, 28.39], [238.52, 1, 14.75, 28.38]]"
1632,/home/pi/sambashare/BacArbeit/cocoval2017/000000318455.jpg,3.1898678850002398,"['55: cake', '55: cake', '55: cake', '55: cake', '55: cake', '55: cake', '55: cake', '55: cake', '55: cake', '55: cake', '55: cake', '60: dining table', '55: cake', '55: cake', '55: cake']","[55, 55, 55, 55, 55, 55, 55, 55, 55, 55, 55, 60, 55, 55, 55]","[0.85850155, 0.79364175, 0.78066653, 0.7038371, 0.6904611, 0.600228, 0.5637494, 0.5374594, 0.48237252, 0.47552758, 0.40989712, 0.37422705, 0.32068807, 0.3058315, 0.25653738]","[[398.77, 179.09, 125.2, 94.99], [294.9, 277.36, 51.07, 45.68], [331.55, 254.72, 50.87, 43.42], [224.51, 259.34, 52.22, 45.64], [147.78, 321.34, 68.67, 71.81], [8.28, 379.81, 80.59, 68.71], [285.41, 248.21, 46.5, 38.57], [361.97, 238.85, 45.63, 41.09], [57.42, 347.95, 63.1, 53.68], [102.46, 299.46, 62.4, 69.91], [1, 329.17, 45.1, 73.16], [4.65, 181.57, 627.03, 287.44], [165.91, 302.1, 58.51, 45.57], [241.91, 213.61, 42.52, 38.48], [135.17, 281.92, 53.68, 42.34]]"
1633,/home/pi/sambashare/BacArbeit/cocoval2017/000000181816.jpg,3.189572309000141,"['2: car', '13: bench', '0: person', '58: potted plant', '58: potted plant', '26: handbag', '58: potted plant', '58: potted plant']","[2, 13, 0, 58, 58, 26, 58, 58]","[0.95969206, 0.89503574, 0.8651973, 0.7525944, 0.7292626, 0.6143773, 0.6093425, 0.400785]","[[275.45, 62.53, 364.11, 118.29], [110.94, 214.61, 442.13, 195.97], [181.41, 77.77, 129.11, 376.37], [147.29, 34.45, 84.1, 106.94], [29.88, 70.35, 73.94, 76.79], [321.58, 68.19, 18.18, 8.05], [529.6, 43.38, 54.45, 59.65], [604.8, 26.51, 34.93, 70.82]]"
1634,/home/pi/sambashare/BacArbeit/cocoval2017/000000262895.jpg,3.1821648569994068,"['27: tie', '0: person']","[27, 0]","[0.90722436, 0.65201694]","[[155.39, 292.19, 113.98, 207.09], [1, 8.54, 332.69, 487.02]]"
1635,/home/pi/sambashare/BacArbeit/cocoval2017/000000100238.jpg,3.1952208129996507,"['0: person', '29: frisbee', '0: person', '29: frisbee', '29: frisbee', '0: person', '0: person', '26: handbag', '79: toothbrush']","[0, 29, 0, 29, 29, 0, 0, 26, 79]","[0.92566484, 0.92047393, 0.90420973, 0.89849377, 0.8924424, 0.8790724, 0.87130076, 0.8513153, 0.37729946]","[[487.02, 215.27, 141.77, 263.83], [416.04, 97.78, 75.95, 76.82], [346.21, 2.63, 183.56, 473.34], [265.56, 242.46, 84.14, 58.02], [66.82, 237.32, 75.74, 65.75], [194.23, 66.08, 233.38, 413.92], [10.62, 32.98, 194.21, 441.23], [170.75, 247.53, 75.95, 176.87], [230.36, 132.44, 43.37, 9.14]]"
1636,/home/pi/sambashare/BacArbeit/cocoval2017/000000170278.jpg,3.193745552999644,"['16: dog', '16: dog']","[16, 16]","[0.6844884, 0.34626102]","[[128.62, 145.21, 463.54, 341.44], [266.84, 118.07, 256.44, 100.34]]"
1637,/home/pi/sambashare/BacArbeit/cocoval2017/000000331317.jpg,3.192544827000347,"['74: clock', '74: clock']","[74, 74]","[0.7795189, 0.31267446]","[[333.53, 358.47, 213.02, 124.95], [231.06, 225.17, 408.68, 257.84]]"
1638,/home/pi/sambashare/BacArbeit/cocoval2017/000000164969.jpg,3.1932762039996305,['55: cake'],[55],[0.7917061],"[[81.53, 24.89, 421.4, 399.54]]"
1639,/home/pi/sambashare/BacArbeit/cocoval2017/000000564091.jpg,3.1885084190007547,"['0: person', '39: bottle', '67: cell phone']","[0, 39, 67]","[0.8719725, 0.84612995, 0.6793659]","[[10.54, 1, 313.54, 361.54], [171.16, 264.91, 37.33, 73.57], [220.36, 56.41, 29.5, 37.06]]"
1640,/home/pi/sambashare/BacArbeit/cocoval2017/000000226408.jpg,3.2016945049999777,"['73: book', '0: person', '16: dog']","[73, 0, 16]","[0.6069187, 0.3902084, 0.3215405]","[[1, 383.8, 117.06, 84.59], [23.17, 1, 603.73, 462.5], [1.14, 23.85, 180.56, 380.84]]"
1641,/home/pi/sambashare/BacArbeit/cocoval2017/000000428454.jpg,3.1900573779994374,"['0: person', '33: kite', '31: snowboard']","[0, 33, 31]","[0.9340901, 0.9134957, 0.8937212]","[[315.57, 128.05, 94.81, 184.94], [195.31, 37.98, 66.94, 69.02], [268.51, 293.11, 160.68, 23.7]]"
1642,/home/pi/sambashare/BacArbeit/cocoval2017/000000128675.jpg,3.182844374000524,"['33: kite', '37: surfboard', '0: person', '0: person', '37: surfboard', '37: surfboard']","[33, 37, 0, 0, 37, 37]","[0.90828806, 0.8726713, 0.8684809, 0.84350485, 0.77565527, 0.5789868]","[[320.58, 14.36, 35.69, 70.31], [331.44, 341.25, 115.08, 59.97], [112.01, 252.14, 18.82, 16.5], [330.87, 309.14, 55.02, 130.93], [528.82, 418.4, 110.06, 45.93], [468.73, 414.33, 154.07, 17.88]]"
1643,/home/pi/sambashare/BacArbeit/cocoval2017/000000196843.jpg,3.1770365169995785,"['1: bicycle', '1: bicycle', '5: bus']","[1, 1, 5]","[0.87021, 0.69149786, 0.6861975]","[[441.82, 253.55, 117.65, 154.01], [1, 374.75, 131.24, 104.64], [1.25, 53.15, 633.48, 360.96]]"
1644,/home/pi/sambashare/BacArbeit/cocoval2017/000000064574.jpg,3.1856128560002617,"['76: scissors', '43: knife']","[76, 43]","[0.37301862, 0.3469287]","[[96.57, 494.57, 273.09, 29.69], [80.15, 402.87, 285.9, 54.83]]"
1645,/home/pi/sambashare/BacArbeit/cocoval2017/000000179653.jpg,3.1855470079999577,['74: clock'],[74],[0.87298745],"[[213.93, 162.37, 83.83, 83.79]]"
1646,/home/pi/sambashare/BacArbeit/cocoval2017/000000386352.jpg,3.1741817169995556,"['0: person', '0: person', '0: person', '0: person', '0: person', '0: person', '0: person', '38: tennis racket', '0: person', '0: person', '0: person']","[0, 0, 0, 0, 0, 0, 0, 38, 0, 0, 0]","[0.78596, 0.76532525, 0.75414675, 0.72053856, 0.71628076, 0.6780691, 0.55569047, 0.54915833, 0.54149574, 0.38875487, 0.2697653]","[[1, 95.56, 92.71, 327.06], [245.81, 1, 153.27, 182.51], [371.03, 1, 99.14, 136.55], [16.47, 1, 95.51, 153.17], [359.82, 128.66, 265.83, 298.34], [32.06, 52.41, 128.59, 206.3], [486.12, 74.75, 153.88, 179.58], [364.9, 1, 192.88, 194.83], [86.6, 73.47, 385.34, 352.24], [546.92, 7.01, 91.59, 151.67], [1, 1, 49.35, 100.47]]"
1647,/home/pi/sambashare/BacArbeit/cocoval2017/000000522940.jpg,3.1642687760004264,['11: stop sign'],[11],[0.95811564],"[[7.88, 19.39, 361.73, 365.14]]"
1648,/home/pi/sambashare/BacArbeit/cocoval2017/000000128051.jpg,3.194964066000466,"['5: bus', '7: truck', '7: truck', '5: bus', '25: umbrella']","[5, 7, 7, 5, 25]","[0.9288, 0.9066878, 0.88428605, 0.5038424, 0.30278063]","[[116.83, 81.19, 348.08, 174.41], [565.87, 187.68, 74.0, 43.81], [1, 133.47, 138.91, 152.76], [220.57, 40.02, 174.11, 68.47], [86.86, 54.5, 20.86, 53.48]]"
1649,/home/pi/sambashare/BacArbeit/cocoval2017/000000491497.jpg,3.1836708699993324,"['59: bed', '62: tv', '0: person', '73: book', '73: book', '73: book', '73: book', '73: book', '73: book', '73: book', '73: book']","[59, 62, 0, 73, 73, 73, 73, 73, 73, 73, 73]","[0.8663045, 0.8590126, 0.6019568, 0.50308484, 0.43601385, 0.3561381, 0.32190946, 0.2938484, 0.28441125, 0.27818307, 0.2595632]","[[167.39, 288.19, 187.99, 210.76], [1, 183.44, 95.88, 183.72], [1, 221.54, 80.68, 96.54], [311.14, 148.66, 15.17, 47.1], [343.32, 151.41, 9.02, 44.84], [350.56, 154.13, 7.07, 42.9], [298.57, 146.55, 13.97, 49.83], [296.7, 211.84, 77.54, 53.51], [327.31, 281.35, 15.94, 50.33], [336.59, 281.36, 8.9, 51.64], [347.74, 282.96, 12.04, 51.15]]"
1650,/home/pi/sambashare/BacArbeit/cocoval2017/000000357459.jpg,3.1901251489998685,"['29: frisbee', '16: dog', '0: person']","[29, 16, 0]","[0.9558231, 0.9475644, 0.71870726]","[[97.06, 85.85, 188.33, 105.25], [265.16, 100.73, 204.27, 289.98], [1, 150.7, 169.59, 179.77]]"
1651,/home/pi/sambashare/BacArbeit/cocoval2017/000000235836.jpg,3.1837544919999345,"['56: chair', '0: person', '56: chair', '32: sports ball', '13: bench', '34: baseball bat']","[56, 0, 56, 32, 13, 34]","[0.9361647, 0.89562947, 0.8350602, 0.7554547, 0.74192995, 0.7008847]","[[70.36, 227.18, 152.29, 171.72], [221.53, 280.78, 156.94, 324.87], [1, 274.43, 68.96, 110.89], [135.25, 412.62, 31.69, 31.18], [348.36, 226.58, 78.3, 184.63], [188.63, 410.45, 56.25, 33.2]]"
1652,/home/pi/sambashare/BacArbeit/cocoval2017/000000482917.jpg,3.173985569999786,"['62: tv', '16: dog', '0: person', '56: chair', '62: tv']","[62, 16, 0, 56, 62]","[0.8909684, 0.747112, 0.71961987, 0.43501258, 0.26401454]","[[245.0, 1, 165.22, 66.74], [3.31, 76.9, 268.18, 298.1], [255.9, 164.24, 188.66, 209.7], [1, 62.77, 60.39, 118.44], [444.37, 1, 55.15, 57.09]]"
1653,/home/pi/sambashare/BacArbeit/cocoval2017/000000502136.jpg,3.174063634000049,"['58: potted plant', '75: vase', '75: vase', '58: potted plant']","[58, 75, 75, 58]","[0.80560887, 0.80489844, 0.689191, 0.6080258]","[[1, 287.99, 122.46, 104.15], [352.8, 343.22, 24.85, 39.89], [49.04, 348.21, 26.89, 44.41], [330.54, 305.48, 69.53, 76.57]]"
1654,/home/pi/sambashare/BacArbeit/cocoval2017/000000473219.jpg,3.1842845990004207,"['0: person', '0: person', '27: tie', '0: person', '75: vase', '0: person', '0: person', '75: vase', '56: chair']","[0, 0, 27, 0, 75, 0, 0, 75, 56]","[0.8922814, 0.8853882, 0.8087268, 0.7788096, 0.77364004, 0.6479557, 0.5595358, 0.34788898, 0.27911288]","[[499.41, 133.84, 139.64, 292.42], [1, 183.25, 176.76, 244.17], [348.73, 216.15, 23.39, 44.12], [324.48, 97.68, 177.85, 330.32], [487.49, 89.05, 44.3, 28.39], [114.65, 123.12, 229.21, 303.87], [265.79, 114.59, 152.86, 313.41], [571.37, 1, 67.99, 46.43], [507.49, 232.84, 105.73, 79.16]]"
1655,/home/pi/sambashare/BacArbeit/cocoval2017/000000542625.jpg,3.186210005999783,"['2: car', '2: car', '2: car', '14: bird', '12: parking meter', '7: truck', '9: traffic light', '2: car', '2: car']","[2, 2, 2, 14, 12, 7, 9, 2, 2]","[0.93937534, 0.9333362, 0.9210522, 0.8898315, 0.86756337, 0.8549248, 0.71006215, 0.5855541, 0.37998933]","[[519.96, 150.24, 119.77, 77.12], [373.74, 147.61, 117.56, 62.57], [284.84, 219.96, 354.03, 259.76], [206.88, 213.33, 94.62, 99.69], [244.62, 282.01, 61.23, 170.63], [1.43, 2.83, 148.22, 342.29], [138.15, 60.15, 11.99, 27.54], [623.88, 185.09, 15.92, 38.85], [80.22, 181.18, 55.91, 47.9]]"
1656,/home/pi/sambashare/BacArbeit/cocoval2017/000000323355.jpg,3.18995608700061,"['0: person', '53: pizza', '0: person', '51: carrot']","[0, 53, 0, 51]","[0.93930066, 0.9330575, 0.8239532, 0.25782076]","[[105.86, 16.02, 336.64, 623.98], [84.92, 347.41, 199.54, 154.48], [392.58, 479.43, 86.77, 159.89], [3.37, 567.92, 105.92, 58.07]]"
1657,/home/pi/sambashare/BacArbeit/cocoval2017/000000053626.jpg,3.179165314999409,"['0: person', '0: person', '0: person', '0: person', '30: skis', '30: skis', '30: skis', '30: skis', '30: skis']","[0, 0, 0, 0, 30, 30, 30, 30, 30]","[0.9172103, 0.91660887, 0.9132043, 0.89129037, 0.8405687, 0.60835373, 0.44932082, 0.39911973, 0.39201957]","[[373.03, 151.11, 71.09, 200.49], [230.96, 156.42, 79.83, 220.07], [124.02, 138.47, 98.47, 254.21], [295.97, 145.81, 76.52, 211.14], [111.99, 358.29, 124.89, 80.48], [300.53, 347.53, 90.27, 30.79], [230.44, 339.02, 93.49, 61.2], [216.15, 339.23, 36.04, 55.12], [376.14, 335.98, 38.62, 20.33]]"
1658,/home/pi/sambashare/BacArbeit/cocoval2017/000000006471.jpg,3.180134848999842,"['0: person', '0: person', '0: person', '35: baseball glove', '34: baseball bat', '0: person', '0: person', '0: person', '0: person', '0: person', '0: person']","[0, 0, 0, 35, 34, 0, 0, 0, 0, 0, 0]","[0.9355674, 0.92159843, 0.90312225, 0.8835264, 0.8039896, 0.75947744, 0.6927058, 0.6877433, 0.549353, 0.54788446, 0.36845908]","[[86.68, 188.27, 153.94, 136.85], [263.7, 73.42, 91.24, 225.61], [17.68, 141.42, 109.0, 182.23], [214.91, 232.19, 27.36, 31.5], [302.28, 26.72, 62.13, 67.65], [85.1, 72.43, 71.79, 68.19], [401.27, 58.96, 72.37, 54.7], [213.93, 72.38, 51.59, 57.59], [20.36, 82.15, 81.67, 64.38], [169.69, 74.65, 55.76, 58.39], [1, 90.7, 19.58, 57.44]]"
1659,/home/pi/sambashare/BacArbeit/cocoval2017/000000235064.jpg,3.1773867719994087,['21: bear'],[21],[0.9621866],"[[109.81, 131.05, 435.61, 285.99]]"
1660,/home/pi/sambashare/BacArbeit/cocoval2017/000000300842.jpg,3.174511696999616,"['36: skateboard', '0: person']","[36, 0]","[0.82928354, 0.46710473]","[[154.29, 137.75, 481.77, 222.23], [374.55, 1, 263.58, 154.55]]"
1661,/home/pi/sambashare/BacArbeit/cocoval2017/000000559348.jpg,3.1948033090002355,"['0: person', '0: person', '0: person', '0: person', '34: baseball bat', '0: person', '0: person']","[0, 0, 0, 0, 34, 0, 0]","[0.94846994, 0.85412395, 0.7558007, 0.59855145, 0.50313765, 0.39991617, 0.30324805]","[[31.56, 267.11, 118.77, 193.79], [240.73, 172.48, 54.94, 116.65], [144.46, 186.97, 68.88, 93.89], [208.39, 205.59, 45.32, 76.23], [259.86, 138.09, 26.27, 44.49], [33.17, 137.93, 42.56, 59.65], [286.27, 149.54, 32.61, 30.77]]"
1662,/home/pi/sambashare/BacArbeit/cocoval2017/000000163951.jpg,3.1825760259998788,"['46: banana', '77: teddy bear']","[46, 77]","[0.7766223, 0.43247497]","[[133.62, 217.7, 218.11, 222.04], [79.1, 118.74, 114.07, 141.06]]"
1663,/home/pi/sambashare/BacArbeit/cocoval2017/000000006771.jpg,3.1778636670005653,"['0: person', '0: person', '0: person', '0: person', '0: person', '0: person', '0: person', '0: person']","[0, 0, 0, 0, 0, 0, 0, 0]","[0.8858189, 0.8708735, 0.84545803, 0.77055347, 0.698653, 0.6801295, 0.6570141, 0.26649183]","[[538.35, 173.49, 100.72, 251.54], [385.25, 162.25, 186.75, 263.48], [139.47, 105.3, 311.73, 321.7], [387.01, 132.24, 93.65, 97.58], [100.68, 144.57, 104.96, 83.67], [63.06, 185.57, 157.9, 166.43], [1, 3.74, 80.47, 416.72], [567.2, 126.19, 71.6, 92.83]]"
1664,/home/pi/sambashare/BacArbeit/cocoval2017/000000243344.jpg,3.1904468410002664,"['72: refrigerator', '15: cat']","[72, 15]","[0.89265156, 0.8423908]","[[136.84, 315.5, 342.32, 321.95], [178.2, 163.54, 155.32, 187.22]]"
1665,/home/pi/sambashare/BacArbeit/cocoval2017/000000527215.jpg,3.186682911999924,"['0: person', '0: person', '0: person', '33: kite', '0: person', '0: person', '33: kite']","[0, 0, 0, 33, 0, 0, 33]","[0.91185105, 0.8282118, 0.81787056, 0.7752984, 0.69527394, 0.6402902, 0.53136563]","[[450.2, 206.79, 61.72, 189.15], [282.79, 277.92, 14.97, 27.1], [445.18, 282.21, 8.55, 22.49], [86.38, 38.29, 29.32, 38.77], [569.15, 292.82, 6.71, 13.13], [552.73, 295.67, 6.41, 9.01], [489.5, 69.87, 7.62, 8.21]]"
1666,/home/pi/sambashare/BacArbeit/cocoval2017/000000009378.jpg,3.178829548000067,"['29: frisbee', '0: person', '0: person', '39: bottle', '0: person', '0: person']","[29, 0, 0, 39, 0, 0]","[0.8743992, 0.8369391, 0.6924142, 0.62281775, 0.5378348, 0.2739123]","[[188.04, 216.35, 171.4, 41.06], [74.27, 48.38, 405.91, 338.1], [421.0, 332.49, 64.52, 58.28], [313.82, 330.98, 81.55, 60.93], [502.23, 292.47, 91.62, 97.72], [475.21, 318.21, 47.58, 68.93]]"
1667,/home/pi/sambashare/BacArbeit/cocoval2017/000000356169.jpg,3.191351759999634,"['2: car', '2: car', '2: car', '2: car', '10: fire hydrant', '2: car', '2: car']","[2, 2, 2, 2, 10, 2, 2]","[0.81056416, 0.8017562, 0.75452036, 0.74146724, 0.7286356, 0.54816836, 0.4679788]","[[364.86, 323.11, 17.97, 13.44], [332.98, 322.88, 20.04, 14.2], [19.97, 314.07, 32.37, 41.7], [1, 295.9, 25.55, 65.89], [44.07, 336.46, 19.1, 36.31], [280.39, 323.1, 22.89, 9.34], [352.39, 324.01, 9.43, 8.27]]"
1668,/home/pi/sambashare/BacArbeit/cocoval2017/000000421060.jpg,3.1929002320002837,"['0: person', '30: skis', '0: person', '0: person', '0: person', '0: person']","[0, 30, 0, 0, 0, 0]","[0.91613793, 0.87377214, 0.43634275, 0.26058578, 0.2576726, 0.25546026]","[[139.6, 148.38, 153.23, 125.81], [96.89, 244.79, 154.55, 66.33], [616.87, 176.15, 20.96, 52.68], [604.37, 179.81, 15.56, 29.38], [630.19, 176.2, 9.81, 51.89], [616.98, 175.96, 18.24, 20.42]]"
1669,/home/pi/sambashare/BacArbeit/cocoval2017/000000116208.jpg,3.166473507999399,"['41: cup', '40: wine glass', '39: bottle', '39: bottle', '40: wine glass', '39: bottle', '53: pizza', '40: wine glass', '39: bottle', '56: chair', '40: wine glass', '40: wine glass', '0: person', '56: chair', '40: wine glass', '60: dining table', '56: chair', '39: bottle', '56: chair', '43: knife', '45: bowl']","[41, 40, 39, 39, 40, 39, 53, 40, 39, 56, 40, 40, 0, 56, 40, 60, 56, 39, 56, 43, 45]","[0.90246326, 0.86994517, 0.8622805, 0.8598193, 0.8546478, 0.84586805, 0.8357291, 0.82047033, 0.8121858, 0.7259736, 0.6380912, 0.58424336, 0.5736825, 0.5689864, 0.553874, 0.4974217, 0.42217574, 0.40302595, 0.34959438, 0.31772754, 0.3104313]","[[505.16, 351.88, 134.04, 127.87], [600.72, 123.39, 39.06, 166.84], [352.38, 1, 57.27, 136.47], [386.67, 1, 72.24, 147.63], [216.6, 88.08, 64.3, 59.99], [485.16, 22.86, 81.82, 191.28], [104.1, 131.29, 466.73, 237.4], [294.53, 85.53, 59.08, 47.96], [303.57, 1, 58.32, 90.94], [564.75, 1, 74.91, 163.29], [2.03, 16.18, 223.76, 71.34], [450.53, 76.92, 57.0, 74.79], [1.44, 1, 176.98, 269.68], [249.22, 50.23, 58.06, 76.42], [272.36, 123.43, 65.86, 13.96], [519.77, 1, 74.31, 38.41], [169.44, 19.41, 63.7, 119.33], [442.55, 1, 47.23, 81.73], [162.12, 1.42, 131.22, 97.54], [375.35, 353.98, 133.94, 32.47], [555.8, 301.62, 83.79, 81.35]]"
1670,/home/pi/sambashare/BacArbeit/cocoval2017/000000117719.jpg,3.181592217999423,"['0: person', '39: bottle', '39: bottle', '39: bottle', '39: bottle', '39: bottle', '39: bottle', '39: bottle', '39: bottle', '39: bottle', '0: person', '39: bottle', '39: bottle']","[0, 39, 39, 39, 39, 39, 39, 39, 39, 39, 0, 39, 39]","[0.70982873, 0.44149145, 0.42930463, 0.4022333, 0.36030933, 0.31926504, 0.3092993, 0.30425638, 0.26962554, 0.2690519, 0.26610112, 0.25352442, 0.25129148]","[[427.13, 161.08, 212.72, 261.62], [1, 91.22, 18.91, 59.37], [90.41, 84.27, 26.53, 74.37], [156.42, 98.43, 28.93, 63.79], [186.33, 263.52, 23.47, 77.48], [68.7, 85.79, 23.86, 69.54], [136.11, 101.02, 30.76, 59.77], [3.91, 190.06, 28.84, 56.32], [217.33, 186.2, 21.17, 60.77], [181.4, 100.66, 39.41, 63.35], [394.47, 158.78, 143.58, 112.46], [200.72, 184.63, 20.3, 63.02], [152.36, 263.7, 43.59, 77.62]]"
1671,/home/pi/sambashare/BacArbeit/cocoval2017/000000534827.jpg,3.1861384990006627,"['3: motorcycle', '3: motorcycle', '0: person', '0: person', '3: motorcycle', '3: motorcycle', '0: person', '3: motorcycle']","[3, 3, 0, 0, 3, 3, 0, 3]","[0.9412065, 0.9066393, 0.89605373, 0.80001765, 0.7861369, 0.7400216, 0.7000017, 0.63125]","[[33.13, 284.1, 223.19, 126.43], [305.42, 303.15, 244.57, 141.78], [402.87, 231.42, 91.24, 190.3], [107.38, 224.55, 86.74, 164.63], [303.69, 290.06, 79.25, 85.18], [532.73, 292.05, 78.51, 95.77], [356.52, 252.21, 56.34, 60.55], [556.75, 312.71, 54.9, 103.26]]"
1672,/home/pi/sambashare/BacArbeit/cocoval2017/000000565989.jpg,3.1814070709997395,"['74: clock', '0: person']","[74, 0]","[0.8841676, 0.70111376]","[[187.41, 274.1, 63.77, 48.53], [406.56, 413.05, 38.19, 52.13]]"
1673,/home/pi/sambashare/BacArbeit/cocoval2017/000000364884.jpg,3.1911637709999923,"['0: person', '0: person', '0: person', '0: person', '0: person', '0: person', '0: person', '0: person', '0: person', '0: person']","[0, 0, 0, 0, 0, 0, 0, 0, 0, 0]","[0.72079587, 0.61469126, 0.53935105, 0.46090826, 0.39468715, 0.39076856, 0.35591272, 0.30049655, 0.27251074, 0.27212617]","[[127.38, 165.12, 13.52, 26.68], [335.23, 11.28, 13.3, 32.02], [158.17, 85.41, 17.96, 45.2], [283.52, 83.74, 8.31, 20.63], [100.47, 125.5, 8.91, 26.31], [1, 239.64, 12.41, 19.92], [319.33, 298.94, 18.22, 28.79], [89.73, 131.99, 10.0, 24.74], [323.87, 165.4, 23.9, 13.91], [364.06, 261.27, 13.8, 23.52]]"
1674,/home/pi/sambashare/BacArbeit/cocoval2017/000000222559.jpg,3.176405686999715,"['0: person', '0: person', '0: person', '8: boat', '0: person', '8: boat', '0: person', '8: boat', '0: person', '0: person', '0: person', '0: person', '8: boat', '8: boat', '8: boat', '0: person']","[0, 0, 0, 8, 0, 8, 0, 8, 0, 0, 0, 0, 8, 8, 8, 0]","[0.8930551, 0.87397665, 0.8517415, 0.8361469, 0.81464964, 0.7832872, 0.7638594, 0.7591134, 0.75018287, 0.70672494, 0.694416, 0.44673073, 0.44220096, 0.40265194, 0.35735744, 0.3233288]","[[175.69, 356.24, 18.86, 36.17], [243.96, 377.6, 18.75, 30.78], [605.78, 308.74, 20.73, 23.96], [1, 140.14, 72.14, 73.9], [403.53, 350.7, 14.44, 39.28], [452.28, 156.97, 40.73, 69.56], [8.35, 335.39, 18.3, 18.87], [577.88, 171.64, 22.96, 45.89], [409.32, 232.59, 6.43, 14.8], [578.48, 301.48, 9.35, 20.52], [337.36, 357.75, 21.95, 28.92], [349.67, 343.91, 11.18, 26.85], [228.74, 142.59, 104.13, 81.25], [228.46, 206.77, 106.04, 17.55], [381.88, 160.61, 32.8, 42.53], [484.72, 246.54, 8.63, 5.2]]"
1675,/home/pi/sambashare/BacArbeit/cocoval2017/000000308631.jpg,3.1993164229998,"['0: person', '0: person', '0: person', '0: person', '0: person', '3: motorcycle', '0: person', '0: person', '0: person', '0: person', '0: person', '24: backpack', '19: cow', '0: person', '0: person']","[0, 0, 0, 0, 0, 3, 0, 0, 0, 0, 0, 24, 19, 0, 0]","[0.88254654, 0.8615978, 0.8109549, 0.7823095, 0.7770865, 0.7499489, 0.72879523, 0.66758037, 0.63842314, 0.4195791, 0.41802248, 0.37036052, 0.34342408, 0.28059003, 0.25255427]","[[425.65, 1, 84.09, 152.71], [79.86, 1, 66.36, 69.07], [48.96, 1, 39.48, 69.11], [556.19, 1, 49.84, 66.99], [163.94, 1, 90.89, 81.92], [4.39, 20.38, 584.13, 369.03], [576.91, 1.92, 62.1, 299.52], [257.85, 1, 98.79, 101.62], [476.97, 54.72, 116.19, 166.44], [536.81, 1, 15.0, 41.87], [33.53, 1, 26.65, 72.37], [488.23, 1, 23.16, 53.72], [1, 122.51, 34.94, 140.98], [352.62, 1, 79.66, 88.61], [1, 1, 42.58, 262.18]]"
1676,/home/pi/sambashare/BacArbeit/cocoval2017/000000334521.jpg,3.1829973630001405,"['23: giraffe', '23: giraffe', '35: baseball glove']","[23, 23, 35]","[0.8888595, 0.8857848, 0.4454505]","[[73.07, 77.45, 199.66, 210.03], [217.34, 79.54, 104.56, 213.98], [403.06, 255.47, 40.53, 35.39]]"
1677,/home/pi/sambashare/BacArbeit/cocoval2017/000000178982.jpg,3.186029335999592,"['0: person', '0: person', '9: traffic light', '9: traffic light', '1: bicycle', '9: traffic light', '9: traffic light', '9: traffic light']","[0, 0, 9, 9, 1, 9, 9, 9]","[0.79588336, 0.7496922, 0.61981493, 0.52812266, 0.5258678, 0.4141125, 0.3784599, 0.2645886]","[[447.89, 248.97, 55.74, 108.4], [322.43, 245.21, 50.23, 107.93], [561.0, 184.49, 21.46, 32.58], [473.46, 59.22, 24.53, 39.29], [467.56, 299.03, 46.46, 61.27], [477.34, 58.01, 41.92, 39.59], [499.04, 57.68, 18.52, 38.91], [502.07, 192.93, 12.91, 22.34]]"
1678,/home/pi/sambashare/BacArbeit/cocoval2017/000000203294.jpg,3.1900760910002646,"['5: bus', '2: car', '0: person', '0: person', '24: backpack', '26: handbag', '26: handbag']","[5, 2, 0, 0, 24, 26, 26]","[0.95086396, 0.92182565, 0.88460726, 0.8700345, 0.6980655, 0.38029101, 0.31565893]","[[147.0, 105.22, 399.29, 238.58], [533.59, 213.18, 105.95, 125.88], [37.66, 209.1, 46.4, 125.13], [124.27, 220.08, 31.54, 88.77], [25.14, 233.48, 18.56, 35.4], [146.85, 235.42, 12.53, 33.02], [1, 328.74, 11.05, 36.45]]"
1679,/home/pi/sambashare/BacArbeit/cocoval2017/000000264968.jpg,3.1927517370004352,"['0: person', '0: person', '0: person', '34: baseball bat', '0: person', '0: person', '34: baseball bat', '0: person', '34: baseball bat', '0: person', '35: baseball glove']","[0, 0, 0, 34, 0, 0, 34, 0, 34, 0, 35]","[0.9114267, 0.8911395, 0.88580745, 0.8492127, 0.83600986, 0.70808023, 0.6392443, 0.54218054, 0.36825833, 0.30591533, 0.30512884]","[[1, 1, 62.88, 178.46], [113.83, 21.1, 154.62, 470.88], [243.77, 1, 56.33, 92.45], [170.86, 91.78, 70.58, 220.38], [193.35, 1, 52.02, 99.17], [57.63, 1, 50.57, 118.88], [1, 333.31, 29.39, 18.78], [158.72, 1, 44.99, 93.78], [48.73, 7.23, 24.16, 100.81], [99.73, 1, 43.82, 86.7], [264.65, 19.58, 15.0, 15.6]]"
1680,/home/pi/sambashare/BacArbeit/cocoval2017/000000343315.jpg,3.1921320640003614,"['10: fire hydrant', '13: bench']","[10, 13]","[0.92833436, 0.31335345]","[[520.21, 60.31, 62.31, 149.27], [544.46, 338.8, 94.6, 137.97]]"
1681,/home/pi/sambashare/BacArbeit/cocoval2017/000000411774.jpg,3.187748172999818,['38: tennis racket'],[38],[0.37662455],"[[157.69, 34.54, 178.85, 319.21]]"
1682,/home/pi/sambashare/BacArbeit/cocoval2017/000000000724.jpg,3.1841187350000837,"['11: stop sign', '11: stop sign', '2: car']","[11, 11, 2]","[0.9141502, 0.8012666, 0.70242053]","[[120.01, 70.52, 135.22, 155.2], [203.28, 259.53, 17.85, 27.15], [102.77, 274.24, 42.44, 36.45]]"
1683,/home/pi/sambashare/BacArbeit/cocoval2017/000000445658.jpg,3.1969154270000217,"['69: oven', '45: bowl', '72: refrigerator', '69: oven', '39: bottle', '69: oven', '41: cup', '39: bottle', '39: bottle', '39: bottle', '39: bottle', '41: cup', '39: bottle']","[69, 45, 72, 69, 39, 69, 41, 39, 39, 39, 39, 41, 39]","[0.9087045, 0.84864914, 0.7935884, 0.696837, 0.6921067, 0.6736614, 0.65770316, 0.6318863, 0.53218216, 0.48421228, 0.41366944, 0.3021819, 0.2620519]","[[143.15, 181.9, 148.81, 215.39], [533.74, 208.09, 67.39, 38.03], [1, 45.93, 53.21, 368.29], [605.43, 181.9, 33.96, 65.27], [318.94, 194.2, 16.89, 29.51], [513.8, 245.17, 125.88, 181.83], [281.15, 199.53, 26.24, 20.52], [306.07, 174.46, 13.5, 41.74], [337.53, 189.89, 14.57, 25.97], [570.74, 195.27, 17.38, 14.95], [193.35, 164.58, 19.96, 18.23], [438.26, 209.0, 13.23, 11.38], [73.3, 187.9, 17.82, 37.14]]"
1684,/home/pi/sambashare/BacArbeit/cocoval2017/000000058350.jpg,3.192742516999715,"['0: person', '0: person', '27: tie', '73: book', '43: knife', '26: handbag']","[0, 0, 27, 73, 43, 26]","[0.9389694, 0.6181383, 0.5815224, 0.54363614, 0.5080527, 0.28713983]","[[431.31, 77.86, 208.1, 402.14], [100.73, 79.16, 466.18, 400.84], [42.22, 178.95, 237.11, 300.2], [545.46, 400.51, 94.38, 79.26], [572.64, 339.3, 67.36, 32.31], [552.49, 283.4, 34.74, 81.0]]"
1685,/home/pi/sambashare/BacArbeit/cocoval2017/000000218439.jpg,3.175693253000645,"['62: tv', '67: cell phone', '59: bed', '73: book', '73: book', '73: book', '73: book', '73: book', '73: book']","[62, 67, 59, 73, 73, 73, 73, 73, 73]","[0.90027636, 0.73913115, 0.5339972, 0.53399706, 0.42706776, 0.3958585, 0.32707304, 0.2828918, 0.2675967]","[[1, 316.37, 48.77, 110.53], [341.91, 410.86, 41.9, 23.66], [2.11, 186.49, 472.09, 449.94], [237.77, 213.15, 41.96, 34.09], [209.61, 182.7, 47.78, 62.11], [360.95, 140.76, 64.35, 66.77], [159.47, 208.57, 36.65, 55.16], [403.15, 213.65, 56.28, 57.61], [322.46, 117.56, 48.22, 46.81]]"
1686,/home/pi/sambashare/BacArbeit/cocoval2017/000000546325.jpg,3.185309960000268,"['65: remote', '57: couch', '65: remote', '73: book', '73: book']","[65, 57, 65, 73, 73]","[0.920497, 0.7290117, 0.35477966, 0.2831248, 0.27146187]","[[115.91, 549.16, 97.96, 89.28], [1.09, 280.93, 476.8, 344.53], [16.41, 618.25, 88.87, 21.75], [1, 591.48, 78.62, 38.63], [57.19, 571.29, 76.47, 28.5]]"
1687,/home/pi/sambashare/BacArbeit/cocoval2017/000000007511.jpg,3.1930850469998404,"['0: person', '33: kite', '0: person', '0: person', '24: backpack', '0: person', '0: person', '0: person', '0: person', '0: person', '0: person']","[0, 33, 0, 0, 24, 0, 0, 0, 0, 0, 0]","[0.93432087, 0.9026012, 0.7633362, 0.7265832, 0.5909208, 0.55486417, 0.47681668, 0.327877, 0.270325, 0.26608422, 0.25239587]","[[374.92, 241.4, 134.23, 237.45], [202.73, 124.13, 19.91, 37.84], [237.98, 280.2, 13.38, 25.44], [270.31, 273.67, 11.49, 29.45], [606.43, 390.65, 33.24, 33.01], [51.31, 406.33, 13.68, 8.42], [523.28, 276.16, 9.3, 21.27], [400.64, 277.56, 7.43, 11.64], [409.11, 276.37, 6.63, 12.86], [502.31, 289.3, 8.25, 9.66], [511.82, 284.73, 8.04, 14.44]]"
1688,/home/pi/sambashare/BacArbeit/cocoval2017/000000573391.jpg,3.1832586719992833,['20: elephant'],[20],[0.91844255],"[[4.85, 203.76, 138.62, 73.8]]"
1689,/home/pi/sambashare/BacArbeit/cocoval2017/000000479030.jpg,3.1858024169996497,"['6: train', '2: car', '7: truck', '6: train', '9: traffic light']","[6, 2, 7, 6, 9]","[0.77396095, 0.7632532, 0.7471366, 0.42610154, 0.28939837]","[[97.29, 55.01, 501.41, 220.15], [177.7, 86.82, 16.12, 11.92], [366.72, 87.5, 20.19, 12.64], [457.65, 56.94, 14.82, 12.74], [592.1, 43.59, 6.85, 7.75]]"
1690,/home/pi/sambashare/BacArbeit/cocoval2017/000000060507.jpg,3.177033472000403,"['0: person', '0: person', '32: sports ball', '34: baseball bat', '0: person', '0: person', '0: person', '0: person', '0: person', '0: person', '0: person', '0: person', '0: person', '0: person', '0: person']","[0, 0, 32, 34, 0, 0, 0, 0, 0, 0, 0, 0, 0, 0, 0]","[0.9060114, 0.7777962, 0.7190419, 0.70134753, 0.57060015, 0.48612052, 0.44310385, 0.40304005, 0.39667135, 0.3349525, 0.33395344, 0.32751906, 0.31075883, 0.290488, 0.2613136]","[[188.66, 167.51, 65.53, 129.67], [311.57, 158.39, 69.18, 101.71], [130.74, 215.36, 11.61, 10.03], [153.46, 191.39, 36.37, 6.79], [316.16, 62.35, 33.38, 26.03], [124.58, 63.79, 41.98, 46.36], [192.8, 62.35, 32.33, 40.81], [223.34, 58.91, 35.16, 40.96], [252.43, 65.68, 46.14, 30.52], [479.89, 45.02, 30.26, 26.48], [602.69, 30.84, 36.72, 32.07], [89.49, 68.91, 36.38, 43.53], [385.84, 55.79, 33.22, 23.45], [507.3, 39.09, 34.85, 30.57], [30.5, 81.62, 33.19, 34.94]]"
1691,/home/pi/sambashare/BacArbeit/cocoval2017/000000329319.jpg,3.1860752250004225,"['15: cat', '14: bird', '13: bench']","[15, 14, 13]","[0.9247509, 0.3413084, 0.28419796]","[[84.39, 242.55, 314.98, 262.91], [1, 105.91, 121.27, 482.34], [158.4, 435.31, 268.04, 203.26]]"
1692,/home/pi/sambashare/BacArbeit/cocoval2017/000000368212.jpg,3.184628127999531,"['0: person', '79: toothbrush', '79: toothbrush', '61: toilet', '61: toilet']","[0, 79, 79, 61, 61]","[0.8412283, 0.601384, 0.5390196, 0.48035637, 0.4000706]","[[14.45, 47.67, 375.21, 585.47], [243.7, 208.76, 13.22, 48.79], [232.05, 205.28, 26.27, 141.16], [61.76, 461.89, 300.59, 176.57], [299.04, 168.92, 178.49, 471.08]]"
1693,/home/pi/sambashare/BacArbeit/cocoval2017/000000412362.jpg,3.176667929999894,"['0: person', '0: person', '40: wine glass', '0: person', '27: tie', '40: wine glass', '26: handbag']","[0, 0, 40, 0, 27, 40, 26]","[0.9615214, 0.9523408, 0.8466806, 0.8466136, 0.81050354, 0.81024873, 0.7960461]","[[1.52, 119.25, 276.16, 379.13], [442.1, 76.82, 197.48, 420.52], [109.36, 416.87, 48.32, 81.81], [230.86, 107.38, 232.56, 390.92], [325.02, 242.26, 32.64, 155.05], [463.62, 362.59, 48.63, 112.86], [584.95, 371.22, 54.75, 127.65]]"
1694,/home/pi/sambashare/BacArbeit/cocoval2017/000000485802.jpg,3.183644643999287,['4: airplane'],[4],[0.88202995],"[[206.63, 192.67, 15.08, 17.44]]"
1695,/home/pi/sambashare/BacArbeit/cocoval2017/000000153229.jpg,3.176453491000757,"['0: person', '29: frisbee', '0: person', '0: person', '0: person', '0: person', '0: person']","[0, 29, 0, 0, 0, 0, 0]","[0.9302468, 0.8864721, 0.855432, 0.8097919, 0.69720554, 0.68162215, 0.410455]","[[517.93, 219.49, 121.53, 237.25], [339.32, 10.3, 43.79, 9.8], [336.6, 146.3, 160.74, 305.19], [116.88, 206.7, 79.92, 186.8], [519.52, 177.81, 61.84, 126.19], [221.89, 27.93, 115.64, 373.93], [152.28, 34.42, 140.32, 371.06]]"
1696,/home/pi/sambashare/BacArbeit/cocoval2017/000000474164.jpg,3.1770773260004717,"['16: dog', '7: truck', '7: truck']","[16, 7, 7]","[0.9381426, 0.8507901, 0.7130283]","[[248.89, 176.91, 94.55, 189.76], [34.54, 378.72, 85.43, 48.58], [15.99, 359.18, 613.54, 278.61]]"
1697,/home/pi/sambashare/BacArbeit/cocoval2017/000000555412.jpg,3.190424809000433,[],[],[],[]
1698,/home/pi/sambashare/BacArbeit/cocoval2017/000000086582.jpg,3.177412138999898,"['64: mouse', '63: laptop', '58: potted plant', '58: potted plant', '22: zebra', '58: potted plant', '41: cup']","[64, 63, 58, 58, 22, 58, 41]","[0.9235751, 0.73915327, 0.7294737, 0.7160316, 0.48607698, 0.3800737, 0.2865983]","[[397.09, 362.46, 129.19, 55.96], [334.15, 102.45, 298.51, 291.74], [206.13, 137.37, 80.6, 112.15], [55.61, 164.71, 87.76, 91.87], [1, 17.79, 200.03, 200.38], [278.09, 111.72, 106.24, 129.38], [577.06, 292.54, 62.94, 42.16]]"
1699,/home/pi/sambashare/BacArbeit/cocoval2017/000000006954.jpg,3.18068169199978,"['29: frisbee', '0: person', '29: frisbee', '0: person', '0: person', '0: person', '0: person']","[29, 0, 29, 0, 0, 0, 0]","[0.93978965, 0.935487, 0.8868721, 0.8857825, 0.885402, 0.85747063, 0.78198314]","[[460.28, 233.33, 143.2, 132.65], [1, 105.28, 164.63, 343.47], [249.96, 227.0, 107.34, 111.34], [143.76, 136.75, 112.22, 179.94], [373.49, 122.21, 264.98, 260.51], [364.12, 151.58, 79.47, 164.56], [200.34, 126.14, 181.55, 246.85]]"
1700,/home/pi/sambashare/BacArbeit/cocoval2017/000000327617.jpg,3.202490853999734,"['0: person', '38: tennis racket']","[0, 38]","[0.9302809, 0.88661116]","[[77.64, 115.84, 163.55, 506.39], [141.58, 293.85, 98.71, 219.3]]"
1701,/home/pi/sambashare/BacArbeit/cocoval2017/000000320696.jpg,3.1967814949994136,"['0: person', '37: surfboard']","[0, 37]","[0.92992055, 0.7702502]","[[235.24, 160.78, 153.19, 134.7], [293.52, 274.11, 70.82, 54.9]]"
1702,/home/pi/sambashare/BacArbeit/cocoval2017/000000492878.jpg,3.184104693000336,"['41: cup', '39: bottle', '39: bottle', '39: bottle', '39: bottle', '79: toothbrush', '79: toothbrush', '79: toothbrush', '41: cup', '39: bottle', '71: sink', '79: toothbrush', '79: toothbrush']","[41, 39, 39, 39, 39, 79, 79, 79, 41, 39, 71, 79, 79]","[0.8987765, 0.869159, 0.8305311, 0.7574296, 0.75086474, 0.71438575, 0.49594906, 0.42484772, 0.42183638, 0.41421655, 0.3477858, 0.26533, 0.25070244]","[[186.6, 268.62, 100.43, 128.64], [139.39, 8.98, 44.38, 61.26], [22.97, 160.67, 137.22, 217.43], [52.7, 339.03, 67.64, 118.13], [68.72, 2.81, 65.88, 96.7], [240.66, 198.46, 49.87, 102.26], [212.8, 157.4, 28.42, 140.87], [263.98, 136.88, 31.7, 47.87], [228.66, 171.79, 64.42, 72.05], [42.55, 4.53, 35.24, 81.9], [109.1, 399.37, 525.47, 236.82], [161.43, 202.28, 60.78, 95.4], [283.32, 259.2, 14.54, 89.83]]"
1703,/home/pi/sambashare/BacArbeit/cocoval2017/000000230166.jpg,3.1842331130001185,"['18: sheep', '18: sheep', '18: sheep', '18: sheep', '18: sheep', '18: sheep', '18: sheep', '18: sheep', '18: sheep', '18: sheep', '18: sheep', '18: sheep', '18: sheep', '18: sheep', '18: sheep', '18: sheep', '18: sheep']","[18, 18, 18, 18, 18, 18, 18, 18, 18, 18, 18, 18, 18, 18, 18, 18, 18]","[0.9283262, 0.8986076, 0.8946915, 0.85561246, 0.8324656, 0.8229325, 0.8009742, 0.79167914, 0.709188, 0.7049106, 0.6894512, 0.62586194, 0.51270884, 0.46459255, 0.40797424, 0.38187274, 0.34682673]","[[295.9, 166.96, 197.81, 131.04], [13.93, 162.18, 120.95, 100.19], [49.2, 175.09, 142.04, 100.01], [187.09, 183.63, 62.37, 68.29], [1, 178.54, 35.68, 56.87], [581.94, 170.71, 57.9, 95.41], [591.54, 208.53, 48.26, 85.59], [246.88, 201.91, 52.9, 48.13], [538.7, 197.63, 26.04, 24.36], [541.84, 201.06, 60.98, 38.75], [279.31, 174.58, 54.26, 35.62], [134.69, 164.11, 69.89, 44.91], [502.19, 201.56, 31.3, 21.48], [234.9, 182.02, 32.87, 20.81], [485.2, 188.6, 20.3, 40.96], [263.74, 185.88, 18.55, 19.59], [24.99, 175.09, 43.31, 49.62]]"
1704,/home/pi/sambashare/BacArbeit/cocoval2017/000000203629.jpg,3.1873006320001878,"['0: person', '40: wine glass', '40: wine glass', '0: person', '0: person', '40: wine glass', '56: chair', '0: person', '0: person', '0: person', '67: cell phone', '0: person', '0: person', '0: person', '0: person', '0: person', '0: person', '0: person', '26: handbag']","[0, 40, 40, 0, 0, 40, 56, 0, 0, 0, 67, 0, 0, 0, 0, 0, 0, 0, 26]","[0.94110715, 0.89085466, 0.8595643, 0.8410771, 0.8275586, 0.74613875, 0.54082054, 0.5111031, 0.47684407, 0.4712821, 0.4362262, 0.43315807, 0.4076137, 0.40562394, 0.4014128, 0.3726948, 0.28661057, 0.27206638, 0.27096015]","[[150.83, 139.08, 242.5, 286.76], [576.48, 344.91, 61.85, 81.7], [481.61, 389.82, 78.38, 37.06], [386.15, 163.56, 252.71, 262.77], [362.5, 156.86, 65.79, 116.34], [488.39, 356.03, 63.46, 42.94], [184.8, 313.12, 218.35, 113.69], [1, 149.72, 140.59, 194.63], [200.67, 188.69, 27.71, 16.0], [416.88, 173.78, 49.69, 51.81], [273.68, 197.6, 11.26, 20.15], [155.87, 161.18, 23.99, 30.25], [162.72, 173.93, 43.66, 40.73], [435.24, 159.59, 37.95, 57.07], [106.94, 161.55, 66.57, 101.66], [461.17, 157.75, 41.44, 56.12], [616.62, 222.19, 23.3, 103.21], [93.9, 154.19, 38.63, 41.54], [350.85, 372.26, 59.97, 54.74]]"
1705,/home/pi/sambashare/BacArbeit/cocoval2017/000000289222.jpg,3.19001937899975,"['9: traffic light', '9: traffic light', '58: potted plant']","[9, 9, 58]","[0.8390589, 0.81728125, 0.36527184]","[[416.6, 88.25, 144.49, 309.71], [151.95, 194.07, 221.26, 210.35], [1, 81.23, 71.58, 195.64]]"
1706,/home/pi/sambashare/BacArbeit/cocoval2017/000000504074.jpg,3.194211807999636,"['63: laptop', '0: person', '0: person', '56: chair', '56: chair', '56: chair', '58: potted plant']","[63, 0, 0, 56, 56, 56, 58]","[0.9336707, 0.8817841, 0.8641176, 0.8104983, 0.717643, 0.6698423, 0.2576539]","[[247.68, 230.49, 159.2, 119.87], [253.69, 90.82, 298.44, 335.77], [97.01, 77.36, 117.14, 279.3], [483.86, 159.38, 86.04, 77.08], [340.72, 198.76, 298.0, 228.24], [40.45, 138.37, 115.14, 114.5], [1, 191.61, 137.12, 184.85]]"
1707,/home/pi/sambashare/BacArbeit/cocoval2017/000000570664.jpg,3.187607615000161,"['15: cat', '0: person', '15: cat', '67: cell phone']","[15, 0, 15, 67]","[0.90142316, 0.8453244, 0.41055182, 0.26244777]","[[284.85, 113.99, 169.63, 218.59], [1, 24.66, 112.76, 307.72], [175.54, 2.79, 201.58, 175.75], [101.31, 144.9, 40.53, 25.67]]"
1708,/home/pi/sambashare/BacArbeit/cocoval2017/000000007977.jpg,3.185773326999879,"['0: person', '36: skateboard', '0: person']","[0, 36, 0]","[0.9547674, 0.909948, 0.3340763]","[[109.8, 150.28, 149.7, 269.96], [191.74, 344.31, 77.21, 82.02], [16.72, 200.36, 10.16, 24.21]]"
1709,/home/pi/sambashare/BacArbeit/cocoval2017/000000368900.jpg,3.171919235999667,"['62: tv', '41: cup']","[62, 41]","[0.9013225, 0.4037653]","[[460.73, 225.27, 170.13, 145.39], [548.38, 205.78, 18.58, 22.98]]"
1710,/home/pi/sambashare/BacArbeit/cocoval2017/000000367818.jpg,3.179877974000192,"['17: horse', '0: person']","[17, 0]","[0.92568016, 0.89849824]","[[135.07, 52.63, 407.43, 328.33], [89.44, 77.76, 95.93, 324.01]]"
1711,/home/pi/sambashare/BacArbeit/cocoval2017/000000210299.jpg,3.185385216999748,['0: person'],[0],[0.89754313],"[[116.62, 124.41, 138.64, 207.32]]"
1712,/home/pi/sambashare/BacArbeit/cocoval2017/000000291490.jpg,3.192661133999536,"['59: bed', '16: dog', '15: cat']","[59, 16, 15]","[0.47541782, 0.47063795, 0.29515728]","[[2.76, 68.09, 634.44, 320.9], [302.31, 44.56, 337.63, 255.89], [113.38, 75.02, 246.9, 241.37]]"
1713,/home/pi/sambashare/BacArbeit/cocoval2017/000000269932.jpg,3.18262538900035,"['17: horse', '56: chair']","[17, 56]","[0.8916041, 0.54582316]","[[211.45, 52.93, 162.8, 172.37], [47.51, 30.31, 327.49, 468.63]]"
1714,/home/pi/sambashare/BacArbeit/cocoval2017/000000509699.jpg,3.1731604139995397,"['56: chair', '58: potted plant', '73: book', '73: book', '62: tv', '73: book']","[56, 58, 73, 73, 62, 73]","[0.80910236, 0.5964569, 0.47389498, 0.41499126, 0.38777593, 0.26832825]","[[145.11, 203.94, 200.02, 191.52], [436.71, 160.36, 65.25, 70.03], [326.36, 323.13, 53.28, 18.97], [328.54, 337.85, 45.17, 18.74], [386.68, 225.51, 88.01, 131.38], [331.81, 348.06, 38.57, 11.0]]"
1715,/home/pi/sambashare/BacArbeit/cocoval2017/000000455219.jpg,3.17965851200006,"['0: person', '19: cow', '0: person', '19: cow']","[0, 19, 0, 19]","[0.92729354, 0.9229046, 0.7191647, 0.6248329]","[[471.11, 201.96, 76.02, 169.75], [240.66, 223.77, 198.67, 137.86], [309.93, 197.31, 24.51, 37.78], [347.02, 226.62, 146.29, 116.78]]"
1716,/home/pi/sambashare/BacArbeit/cocoval2017/000000464251.jpg,3.1919085700001233,"['14: bird', '2: car', '2: car']","[14, 2, 2]","[0.91274816, 0.27846563, 0.2652513]","[[138.2, 239.57, 132.77, 97.26], [2.74, 310.52, 636.3, 145.74], [372.48, 347.5, 265.77, 109.47]]"
1717,/home/pi/sambashare/BacArbeit/cocoval2017/000000384350.jpg,3.1711122270007763,['4: airplane'],[4],[0.41658917],"[[3.37, 57.19, 633.86, 143.91]]"
1718,/home/pi/sambashare/BacArbeit/cocoval2017/000000246522.jpg,3.177178702000674,['74: clock'],[74],[0.8882489],"[[225.53, 288.03, 34.53, 39.36]]"
1719,/home/pi/sambashare/BacArbeit/cocoval2017/000000227187.jpg,3.192533526999796,"['14: bird', '14: bird', '14: bird', '14: bird', '14: bird', '14: bird', '29: frisbee', '14: bird']","[14, 14, 14, 14, 14, 14, 29, 14]","[0.8952083, 0.86644495, 0.82881016, 0.7837875, 0.41256747, 0.3630766, 0.3332423, 0.30747035]","[[378.82, 204.71, 79.59, 51.68], [86.65, 189.47, 91.4, 63.57], [1, 211.73, 44.77, 48.05], [114.27, 160.11, 54.35, 42.01], [440.44, 1, 66.67, 100.54], [1, 252.3, 80.6, 32.1], [313.71, 274.65, 85.72, 23.95], [219.98, 211.03, 99.09, 85.66]]"
1720,/home/pi/sambashare/BacArbeit/cocoval2017/000000199977.jpg,3.1969883250003477,['4: airplane'],[4],[0.9510218],"[[86.06, 149.69, 142.66, 166.59]]"
1721,/home/pi/sambashare/BacArbeit/cocoval2017/000000162858.jpg,3.1889296810004453,"['2: car', '2: car', '2: car', '2: car', '2: car', '2: car', '0: person', '2: car', '9: traffic light', '9: traffic light', '2: car', '2: car', '2: car', '2: car', '2: car', '1: bicycle', '2: car']","[2, 2, 2, 2, 2, 2, 0, 2, 9, 9, 2, 2, 2, 2, 2, 1, 2]","[0.93647677, 0.9280491, 0.9124447, 0.8952675, 0.85292727, 0.83993375, 0.8364428, 0.8332141, 0.82973784, 0.8225591, 0.8064234, 0.79565585, 0.6946461, 0.557508, 0.43908644, 0.3620308, 0.30714834]","[[358.98, 341.64, 68.47, 197.07], [49.09, 327.35, 156.13, 149.68], [44.71, 273.53, 34.22, 33.81], [300.51, 337.21, 121.9, 150.08], [1, 324.51, 14.42, 50.26], [125.91, 241.87, 22.42, 22.69], [20.1, 341.9, 19.41, 56.84], [34.55, 337.07, 47.76, 47.21], [299.92, 171.65, 13.18, 35.1], [149.45, 166.99, 13.11, 48.5], [1, 297.82, 23.32, 39.36], [262.48, 327.88, 129.4, 126.53], [1, 313.12, 18.9, 40.7], [51.32, 325.34, 38.71, 20.42], [113.93, 236.31, 9.23, 6.89], [20.35, 367.67, 14.66, 31.58], [97.51, 237.46, 11.94, 8.85]]"
1722,/home/pi/sambashare/BacArbeit/cocoval2017/000000078032.jpg,3.1791168079998897,"['13: bench', '13: bench']","[13, 13]","[0.8963561, 0.87114257]","[[60.18, 320.3, 190.88, 62.58], [370.3, 252.6, 131.59, 86.39]]"
1723,/home/pi/sambashare/BacArbeit/cocoval2017/000000157847.jpg,3.176052564999736,"['14: bird', '14: bird', '6: train']","[14, 14, 6]","[0.8560617, 0.44928703, 0.34864366]","[[369.58, 93.51, 32.54, 21.12], [208.79, 196.46, 21.81, 15.96], [136.39, 286.28, 300.19, 34.92]]"
1724,/home/pi/sambashare/BacArbeit/cocoval2017/000000236730.jpg,3.1829654729999675,['22: zebra'],[22],[0.8303115],"[[1, 20.42, 387.85, 606.0]]"
1725,/home/pi/sambashare/BacArbeit/cocoval2017/000000159458.jpg,3.174381395999262,"['16: dog', '56: chair', '59: bed', '16: dog', '56: chair', '0: person']","[16, 56, 59, 16, 56, 0]","[0.79121053, 0.7556923, 0.6717255, 0.6688633, 0.5690502, 0.41742706]","[[216.28, 217.31, 97.18, 36.72], [531.28, 198.76, 108.72, 222.73], [115.59, 168.78, 407.75, 300.74], [599.84, 373.2, 39.74, 105.86], [452.28, 413.72, 184.85, 66.21], [271.12, 1, 65.56, 11.19]]"
1726,/home/pi/sambashare/BacArbeit/cocoval2017/000000433204.jpg,3.168020837999393,"['3: motorcycle', '0: person', '0: person', '0: person', '0: person', '2: car', '13: bench', '56: chair']","[3, 0, 0, 0, 0, 2, 13, 56]","[0.88162714, 0.8685179, 0.80321765, 0.71960205, 0.70600647, 0.6643604, 0.61109865, 0.45830372]","[[244.59, 254.74, 66.94, 65.04], [422.8, 235.43, 24.94, 63.09], [440.73, 237.43, 20.04, 56.42], [463.26, 238.02, 17.5, 52.06], [270.19, 245.07, 28.31, 62.72], [472.47, 237.33, 21.02, 22.99], [393.2, 250.11, 29.37, 10.84], [124.34, 276.42, 21.91, 18.75]]"
1727,/home/pi/sambashare/BacArbeit/cocoval2017/000000358427.jpg,3.184001561000514,['55: cake'],[55],[0.31041303],"[[111.46, 20.69, 525.2, 400.95]]"
1728,/home/pi/sambashare/BacArbeit/cocoval2017/000000209530.jpg,3.1901845920001506,"['0: person', '41: cup', '0: person', '43: knife', '43: knife', '0: person', '39: bottle', '0: person', '0: person', '0: person', '39: bottle', '41: cup', '67: cell phone', '62: tv', '0: person', '60: dining table', '0: person', '67: cell phone']","[0, 41, 0, 43, 43, 0, 39, 0, 0, 0, 39, 41, 67, 62, 0, 60, 0, 67]","[0.8369188, 0.7940424, 0.78403926, 0.7474707, 0.6771224, 0.62337947, 0.58380586, 0.5437028, 0.5414326, 0.49627352, 0.4845357, 0.45287544, 0.38480577, 0.38124174, 0.3469366, 0.3350652, 0.30285776, 0.27277118]","[[443.82, 85.61, 187.08, 330.96], [297.07, 302.47, 56.25, 57.73], [179.46, 153.35, 59.83, 100.06], [475.42, 376.23, 18.81, 51.65], [190.67, 376.05, 86.01, 51.22], [93.91, 129.75, 166.16, 231.2], [430.83, 216.17, 24.82, 71.41], [300.49, 164.17, 68.63, 80.7], [313.5, 132.86, 122.99, 134.55], [286.52, 160.69, 45.5, 61.34], [378.25, 299.22, 66.09, 128.78], [289.96, 361.37, 80.17, 66.26], [222.35, 289.83, 44.63, 23.11], [153.51, 42.93, 52.4, 39.25], [249.08, 160.82, 83.64, 75.62], [126.15, 247.72, 470.15, 178.26], [3.8, 1, 150.94, 426.61], [229.76, 306.04, 45.54, 15.99]]"
1729,/home/pi/sambashare/BacArbeit/cocoval2017/000000170116.jpg,3.1891994279994833,[],[],[],[]
1730,/home/pi/sambashare/BacArbeit/cocoval2017/000000257896.jpg,3.174873429999934,"['0: person', '27: tie']","[0, 27]","[0.89268523, 0.7815053]","[[140.61, 18.84, 336.67, 619.64], [213.45, 322.37, 44.27, 55.32]]"
1731,/home/pi/sambashare/BacArbeit/cocoval2017/000000223188.jpg,3.201979540999673,['0: person'],[0],[0.6684003],"[[30.34, 72.39, 361.63, 530.41]]"
1732,/home/pi/sambashare/BacArbeit/cocoval2017/000000575081.jpg,3.1936536490002254,"['0: person', '62: tv']","[0, 62]","[0.8690483, 0.7094815]","[[218.57, 4.24, 107.96, 405.24], [479.22, 21.66, 158.89, 231.69]]"
1733,/home/pi/sambashare/BacArbeit/cocoval2017/000000237517.jpg,3.181039308000436,"['45: bowl', '45: bowl', '44: spoon', '13: bench', '42: fork', '43: knife', '43: knife', '60: dining table', '56: chair', '45: bowl']","[45, 45, 44, 13, 42, 43, 43, 60, 56, 45]","[0.9453818, 0.93366075, 0.8914528, 0.87940615, 0.8497925, 0.7217941, 0.6412405, 0.57071847, 0.38120228, 0.3175957]","[[334.34, 391.37, 143.66, 125.55], [291.37, 305.26, 114.36, 79.45], [169.55, 261.89, 38.97, 82.09], [36.35, 178.87, 244.67, 131.45], [92.3, 585.8, 38.19, 54.11], [64.23, 481.7, 246.41, 61.73], [207.46, 479.77, 102.86, 35.69], [19.89, 295.61, 458.11, 336.57], [146.51, 120.2, 142.21, 196.58], [160.08, 307.87, 115.02, 61.72]]"
1734,/home/pi/sambashare/BacArbeit/cocoval2017/000000531771.jpg,3.1749418610006614,['69: oven'],[69],[0.68249446],"[[40.38, 16.34, 369.33, 590.31]]"
1735,/home/pi/sambashare/BacArbeit/cocoval2017/000000288862.jpg,3.1765461559998585,"['36: skateboard', '0: person', '36: skateboard', '0: person', '0: person', '0: person']","[36, 0, 36, 0, 0, 0]","[0.88575965, 0.82154274, 0.805722, 0.6968814, 0.49228916, 0.32832354]","[[112.4, 131.07, 141.29, 81.54], [378.87, 331.99, 47.94, 91.09], [375.5, 395.95, 51.13, 35.45], [136.82, 150.76, 166.67, 337.03], [302.99, 405.92, 21.54, 55.5], [318.7, 396.72, 21.8, 61.87]]"
1736,/home/pi/sambashare/BacArbeit/cocoval2017/000000555705.jpg,3.190273788000013,"['15: cat', '15: cat', '0: person']","[15, 15, 0]","[0.89520025, 0.8466614, 0.25841525]","[[2.89, 52.62, 326.11, 247.48], [308.51, 19.99, 330.22, 291.61], [579.51, 1, 59.9, 111.05]]"
1737,/home/pi/sambashare/BacArbeit/cocoval2017/000000446703.jpg,3.169861413000035,['77: teddy bear'],[77],[0.76525706],"[[87.6, 106.33, 320.51, 162.0]]"
1738,/home/pi/sambashare/BacArbeit/cocoval2017/000000440184.jpg,3.1880293960002746,"['0: person', '0: person', '0: person', '0: person', '38: tennis racket', '38: tennis racket', '32: sports ball', '38: tennis racket', '56: chair', '24: backpack', '38: tennis racket']","[0, 0, 0, 0, 38, 38, 32, 38, 56, 24, 38]","[0.9345231, 0.93267304, 0.89678115, 0.8920542, 0.8119178, 0.7769684, 0.6864673, 0.63678944, 0.5763387, 0.4106083, 0.3041804]","[[514.22, 152.31, 74.28, 131.23], [192.42, 145.51, 83.68, 201.47], [367.12, 157.89, 40.14, 70.14], [44.52, 148.3, 28.61, 95.65], [494.84, 211.08, 46.16, 27.4], [267.3, 220.15, 47.39, 18.99], [281.43, 167.34, 7.7, 7.3], [62.14, 212.81, 11.23, 23.36], [609.07, 171.02, 18.84, 30.29], [1, 228.5, 8.29, 16.55], [386.63, 189.81, 17.27, 13.75]]"
1739,/home/pi/sambashare/BacArbeit/cocoval2017/000000032610.jpg,3.187018438999985,"['63: laptop', '24: backpack', '63: laptop', '63: laptop', '62: tv', '62: tv', '62: tv', '62: tv', '24: backpack', '66: keyboard']","[63, 24, 63, 63, 62, 62, 62, 62, 24, 66]","[0.9453022, 0.8612872, 0.8475759, 0.83730876, 0.62638813, 0.54278004, 0.3655606, 0.31981894, 0.29617164, 0.28964186]","[[57.89, 79.55, 184.34, 178.26], [70.95, 211.84, 266.82, 215.16], [300.53, 115.28, 135.59, 140.92], [243.95, 90.7, 134.59, 129.64], [380.52, 72.89, 158.84, 147.26], [298.83, 20.26, 159.2, 83.32], [153.2, 14.56, 137.42, 99.55], [1, 1, 179.52, 61.91], [364.06, 235.35, 261.11, 191.22], [302.16, 200.91, 132.62, 38.46]]"
1740,/home/pi/sambashare/BacArbeit/cocoval2017/000000491757.jpg,3.1868519319996267,"['15: cat', '59: bed']","[15, 59]","[0.9009484, 0.4726152]","[[315.82, 155.34, 212.87, 210.46], [1, 11.32, 638.07, 462.4]]"
1741,/home/pi/sambashare/BacArbeit/cocoval2017/000000528980.jpg,3.183542292999846,"['2: car', '2: car', '11: stop sign', '2: car', '2: car', '1: bicycle', '2: car', '2: car', '1: bicycle', '2: car']","[2, 2, 11, 2, 2, 1, 2, 2, 1, 2]","[0.7994142, 0.7790255, 0.72484386, 0.45567918, 0.37839612, 0.37517565, 0.33697775, 0.3061253, 0.2989495, 0.25874868]","[[82.31, 605.4, 100.73, 34.37], [16.35, 616.44, 76.8, 23.37], [185.19, 525.41, 14.66, 42.21], [60.13, 581.0, 48.08, 20.44], [160.06, 575.81, 22.93, 15.52], [314.36, 604.4, 31.29, 24.62], [65.15, 595.27, 78.06, 31.39], [127.78, 575.12, 54.78, 18.66], [284.76, 597.59, 31.99, 30.14], [96.59, 591.71, 48.85, 23.36]]"
1742,/home/pi/sambashare/BacArbeit/cocoval2017/000000457559.jpg,3.1944829329995628,"['0: person', '0: person', '32: sports ball', '0: person', '0: person', '0: person']","[0, 0, 32, 0, 0, 0]","[0.93338525, 0.9314409, 0.9304907, 0.9213057, 0.8097787, 0.45515895]","[[362.85, 45.22, 145.96, 338.36], [95.4, 52.85, 256.56, 334.02], [218.87, 342.38, 44.25, 43.85], [540.66, 43.81, 98.74, 285.91], [345.29, 92.03, 57.62, 80.06], [405.08, 77.58, 31.37, 44.36]]"
1743,/home/pi/sambashare/BacArbeit/cocoval2017/000000050811.jpg,3.1899402400003964,"['0: person', '45: bowl', '39: bottle', '39: bottle', '27: tie', '67: cell phone', '60: dining table', '44: spoon', '73: book', '39: bottle']","[0, 45, 39, 39, 27, 67, 60, 44, 73, 39]","[0.9476417, 0.9277482, 0.9108332, 0.9078078, 0.8626868, 0.5011742, 0.39053094, 0.37030074, 0.30412358, 0.263035]","[[73.45, 67.51, 388.1, 410.32], [163.01, 448.76, 205.78, 86.39], [525.78, 319.85, 71.54, 271.84], [450.3, 312.97, 67.72, 262.17], [239.59, 262.72, 62.9, 153.27], [1, 463.43, 28.03, 34.45], [3.38, 452.76, 636.62, 150.9], [337.15, 503.99, 15.79, 14.24], [594.96, 514.46, 44.63, 69.47], [447.34, 323.05, 21.0, 190.74]]"
1744,/home/pi/sambashare/BacArbeit/cocoval2017/000000286503.jpg,3.1932600099999036,"['20: elephant', '0: person', '0: person', '25: umbrella', '0: person']","[20, 0, 0, 25, 0]","[0.9401075, 0.67061704, 0.5977544, 0.31560823, 0.27777228]","[[269.17, 180.72, 245.66, 197.2], [141.48, 288.81, 19.69, 23.69], [163.29, 286.13, 17.11, 25.5], [9.14, 260.42, 74.5, 19.71], [300.39, 289.38, 14.37, 18.75]]"
1745,/home/pi/sambashare/BacArbeit/cocoval2017/000000118367.jpg,3.1856389249996937,"['14: bird', '0: person']","[14, 0]","[0.7506621, 0.4013889]","[[155.62, 22.84, 290.9, 305.77], [1, 60.81, 330.03, 346.6]]"
1746,/home/pi/sambashare/BacArbeit/cocoval2017/000000492282.jpg,3.1869508760000826,"['17: horse', '0: person', '17: horse', '0: person', '0: person', '17: horse', '0: person', '0: person', '17: horse', '17: horse']","[17, 0, 17, 0, 0, 17, 0, 0, 17, 17]","[0.937522, 0.91529447, 0.8986091, 0.8790332, 0.8675287, 0.84262484, 0.7492401, 0.6273786, 0.40796238, 0.32260528]","[[47.2, 344.55, 237.66, 188.69], [167.75, 240.13, 64.97, 206.64], [313.11, 303.65, 157.19, 174.83], [1, 256.01, 43.46, 184.47], [381.76, 270.14, 47.41, 138.54], [425.29, 318.73, 54.4, 103.49], [366.28, 263.63, 33.27, 64.95], [465.84, 291.5, 14.05, 43.32], [1.67, 352.74, 127.59, 156.55], [1, 352.0, 66.26, 90.53]]"
1747,/home/pi/sambashare/BacArbeit/cocoval2017/000000246883.jpg,3.1856071129996053,"['0: person', '37: surfboard', '37: surfboard', '0: person', '37: surfboard', '0: person']","[0, 37, 37, 0, 37, 0]","[0.8963441, 0.88334364, 0.84826916, 0.8060699, 0.39568824, 0.28239414]","[[256.68, 225.71, 51.05, 125.15], [291.05, 262.72, 29.41, 47.96], [326.85, 262.37, 154.48, 41.69], [386.96, 229.65, 36.46, 125.57], [352.83, 246.19, 107.86, 80.81], [388.81, 257.42, 33.1, 53.02]]"
1748,/home/pi/sambashare/BacArbeit/cocoval2017/000000030494.jpg,3.19012521500008,['16: dog'],[16],[0.92656106],"[[105.34, 24.26, 185.74, 204.12]]"
1749,/home/pi/sambashare/BacArbeit/cocoval2017/000000373315.jpg,3.18577159600045,"['0: person', '36: skateboard']","[0, 36]","[0.94375986, 0.82068145]","[[86.18, 210.84, 129.92, 225.13], [166.91, 414.04, 47.43, 34.77]]"
1750,/home/pi/sambashare/BacArbeit/cocoval2017/000000066817.jpg,3.1786250989998734,"['45: bowl', '45: bowl', '42: fork', '44: spoon', '45: bowl', '55: cake']","[45, 45, 42, 44, 45, 55]","[0.9308154, 0.86358714, 0.7109682, 0.69544935, 0.61469436, 0.2765441]","[[3.51, 7.09, 228.04, 225.76], [404.6, 43.53, 163.93, 156.18], [10.72, 437.01, 203.14, 171.65], [220.87, 452.38, 87.17, 159.41], [84.47, 136.77, 470.12, 454.72], [174.0, 279.19, 278.62, 216.95]]"
1751,/home/pi/sambashare/BacArbeit/cocoval2017/000000279769.jpg,3.174620602999312,"['46: banana', '25: umbrella']","[46, 25]","[0.896552, 0.3310836]","[[125.88, 72.12, 308.83, 95.0], [6.29, 230.5, 604.47, 247.73]]"
1752,/home/pi/sambashare/BacArbeit/cocoval2017/000000225532.jpg,3.174163828000019,"['2: car', '2: car', '2: car', '2: car', '2: car']","[2, 2, 2, 2, 2]","[0.9040428, 0.78519136, 0.40230522, 0.28751257, 0.2600957]","[[367.24, 222.85, 131.18, 150.9], [223.91, 246.83, 39.36, 22.85], [390.59, 240.45, 38.61, 29.33], [274.23, 251.1, 20.87, 7.9], [312.38, 249.78, 15.06, 9.65]]"
1753,/home/pi/sambashare/BacArbeit/cocoval2017/000000475779.jpg,3.193611177999628,['20: elephant'],[20],[0.92983365],"[[1, 120.12, 475.52, 359.88]]"
1754,/home/pi/sambashare/BacArbeit/cocoval2017/000000330396.jpg,3.189674092000132,"['0: person', '29: frisbee', '0: person', '0: person', '0: person', '0: person']","[0, 29, 0, 0, 0, 0]","[0.925373, 0.90323824, 0.8515127, 0.6860756, 0.6400708, 0.50126857]","[[239.07, 62.76, 86.05, 305.39], [362.39, 209.64, 33.03, 38.78], [314.99, 79.21, 57.87, 275.93], [398.29, 160.85, 10.72, 23.59], [409.33, 161.88, 8.49, 13.67], [389.93, 160.52, 11.4, 22.19]]"
1755,/home/pi/sambashare/BacArbeit/cocoval2017/000000537241.jpg,3.1910668950004037,['54: donut'],[54],[0.81697524],"[[127.84, 9.23, 422.12, 392.75]]"
1756,/home/pi/sambashare/BacArbeit/cocoval2017/000000089648.jpg,3.1914724950001983,"['0: person', '0: person', '0: person', '0: person', '63: laptop', '0: person', '56: chair', '0: person', '0: person', '0: person', '0: person', '56: chair', '56: chair', '74: clock', '56: chair', '56: chair', '26: handbag', '56: chair', '0: person', '56: chair', '56: chair', '62: tv', '56: chair', '56: chair', '74: clock']","[0, 0, 0, 0, 63, 0, 56, 0, 0, 0, 0, 56, 56, 74, 56, 56, 26, 56, 0, 56, 56, 62, 56, 56, 74]","[0.9225095, 0.914249, 0.911626, 0.8882061, 0.8464408, 0.8372137, 0.8312601, 0.81679434, 0.77245796, 0.75239426, 0.7365575, 0.66941655, 0.65039295, 0.60641766, 0.5805869, 0.44482332, 0.44355437, 0.43696377, 0.3649968, 0.3477975, 0.32318848, 0.30438912, 0.2580984, 0.2543971, 0.25176996]","[[29.64, 197.82, 210.34, 163.38], [487.26, 299.46, 145.19, 127.29], [38.88, 117.36, 170.72, 175.13], [416.54, 98.7, 131.31, 159.02], [488.79, 130.39, 65.59, 63.99], [63.46, 1, 144.43, 103.29], [63.99, 64.27, 97.1, 86.71], [21.04, 361.58, 180.16, 65.42], [245.98, 4.56, 112.83, 101.06], [1, 1.16, 68.94, 86.48], [256.05, 47.76, 114.76, 133.42], [408.59, 148.36, 105.64, 139.33], [31.87, 318.22, 113.13, 108.03], [454.41, 235.27, 68.68, 56.2], [225.16, 51.46, 30.96, 59.0], [224.19, 1.4, 38.22, 55.46], [529.23, 156.55, 36.92, 55.14], [386.96, 1, 47.81, 22.77], [236.89, 112.59, 162.4, 144.66], [1, 35.96, 34.14, 43.79], [62.59, 39.22, 92.86, 65.51], [470.1, 300.63, 65.37, 52.99], [140.67, 185.89, 18.51, 15.56], [389.96, 17.82, 60.74, 52.05], [247.66, 298.33, 97.9, 115.41]]"
1757,/home/pi/sambashare/BacArbeit/cocoval2017/000000231125.jpg,3.193270439999651,"['0: person', '39: bottle', '45: bowl', '39: bottle', '39: bottle']","[0, 39, 45, 39, 39]","[0.84604895, 0.64987016, 0.5880867, 0.5224606, 0.38522]","[[79.78, 127.24, 162.9, 196.85], [236.92, 304.13, 13.86, 22.53], [221.13, 322.36, 153.19, 170.2], [220.89, 302.43, 13.46, 20.26], [229.13, 289.06, 8.04, 29.05]]"
1758,/home/pi/sambashare/BacArbeit/cocoval2017/000000023359.jpg,3.1771278569995047,"['0: person', '31: snowboard']","[0, 31]","[0.94011354, 0.8717464]","[[249.81, 95.0, 100.45, 163.57], [262.84, 173.96, 35.65, 120.62]]"
1759,/home/pi/sambashare/BacArbeit/cocoval2017/000000460929.jpg,3.1980285909994564,"['39: bottle', '52: hot dog']","[39, 52]","[0.9392707, 0.9326928]","[[289.28, 1, 133.79, 409.37], [179.5, 357.85, 145.98, 281.36]]"
1760,/home/pi/sambashare/BacArbeit/cocoval2017/000000059598.jpg,3.193770566999774,"['63: laptop', '46: banana', '67: cell phone', '0: person', '64: mouse', '56: chair', '0: person', '24: backpack', '56: chair', '60: dining table', '56: chair', '56: chair', '66: keyboard']","[63, 46, 67, 0, 64, 56, 0, 24, 56, 60, 56, 56, 66]","[0.9499226, 0.89170176, 0.88483125, 0.7685476, 0.75323266, 0.7178838, 0.6353341, 0.48749825, 0.41507855, 0.35175943, 0.301612, 0.2866989, 0.26441616]","[[167.37, 89.06, 279.41, 241.31], [218.19, 338.52, 171.44, 89.84], [64.92, 276.25, 96.52, 32.0], [585.69, 44.96, 54.1, 188.35], [503.44, 291.0, 71.31, 74.54], [556.14, 103.3, 65.5, 121.48], [540.04, 54.32, 42.08, 52.31], [490.77, 87.54, 41.58, 20.47], [483.57, 88.7, 48.51, 76.88], [446.24, 102.95, 141.32, 83.91], [391.36, 85.03, 24.92, 8.42], [418.38, 85.48, 40.09, 72.15], [222.34, 246.68, 205.94, 33.43]]"
1761,/home/pi/sambashare/BacArbeit/cocoval2017/000000176037.jpg,3.1943094230000497,"['5: bus', '0: person', '0: person', '0: person', '0: person', '26: handbag', '2: car', '0: person']","[5, 0, 0, 0, 0, 26, 2, 0]","[0.9459201, 0.8544294, 0.58020586, 0.39940563, 0.3850808, 0.3227202, 0.31242752, 0.2950798]","[[271.76, 127.87, 267.53, 197.11], [62.01, 211.8, 21.45, 45.67], [202.35, 215.9, 23.66, 37.64], [400.49, 194.76, 23.36, 25.17], [40.28, 216.86, 12.71, 23.49], [64.88, 217.41, 17.61, 20.73], [546.0, 223.81, 83.79, 22.86], [180.69, 211.5, 10.33, 25.87]]"
1762,/home/pi/sambashare/BacArbeit/cocoval2017/000000177015.jpg,3.183165665999695,"['63: laptop', '15: cat', '0: person', '56: chair']","[63, 15, 0, 56]","[0.8148523, 0.68189615, 0.5212982, 0.32613686]","[[7.73, 169.45, 287.78, 250.04], [310.46, 182.87, 298.62, 181.68], [171.64, 12.88, 465.66, 454.9], [177.21, 184.6, 178.03, 136.0]]"
1763,/home/pi/sambashare/BacArbeit/cocoval2017/000000231747.jpg,3.1869738759996835,"['34: baseball bat', '74: clock', '0: person', '0: person']","[34, 74, 0, 0]","[0.71359235, 0.67693824, 0.66602755, 0.56344676]","[[58.49, 321.58, 108.17, 60.06], [337.22, 176.05, 24.63, 23.86], [354.05, 2.4, 110.48, 141.25], [313.08, 2.95, 57.89, 120.98]]"
1764,/home/pi/sambashare/BacArbeit/cocoval2017/000000284762.jpg,3.1948346079998373,"['9: traffic light', '9: traffic light']","[9, 9]","[0.77151555, 0.5506455]","[[150.87, 45.68, 129.77, 332.53], [255.34, 378.52, 50.83, 47.3]]"
1765,/home/pi/sambashare/BacArbeit/cocoval2017/000000430048.jpg,3.186445934000403,"['74: clock', '79: toothbrush']","[74, 79]","[0.8424843, 0.4030405]","[[236.9, 131.96, 38.17, 47.57], [471.33, 345.49, 27.2, 29.38]]"
1766,/home/pi/sambashare/BacArbeit/cocoval2017/000000085682.jpg,3.1739022199999454,"['0: person', '0: person', '0: person', '0: person', '0: person', '0: person', '0: person', '0: person', '0: person', '0: person', '0: person', '0: person', '0: person', '30: skis', '0: person', '0: person', '0: person']","[0, 0, 0, 0, 0, 0, 0, 0, 0, 0, 0, 0, 0, 30, 0, 0, 0]","[0.87739754, 0.7862414, 0.7814205, 0.77557087, 0.77008206, 0.7650086, 0.74678934, 0.7300654, 0.72688246, 0.71817064, 0.6548244, 0.64131784, 0.55472285, 0.5246314, 0.3449029, 0.342208, 0.27579612]","[[425.62, 290.78, 37.73, 103.67], [207.44, 234.69, 9.04, 19.43], [158.42, 217.0, 8.61, 13.53], [330.26, 284.11, 33.83, 70.61], [145.51, 208.99, 8.93, 13.73], [510.29, 326.35, 55.67, 99.74], [364.56, 291.42, 23.68, 65.16], [398.72, 289.96, 26.08, 83.12], [472.35, 313.3, 38.41, 92.81], [383.05, 290.73, 13.54, 33.0], [272.69, 274.69, 12.24, 31.6], [382.97, 316.3, 22.9, 61.13], [125.97, 211.19, 4.99, 7.68], [267.25, 299.17, 20.06, 8.99], [467.43, 311.02, 19.26, 58.47], [63.31, 199.26, 5.06, 6.08], [616.07, 307.94, 23.66, 45.87]]"
1767,/home/pi/sambashare/BacArbeit/cocoval2017/000000334006.jpg,3.1898036499997033,"['7: truck', '2: car', '0: person', '7: truck']","[7, 2, 0, 7]","[0.95094615, 0.9317465, 0.6260624, 0.57359385]","[[218.93, 125.11, 298.47, 215.18], [1, 217.26, 178.91, 114.01], [546.52, 218.96, 24.32, 47.92], [510.63, 181.8, 78.98, 84.61]]"
1768,/home/pi/sambashare/BacArbeit/cocoval2017/000000520910.jpg,3.1805092889999287,"['0: person', '61: toilet', '71: sink', '41: cup', '71: sink', '27: tie']","[0, 61, 71, 41, 71, 27]","[0.9212563, 0.8451317, 0.56188995, 0.41532236, 0.35442513, 0.34945682]","[[157.68, 161.69, 82.75, 306.71], [117.74, 426.06, 30.13, 94.23], [114.6, 317.13, 59.34, 46.4], [120.97, 192.83, 15.81, 30.85], [1, 501.01, 17.41, 33.17], [191.08, 213.26, 15.87, 14.55]]"
1769,/home/pi/sambashare/BacArbeit/cocoval2017/000000299720.jpg,3.1903747480000675,['23: giraffe'],[23],[0.43828598],"[[317.36, 1, 199.59, 426]]"
1770,/home/pi/sambashare/BacArbeit/cocoval2017/000000326541.jpg,3.2015772959994138,"['67: cell phone', '67: cell phone', '0: person', '0: person', '0: person']","[67, 67, 0, 0, 0]","[0.82851326, 0.82437617, 0.49216723, 0.3929794, 0.34706578]","[[249.86, 97.17, 43.28, 82.5], [172.02, 84.66, 54.19, 133.36], [243.93, 32.99, 391.54, 325.2], [297.53, 140.05, 33.22, 42.27], [1, 1.18, 274.69, 358.82]]"
1771,/home/pi/sambashare/BacArbeit/cocoval2017/000000094944.jpg,3.177593205999983,"['31: snowboard', '0: person', '0: person', '0: person', '30: skis', '31: snowboard', '24: backpack']","[31, 0, 0, 0, 30, 31, 24]","[0.9379437, 0.8954242, 0.8692575, 0.8084716, 0.6505993, 0.56111884, 0.26181445]","[[338.05, 332.0, 182.22, 53.69], [359.92, 223.0, 109.64, 175.96], [558.3, 230.32, 64.65, 63.1], [174.54, 189.5, 32.4, 76.98], [109.68, 261.58, 119.4, 19.86], [540.16, 285.94, 98.94, 11.08], [606.58, 231.95, 18.98, 31.22]]"
1772,/home/pi/sambashare/BacArbeit/cocoval2017/000000040083.jpg,3.17981166699974,"['2: car', '0: person', '2: car', '0: person', '1: bicycle', '56: chair', '25: umbrella', '0: person', '1: bicycle', '56: chair']","[2, 0, 2, 0, 1, 56, 25, 0, 1, 56]","[0.93841606, 0.89106715, 0.8454, 0.8424911, 0.7780664, 0.7201322, 0.6726595, 0.5265635, 0.34399506, 0.30937064]","[[134.72, 138.5, 118.52, 71.09], [260.93, 140.86, 133.99, 156.95], [225.92, 129.92, 49.98, 59.72], [37.89, 113.3, 174.6, 169.7], [289.79, 162.91, 47.4, 52.61], [27.2, 205.36, 96.05, 127.23], [50.9, 1, 400.8, 107.04], [272.81, 127.96, 14.42, 64.91], [117.87, 157.19, 21.86, 26.91], [382.55, 245.93, 45.69, 55.8]]"
1773,/home/pi/sambashare/BacArbeit/cocoval2017/000000061658.jpg,3.186302109999815,"['50: broccoli', '50: broccoli', '50: broccoli', '50: broccoli', '50: broccoli', '50: broccoli', '50: broccoli', '50: broccoli']","[50, 50, 50, 50, 50, 50, 50, 50]","[0.77407265, 0.6425154, 0.57730323, 0.48999077, 0.39462024, 0.29839852, 0.29510236, 0.27930096]","[[92.11, 396.57, 164.83, 83.24], [446.79, 12.49, 175.6, 209.89], [198.46, 338.69, 185.25, 141.31], [248.39, 159.57, 128.8, 131.4], [6.27, 207.08, 198.58, 186.83], [1, 452.29, 35.53, 27.22], [176.9, 154.83, 103.24, 160.58], [1, 301.97, 122.79, 153.99]]"
1774,/home/pi/sambashare/BacArbeit/cocoval2017/000000461009.jpg,3.176468093999574,"['0: person', '47: apple', '0: person', '0: person', '0: person', '0: person', '0: person', '0: person', '56: chair', '0: person']","[0, 47, 0, 0, 0, 0, 0, 0, 56, 0]","[0.7498117, 0.7185568, 0.7153151, 0.7118804, 0.70756245, 0.60909563, 0.49291143, 0.3148869, 0.27111667, 0.2641968]","[[531.43, 82.22, 80.07, 252.39], [230.71, 261.46, 116.59, 103.26], [479.29, 105.63, 63.7, 205.41], [12.92, 150.8, 111.15, 168.85], [128.03, 147.97, 85.19, 98.64], [344.9, 139.82, 91.98, 142.59], [8.03, 34.98, 584.58, 559.44], [196.03, 224.99, 183.82, 177.26], [426.9, 233.39, 60.44, 74.78], [1, 229.73, 16.99, 78.61]]"
1775,/home/pi/sambashare/BacArbeit/cocoval2017/000000148783.jpg,3.179612948000795,"['22: zebra', '22: zebra']","[22, 22]","[0.94142336, 0.6180365]","[[85.44, 188.0, 346.45, 380.68], [297.49, 120.94, 141.29, 343.76]]"
1776,/home/pi/sambashare/BacArbeit/cocoval2017/000000001675.jpg,3.1750530449999133,"['15: cat', '63: laptop']","[15, 63]","[0.5275065, 0.3715324]","[[4.11, 7.0, 630.06, 305.35], [7.19, 305.74, 612.31, 173.38]]"
1777,/home/pi/sambashare/BacArbeit/cocoval2017/000000536073.jpg,3.183231590000105,"['43: knife', '41: cup', '39: bottle']","[43, 41, 39]","[0.9434726, 0.9300059, 0.8490747]","[[63.03, 500.71, 179.0, 118.31], [318.73, 385.04, 132.82, 173.56], [75.1, 238.08, 126.48, 223.74]]"
1778,/home/pi/sambashare/BacArbeit/cocoval2017/000000088462.jpg,3.187518331999854,"['5: bus', '2: car', '2: car', '2: car', '2: car', '2: car', '2: car', '2: car', '2: car', '2: car', '11: stop sign']","[5, 2, 2, 2, 2, 2, 2, 2, 2, 2, 11]","[0.95236313, 0.92195094, 0.8972822, 0.8639965, 0.8305677, 0.79086024, 0.7748597, 0.68075365, 0.6426969, 0.6080491, 0.5226721]","[[301.57, 54.95, 336.45, 217.45], [172.73, 183.57, 61.26, 35.74], [23.62, 188.88, 60.13, 41.53], [143.93, 184.46, 41.51, 28.0], [112.33, 186.64, 24.16, 18.71], [129.91, 184.91, 29.99, 23.72], [94.06, 182.51, 26.38, 20.65], [81.55, 182.74, 18.89, 14.92], [44.27, 177.65, 17.24, 11.31], [40.87, 159.27, 14.12, 10.64], [336.27, 165.13, 13.13, 21.8]]"
1779,/home/pi/sambashare/BacArbeit/cocoval2017/000000499181.jpg,3.196485641000436,"['2: car', '2: car', '2: car', '7: truck', '9: traffic light', '9: traffic light', '9: traffic light', '2: car', '7: truck']","[2, 2, 2, 7, 9, 9, 9, 2, 7]","[0.94243646, 0.9191, 0.91888434, 0.8892169, 0.8254318, 0.67863905, 0.64630204, 0.46388176, 0.36873823]","[[20.25, 392.6, 172.08, 83.84], [1, 272.4, 71.67, 43.6], [491.9, 237.22, 92.68, 41.77], [571.45, 280.11, 68.23, 75.43], [109.91, 152.54, 25.31, 88.61], [271.88, 282.85, 19.05, 47.09], [238.29, 282.45, 30.23, 33.12], [541.85, 191.07, 95.18, 43.85], [621.33, 200.08, 18.49, 50.09]]"
1780,/home/pi/sambashare/BacArbeit/cocoval2017/000000241297.jpg,3.199249000999771,['6: train'],[6],[0.69326246],"[[132.11, 135.48, 308.9, 244.03]]"
1781,/home/pi/sambashare/BacArbeit/cocoval2017/000000514376.jpg,3.184212299000137,"['5: bus', '2: car', '9: traffic light', '2: car', '13: bench', '2: car', '9: traffic light', '9: traffic light']","[5, 2, 9, 2, 13, 2, 9, 9]","[0.92277694, 0.88002414, 0.7606296, 0.5990217, 0.53099215, 0.30293915, 0.28452057, 0.2700324]","[[289.13, 185.55, 216.08, 156.77], [574.1, 266.1, 33.01, 24.53], [474.61, 150.95, 11.55, 24.33], [572.74, 260.31, 18.35, 14.59], [22.12, 289.92, 60.22, 12.13], [1, 282.64, 4.32, 11.3], [165.65, 229.03, 13.25, 12.03], [185.57, 141.56, 14.17, 32.87]]"
1782,/home/pi/sambashare/BacArbeit/cocoval2017/000000064898.jpg,3.191495601000497,"['37: surfboard', '0: person', '0: person', '37: surfboard']","[37, 0, 0, 37]","[0.8655036, 0.8487103, 0.821064, 0.68809694]","[[298.21, 231.17, 81.89, 29.78], [340.9, 203.79, 57.65, 52.15], [419.38, 236.57, 108.57, 64.39], [474.63, 280.6, 86.59, 23.55]]"
1783,/home/pi/sambashare/BacArbeit/cocoval2017/000000456496.jpg,3.1798149350006497,"['0: person', '14: bird', '14: bird', '14: bird', '14: bird', '26: handbag']","[0, 14, 14, 14, 14, 26]","[0.92406505, 0.9043771, 0.89505047, 0.89315975, 0.5599088, 0.4439084]","[[149.32, 66.54, 141.27, 238.69], [402.6, 331.23, 35.64, 66.88], [17.99, 293.74, 72.79, 43.41], [117.02, 288.55, 64.41, 54.99], [276.38, 324.98, 20.16, 19.86], [262.35, 177.48, 42.46, 54.73]]"
1784,/home/pi/sambashare/BacArbeit/cocoval2017/000000243495.jpg,3.1745798980000473,"['61: toilet', '61: toilet', '61: toilet']","[61, 61, 61]","[0.9316932, 0.48305073, 0.25420696]","[[194.44, 164.06, 156.94, 310.99], [1, 256.14, 102.58, 242.92], [1, 85.19, 84.8, 165.81]]"
1785,/home/pi/sambashare/BacArbeit/cocoval2017/000000051610.jpg,3.189791601000252,"['63: laptop', '0: person', '59: bed']","[63, 0, 59]","[0.9492095, 0.9247473, 0.4383031]","[[45.01, 217.86, 249.11, 181.65], [346.43, 101.27, 245.04, 308.63], [2.92, 207.52, 633.93, 218.09]]"
1786,/home/pi/sambashare/BacArbeit/cocoval2017/000000001296.jpg,3.1889623209999627,"['67: cell phone', '0: person', '0: person', '0: person', '0: person']","[67, 0, 0, 0, 0]","[0.7942781, 0.58761466, 0.5616579, 0.51253146, 0.2954634]","[[297.61, 142.87, 74.64, 140.32], [1, 10.57, 426, 627.25], [379.06, 90.45, 47.59, 233.15], [263.62, 20.69, 141.34, 177.31], [357.26, 1, 69.61, 141.17]]"
1787,/home/pi/sambashare/BacArbeit/cocoval2017/000000166259.jpg,3.1821268129997407,"['14: bird', '14: bird', '14: bird', '14: bird']","[14, 14, 14, 14]","[0.9164032, 0.8916581, 0.88681155, 0.7300853]","[[299.55, 149.47, 106.98, 187.99], [233.75, 178.29, 76.2, 136.08], [156.25, 165.19, 77.61, 136.79], [295.14, 180.33, 42.63, 69.62]]"
1788,/home/pi/sambashare/BacArbeit/cocoval2017/000000349152.jpg,3.1897893489995113,"['54: donut', '54: donut', '54: donut', '54: donut', '54: donut', '54: donut', '41: cup', '54: donut', '44: spoon', '54: donut']","[54, 54, 54, 54, 54, 54, 41, 54, 44, 54]","[0.8757019, 0.86328226, 0.80959576, 0.7148907, 0.6166699, 0.58436596, 0.5541769, 0.4111629, 0.27759424, 0.2644218]","[[42.59, 529.39, 136.0, 110.29], [305.69, 183.21, 37.94, 90.53], [274.37, 187.82, 45.98, 85.3], [1, 521.85, 45.98, 115.89], [242.07, 191.63, 43.37, 78.07], [78.43, 424.05, 114.54, 112.32], [140.91, 1, 43.98, 10.81], [205.19, 193.66, 48.73, 78.86], [273.73, 1.64, 94.43, 38.96], [227.57, 157.41, 31.71, 41.44]]"
1789,/home/pi/sambashare/BacArbeit/cocoval2017/000000416170.jpg,3.1728761650001616,"['15: cat', '15: cat', '58: potted plant', '15: cat']","[15, 15, 58, 15]","[0.90906614, 0.63902694, 0.27530912, 0.26101834]","[[64.88, 456.62, 81.93, 101.72], [177.33, 593.7, 120.14, 46.13], [250.19, 430.46, 48.96, 125.46], [1, 262.85, 15.52, 298.61]]"
1790,/home/pi/sambashare/BacArbeit/cocoval2017/000000404568.jpg,3.19193215300038,['14: bird'],[14],[0.9354211],"[[86.69, 170.67, 320.86, 283.9]]"
1791,/home/pi/sambashare/BacArbeit/cocoval2017/000000080273.jpg,3.183812909000153,"['0: person', '31: snowboard']","[0, 31]","[0.9294722, 0.8623665]","[[177.38, 44.81, 203.95, 367.46], [109.68, 379.29, 379.05, 48.2]]"
1792,/home/pi/sambashare/BacArbeit/cocoval2017/000000393093.jpg,3.1857608979998986,"['2: car', '0: person', '2: car', '5: bus', '2: car', '2: car', '7: truck', '6: train', '2: car', '8: boat']","[2, 0, 2, 5, 2, 2, 7, 6, 2, 8]","[0.9301124, 0.9098205, 0.88240856, 0.8757925, 0.87235886, 0.7665039, 0.71011364, 0.6413232, 0.6108159, 0.448444]","[[280.15, 356.16, 79.25, 44.99], [562.95, 361.47, 56.64, 62.52], [365.97, 322.61, 54.24, 33.23], [439.1, 291.54, 30.62, 23.78], [402.22, 305.39, 37.19, 25.92], [464.88, 304.34, 31.93, 28.24], [465.15, 284.36, 22.71, 18.17], [1.88, 143.32, 632.99, 76.41], [473.91, 280.13, 24.47, 13.41], [80.38, 406.72, 5.59, 17.09]]"
1793,/home/pi/sambashare/BacArbeit/cocoval2017/000000430377.jpg,3.167002042999229,"['0: person', '0: person', '30: skis']","[0, 0, 30]","[0.95065165, 0.82597643, 0.5962623]","[[83.48, 52.98, 175.08, 526.09], [24.48, 231.34, 13.83, 29.79], [9.76, 523.13, 384.23, 96.29]]"
1794,/home/pi/sambashare/BacArbeit/cocoval2017/000000300155.jpg,3.1892309569993813,['14: bird'],[14],[0.90669006],"[[276.25, 154.52, 178.43, 197.35]]"
1795,/home/pi/sambashare/BacArbeit/cocoval2017/000000351530.jpg,3.1911402059995453,"['0: person', '13: bench', '13: bench', '1: bicycle', '0: person', '56: chair']","[0, 13, 13, 1, 0, 56]","[0.8728837, 0.569135, 0.5384231, 0.4839209, 0.41205963, 0.29399824]","[[135.06, 114.25, 114.01, 165.12], [381.74, 132.2, 241.91, 217.94], [549.85, 201.05, 89.52, 174.57], [1, 123.56, 130.69, 125.45], [239.69, 110.94, 62.86, 99.31], [345.15, 129.03, 193.49, 172.8]]"
1796,/home/pi/sambashare/BacArbeit/cocoval2017/000000143931.jpg,3.1801129770001353,['7: truck'],[7],[0.51758265],"[[1, 12.52, 639, 465.56]]"
1797,/home/pi/sambashare/BacArbeit/cocoval2017/000000463647.jpg,3.1931746250002107,"['7: truck', '7: truck', '2: car', '7: truck']","[7, 7, 2, 7]","[0.918455, 0.7880575, 0.44135815, 0.3294263]","[[453.52, 63.65, 185.62, 153.81], [291.69, 55.79, 170.64, 93.29], [54.43, 28.4, 78.28, 23.66], [519.38, 46.78, 70.74, 23.83]]"
1798,/home/pi/sambashare/BacArbeit/cocoval2017/000000527029.jpg,3.175137575000008,"['0: person', '13: bench', '62: tv']","[0, 13, 62]","[0.89575464, 0.42424086, 0.3040748]","[[21.41, 210.76, 346.07, 428.1], [1.14, 589.76, 151.79, 49.91], [1, 50.1, 227.57, 285.95]]"
1799,/home/pi/sambashare/BacArbeit/cocoval2017/000000133244.jpg,3.1756008680004015,"['0: person', '56: chair', '56: chair', '38: tennis racket', '24: backpack', '0: person', '0: person', '0: person', '0: person', '0: person', '0: person', '0: person', '0: person', '0: person', '0: person', '0: person', '0: person', '0: person', '0: person', '0: person', '0: person', '0: person']","[0, 56, 56, 38, 24, 0, 0, 0, 0, 0, 0, 0, 0, 0, 0, 0, 0, 0, 0, 0, 0, 0]","[0.9308308, 0.8703353, 0.86765796, 0.82916385, 0.7961969, 0.693027, 0.6440358, 0.641774, 0.6413989, 0.63846344, 0.6066226, 0.59092015, 0.5030397, 0.3898649, 0.36134785, 0.3582155, 0.35091054, 0.33165446, 0.32593298, 0.2759286, 0.2680707, 0.2578632]","[[198.8, 106.87, 121.51, 204.06], [218.22, 55.53, 61.27, 78.15], [366.26, 96.15, 119.73, 91.66], [237.43, 213.69, 26.84, 58.55], [318.72, 148.91, 55.75, 37.15], [549.08, 130.33, 54.79, 73.04], [416.69, 39.03, 40.37, 44.33], [458.44, 37.02, 42.15, 46.19], [103.43, 35.75, 49.63, 47.09], [1.61, 37.81, 45.68, 44.46], [373.14, 40.05, 44.33, 43.58], [494.79, 40.11, 52.12, 43.17], [402.5, 6.06, 42.58, 56.46], [72.11, 39.0, 44.13, 44.46], [513.51, 16.81, 47.02, 57.98], [1, 12.37, 31.49, 53.73], [258.09, 39.26, 40.13, 44.36], [477.09, 16.25, 36.8, 44.7], [183.09, 1, 48.79, 65.29], [42.46, 39.63, 32.31, 42.73], [611.92, 27.74, 27.81, 98.03], [137.32, 15.99, 42.61, 65.25]]"
1800,/home/pi/sambashare/BacArbeit/cocoval2017/000000039785.jpg,3.179352735000066,"['0: person', '37: surfboard', '13: bench', '0: person']","[0, 37, 13, 0]","[0.9395008, 0.8522208, 0.75870514, 0.27729204]","[[202.6, 173.99, 69.97, 86.44], [395.15, 124.67, 36.81, 18.52], [165.1, 143.1, 57.29, 12.26], [408.3, 137.94, 9.39, 15.93]]"
1801,/home/pi/sambashare/BacArbeit/cocoval2017/000000559160.jpg,3.2032666929999323,"['0: person', '36: skateboard', '0: person', '0: person', '0: person', '0: person', '36: skateboard']","[0, 36, 0, 0, 0, 0, 36]","[0.95588106, 0.946556, 0.87394476, 0.8202783, 0.69130033, 0.6629886, 0.27860075]","[[184.31, 181.28, 176.97, 408.05], [286.03, 392.01, 87.69, 182.59], [90.14, 211.77, 63.51, 103.42], [25.5, 228.32, 49.33, 61.16], [209.59, 188.95, 76.03, 86.35], [206.49, 264.11, 30.2, 78.34], [88.71, 283.69, 33.45, 22.82]]"
1802,/home/pi/sambashare/BacArbeit/cocoval2017/000000245915.jpg,3.182496080999954,"['20: elephant', '20: elephant', '20: elephant', '20: elephant', '20: elephant', '20: elephant', '20: elephant', '20: elephant', '20: elephant', '20: elephant', '20: elephant', '20: elephant', '20: elephant', '20: elephant']","[20, 20, 20, 20, 20, 20, 20, 20, 20, 20, 20, 20, 20, 20]","[0.8895758, 0.8205355, 0.8113192, 0.77909535, 0.77661955, 0.7669124, 0.7601334, 0.7325908, 0.73065805, 0.69860697, 0.4911371, 0.4888978, 0.46229717, 0.34680557]","[[269.94, 188.39, 94.26, 78.14], [36.86, 101.52, 47.64, 50.24], [446.11, 205.78, 53.66, 72.3], [222.02, 150.45, 101.16, 48.14], [68.53, 119.66, 100.65, 60.01], [298.59, 116.62, 65.78, 56.26], [376.46, 190.04, 96.38, 58.34], [401.31, 166.76, 92.22, 43.27], [390.49, 121.24, 93.74, 46.72], [141.28, 129.69, 80.28, 55.82], [480.38, 119.92, 19.42, 48.9], [243.84, 126.49, 66.15, 30.56], [176.82, 143.81, 88.19, 47.1], [437.11, 101.21, 53.47, 43.53]]"
1803,/home/pi/sambashare/BacArbeit/cocoval2017/000000132931.jpg,3.198112406999826,"['0: person', '35: baseball glove', '0: person']","[0, 35, 0]","[0.9285706, 0.89069647, 0.855371]","[[169.63, 100.72, 81.24, 231.34], [175.69, 181.25, 28.84, 31.37], [315.39, 65.02, 131.41, 293.37]]"
1804,/home/pi/sambashare/BacArbeit/cocoval2017/000000550797.jpg,3.1821900069999174,"['45: bowl', '61: toilet']","[45, 61]","[0.8069217, 0.8003102]","[[1, 429.86, 96.39, 139.53], [50.71, 215.07, 258.94, 394.82]]"
1805,/home/pi/sambashare/BacArbeit/cocoval2017/000000509719.jpg,3.181574449999971,['14: bird'],[14],[0.9419555],"[[250.35, 144.19, 181.41, 214.68]]"
1806,/home/pi/sambashare/BacArbeit/cocoval2017/000000552842.jpg,3.1817005299999437,"['0: person', '35: baseball glove', '32: sports ball', '32: sports ball']","[0, 35, 32, 32]","[0.94045436, 0.80384564, 0.7792632, 0.6781184]","[[343.99, 210.38, 117.86, 102.42], [364.34, 250.42, 23.17, 15.5], [137.3, 178.78, 37.18, 13.32], [571.94, 285.92, 10.58, 6.96]]"
1807,/home/pi/sambashare/BacArbeit/cocoval2017/000000301135.jpg,3.198400299000241,"['0: person', '0: person', '2: car', '0: person', '0: person', '2: car', '0: person', '0: person', '0: person', '0: person', '24: backpack', '2: car', '24: backpack', '0: person', '13: bench', '3: motorcycle', '13: bench', '2: car', '0: person', '0: person']","[0, 0, 2, 0, 0, 2, 0, 0, 0, 0, 24, 2, 24, 0, 13, 3, 13, 2, 0, 0]","[0.9327236, 0.91408795, 0.9107093, 0.89257044, 0.8104931, 0.78538424, 0.77827835, 0.7765896, 0.7483265, 0.7135942, 0.68788517, 0.683772, 0.6542689, 0.64251846, 0.609651, 0.49810374, 0.3623806, 0.3616476, 0.36000475, 0.27788886]","[[234.6, 397.36, 103.36, 150.27], [205.54, 398.06, 71.92, 143.53], [298.49, 345.46, 109.86, 51.84], [18.87, 322.75, 34.28, 164.49], [248.15, 338.75, 13.69, 41.01], [90.69, 347.96, 40.57, 25.36], [302.32, 450.24, 111.43, 71.28], [280.16, 339.22, 14.19, 40.33], [106.63, 384.98, 77.54, 114.24], [74.1, 386.78, 79.27, 106.55], [1, 348.25, 28.93, 57.66], [128.88, 346.25, 53.62, 31.23], [59.59, 431.96, 27.61, 40.25], [308.88, 339.29, 15.86, 23.4], [271.61, 455.89, 153.81, 111.98], [48.0, 365.04, 73.5, 47.46], [133.45, 413.92, 51.25, 76.0], [123.69, 349.73, 19.57, 25.61], [202.27, 339.74, 8.64, 29.64], [57.25, 340.52, 8.42, 18.82]]"
1808,/home/pi/sambashare/BacArbeit/cocoval2017/000000061418.jpg,3.1694697960001577,"['56: chair', '0: person', '0: person', '0: person', '0: person', '0: person', '8: boat', '56: chair', '0: person', '8: boat', '0: person', '56: chair', '56: chair', '8: boat', '56: chair', '8: boat']","[56, 0, 0, 0, 0, 0, 8, 56, 0, 8, 0, 56, 56, 8, 56, 8]","[0.9360261, 0.9198895, 0.90656257, 0.89857435, 0.87557703, 0.849096, 0.840145, 0.8043651, 0.7939008, 0.7210877, 0.6835684, 0.6080155, 0.41833752, 0.41599932, 0.3005671, 0.26983052]","[[5.52, 245.76, 113.96, 158.15], [259.25, 253.37, 118.69, 169.8], [491.87, 241.48, 115.45, 164.57], [496.31, 172.56, 78.54, 89.43], [182.68, 190.79, 76.65, 127.9], [237.07, 119.21, 40.67, 96.29], [290.19, 112.19, 157.03, 48.04], [106.9, 224.54, 94.53, 125.23], [67.89, 108.09, 29.01, 102.62], [489.35, 20.03, 131.94, 96.98], [49.19, 112.64, 34.94, 98.96], [157.45, 208.74, 71.13, 105.89], [564.55, 225.08, 74.89, 184.65], [167.12, 154.39, 69.5, 19.44], [577.28, 225.23, 62.7, 99.97], [620.63, 87.3, 18.87, 19.33]]"
1809,/home/pi/sambashare/BacArbeit/cocoval2017/000000140583.jpg,3.1766359550001653,"['18: sheep', '0: person', '18: sheep', '18: sheep', '18: sheep', '18: sheep', '18: sheep', '18: sheep', '18: sheep', '18: sheep', '0: person', '18: sheep', '18: sheep', '18: sheep', '18: sheep', '7: truck', '18: sheep', '18: sheep', '18: sheep', '18: sheep']","[18, 0, 18, 18, 18, 18, 18, 18, 18, 18, 0, 18, 18, 18, 18, 7, 18, 18, 18, 18]","[0.7880471, 0.7856135, 0.78323394, 0.75378305, 0.75063497, 0.7041932, 0.70061046, 0.6671627, 0.56621075, 0.55844307, 0.5518079, 0.5394247, 0.5011836, 0.45421964, 0.36282355, 0.3323781, 0.31289893, 0.30953416, 0.2831147, 0.25071254]","[[518.16, 295.43, 30.01, 50.84], [317.98, 255.4, 18.91, 37.91], [410.36, 291.71, 24.91, 46.91], [384.23, 289.55, 27.38, 54.0], [320.32, 291.39, 22.7, 33.65], [474.18, 290.5, 19.83, 47.01], [349.4, 291.76, 22.95, 47.29], [493.04, 289.61, 27.07, 47.15], [337.69, 289.17, 15.42, 35.36], [454.38, 290.07, 25.82, 47.29], [287.79, 262.6, 15.85, 20.82], [369.35, 292.38, 21.22, 46.4], [423.37, 280.68, 26.12, 54.27], [303.21, 281.8, 18.07, 22.82], [262.23, 281.68, 19.06, 13.31], [161.31, 258.4, 40.31, 27.64], [290.09, 282.6, 15.44, 16.98], [270.07, 272.97, 11.99, 10.65], [481.78, 273.53, 25.37, 27.09], [268.97, 275.04, 14.02, 19.87]]"
1810,/home/pi/sambashare/BacArbeit/cocoval2017/000000432468.jpg,3.179111049000312,"['15: cat', '28: suitcase']","[15, 28]","[0.7032565, 0.3748736]","[[1, 27.56, 368.71, 198.72], [1, 202.8, 426, 437.2]]"
1811,/home/pi/sambashare/BacArbeit/cocoval2017/000000038210.jpg,3.187624481999592,"['0: person', '0: person', '30: skis']","[0, 0, 30]","[0.95133024, 0.9124768, 0.73847336]","[[67.89, 265.07, 143.36, 281.11], [25.19, 330.36, 18.45, 45.12], [69.66, 534.5, 248.76, 32.7]]"
1812,/home/pi/sambashare/BacArbeit/cocoval2017/000000213816.jpg,3.1920103210004527,['6: train'],[6],[0.48228824],"[[3.09, 8.42, 628.65, 446.54]]"
1813,/home/pi/sambashare/BacArbeit/cocoval2017/000000527220.jpg,3.174122661000183,"['79: toothbrush', '5: bus', '0: person']","[79, 5, 0]","[0.45444265, 0.4225286, 0.27171633]","[[337.26, 1.57, 158.97, 165.67], [5.07, 1.02, 160.55, 164.73], [32.41, 12.49, 28.66, 19.77]]"
1814,/home/pi/sambashare/BacArbeit/cocoval2017/000000093154.jpg,3.2017255930004467,"['2: car', '2: car', '2: car', '2: car', '2: car', '2: car', '2: car', '2: car', '2: car', '2: car', '2: car', '2: car', '9: traffic light', '2: car', '2: car', '2: car']","[2, 2, 2, 2, 2, 2, 2, 2, 2, 2, 2, 2, 9, 2, 2, 2]","[0.92603576, 0.9174662, 0.89577436, 0.883015, 0.81697434, 0.80796564, 0.80279255, 0.7977781, 0.7413994, 0.5077889, 0.48390144, 0.35764462, 0.32336995, 0.31458178, 0.2852333, 0.252684]","[[315.7, 273.83, 33.93, 28.88], [142.55, 272.84, 67.92, 36.72], [1, 283.69, 36.86, 37.42], [303.56, 252.09, 16.74, 17.2], [31.81, 289.56, 30.47, 27.12], [88.19, 272.46, 24.0, 19.95], [277.23, 252.95, 13.17, 12.83], [332.19, 251.55, 19.14, 18.82], [380.27, 253.53, 18.49, 17.27], [1, 298.77, 10.48, 22.91], [370.56, 254.27, 12.57, 12.95], [152.37, 268.52, 26.21, 16.85], [298.76, 227.73, 2.77, 4.97], [1, 279.57, 9.7, 6.57], [106.21, 270.14, 8.55, 19.15], [287.3, 247.91, 5.16, 5.28]]"
1815,/home/pi/sambashare/BacArbeit/cocoval2017/000000231097.jpg,3.182656769999994,"['42: fork', '42: fork', '41: cup', '50: broccoli', '45: bowl', '50: broccoli', '50: broccoli', '50: broccoli']","[42, 42, 41, 50, 45, 50, 50, 50]","[0.9103409, 0.7408557, 0.72428674, 0.6795362, 0.6668843, 0.6178393, 0.40110335, 0.32149035]","[[505.47, 4.06, 113.42, 68.85], [248.78, 68.23, 316.77, 142.38], [2.67, 1, 121.62, 58.96], [327.23, 215.33, 170.73, 95.85], [1, 57.66, 47.92, 157.29], [256.41, 154.61, 98.9, 159.93], [128.67, 189.39, 149.49, 134.49], [104.7, 81.62, 401.38, 307.25]]"
1816,/home/pi/sambashare/BacArbeit/cocoval2017/000000365766.jpg,3.182920162999835,"['68: microwave', '69: oven', '71: sink']","[68, 69, 71]","[0.91237587, 0.8750044, 0.7780306]","[[78.18, 152.44, 119.26, 75.5], [65.94, 240.14, 176.28, 205.36], [331.67, 264.85, 108.1, 22.33]]"
1817,/home/pi/sambashare/BacArbeit/cocoval2017/000000493334.jpg,3.172168194999358,"['67: cell phone', '55: cake']","[67, 55]","[0.7102625, 0.50473]","[[209.58, 10.03, 41.1, 108.76], [1, 4.56, 499, 303.32]]"
1818,/home/pi/sambashare/BacArbeit/cocoval2017/000000044195.jpg,3.184142678999706,"['0: person', '31: snowboard', '0: person']","[0, 31, 0]","[0.9386817, 0.62210023, 0.5614757]","[[53.08, 83.67, 132.35, 398.44], [152.49, 252.29, 93.1, 87.92], [159.03, 211.69, 72.04, 175.38]]"
1819,/home/pi/sambashare/BacArbeit/cocoval2017/000000535156.jpg,3.185830954999801,"['20: elephant', '20: elephant', '20: elephant']","[20, 20, 20]","[0.9175539, 0.8615941, 0.41090226]","[[1, 115.34, 182.52, 126.02], [129.47, 51.44, 420.87, 384.92], [376.07, 203.41, 192.35, 218.88]]"
1820,/home/pi/sambashare/BacArbeit/cocoval2017/000000391722.jpg,3.19102463299987,"['0: person', '0: person', '0: person', '67: cell phone', '27: tie', '0: person', '0: person', '55: cake', '39: bottle', '0: person', '62: tv', '60: dining table', '42: fork']","[0, 0, 0, 67, 27, 0, 0, 55, 39, 0, 62, 60, 42]","[0.8314731, 0.8284188, 0.812575, 0.796652, 0.76005876, 0.74450177, 0.7428738, 0.733069, 0.7165614, 0.50871766, 0.49584523, 0.31247813, 0.252559]","[[42.68, 1.36, 259.35, 583.39], [1, 247.07, 105.66, 327.9], [208.02, 96.76, 408.53, 466.53], [514.81, 539.86, 72.63, 22.84], [180.68, 131.17, 49.18, 250.42], [544.85, 274.4, 41.94, 43.57], [579.39, 291.49, 55.23, 238.26], [157.01, 372.39, 146.07, 66.37], [452.73, 468.75, 67.83, 118.38], [325.57, 239.23, 41.95, 22.37], [1, 194.2, 44.38, 74.92], [1, 527.37, 631.92, 111.83], [250.33, 323.64, 15.74, 62.42]]"
1821,/home/pi/sambashare/BacArbeit/cocoval2017/000000166664.jpg,3.191330636999737,"['20: elephant', '2: car', '0: person']","[20, 2, 0]","[0.94913757, 0.9295082, 0.49764237]","[[381.97, 48.89, 176.19, 242.54], [1.46, 146.31, 137.72, 276.91], [616.45, 99.63, 13.4, 15.59]]"
1822,/home/pi/sambashare/BacArbeit/cocoval2017/000000122046.jpg,3.1934882200002903,"['0: person', '25: umbrella']","[0, 25]","[0.94677573, 0.83279985]","[[84.51, 191.39, 190.77, 424.09], [119.69, 80.13, 240.72, 204.96]]"
1823,/home/pi/sambashare/BacArbeit/cocoval2017/000000050679.jpg,3.1910428109995337,"['2: car', '2: car', '49: orange', '2: car', '2: car', '2: car', '2: car', '2: car', '2: car', '2: car', '2: car']","[2, 2, 49, 2, 2, 2, 2, 2, 2, 2, 2]","[0.9316566, 0.9247782, 0.8871715, 0.818538, 0.7753987, 0.7296575, 0.7139504, 0.6717908, 0.6684659, 0.61783475, 0.43273535]","[[475.74, 171.6, 87.39, 53.63], [32.32, 189.01, 99.99, 33.01], [132.92, 102.98, 215.58, 213.06], [382.7, 197.03, 35.17, 22.84], [347.73, 196.69, 38.39, 24.19], [452.48, 196.75, 25.34, 22.93], [606.56, 206.86, 20.29, 13.61], [586.1, 210.19, 17.27, 10.16], [1, 193.2, 38.55, 28.15], [407.77, 194.52, 42.82, 25.3], [560.76, 207.55, 19.19, 13.06]]"
1824,/home/pi/sambashare/BacArbeit/cocoval2017/000000280918.jpg,3.196119343000646,"['0: person', '39: bottle', '69: oven', '74: clock']","[0, 39, 69, 74]","[0.8035261, 0.66330147, 0.5540257, 0.41070056]","[[1.13, 25.94, 369.61, 453.55], [573.47, 160.02, 33.23, 70.92], [335.09, 109.43, 303.29, 370.57], [607.65, 1, 32.05, 33.4]]"
1825,/home/pi/sambashare/BacArbeit/cocoval2017/000000018770.jpg,3.181808698000168,"['27: tie', '0: person']","[27, 0]","[0.61244935, 0.37702584]","[[279.1, 169.76, 84.02, 172.66], [180.47, 1, 453.31, 425.31]]"
1826,/home/pi/sambashare/BacArbeit/cocoval2017/000000206025.jpg,3.19270823899933,"['27: tie', '0: person']","[27, 0]","[0.92044544, 0.7664467]","[[167.39, 373.09, 86.49, 266.35], [1, 75.17, 422.92, 564.03]]"
1827,/home/pi/sambashare/BacArbeit/cocoval2017/000000450488.jpg,3.1970245810007327,"['62: tv', '59: bed']","[62, 59]","[0.914813, 0.88840824]","[[231.56, 188.59, 49.6, 67.53], [1, 281.19, 189.04, 206.71]]"
1828,/home/pi/sambashare/BacArbeit/cocoval2017/000000443303.jpg,3.183041024999511,"['15: cat', '73: book', '28: suitcase']","[15, 73, 28]","[0.89825964, 0.67737234, 0.65845215]","[[191.47, 98.01, 307.68, 206.84], [371.01, 1, 90.44, 30.97], [27.57, 59.46, 471.44, 312.08]]"
1829,/home/pi/sambashare/BacArbeit/cocoval2017/000000523100.jpg,3.1834750650004935,"['39: bottle', '45: bowl', '45: bowl', '0: person', '45: bowl', '70: toaster', '45: bowl']","[39, 45, 45, 0, 45, 70, 45]","[0.7912434, 0.78365034, 0.59770894, 0.5269137, 0.41961083, 0.32557487, 0.28481242]","[[152.75, 86.96, 35.1, 89.34], [217.35, 218.25, 131.73, 113.48], [76.48, 235.55, 120.88, 99.36], [254.1, 11.34, 224.91, 362.84], [1, 235.06, 115.39, 89.73], [1, 79.54, 160.69, 167.88], [1.18, 319.93, 478.82, 314.95]]"
1830,/home/pi/sambashare/BacArbeit/cocoval2017/000000351362.jpg,3.201438498999778,"['61: toilet', '71: sink']","[61, 71]","[0.86197394, 0.80472237]","[[271.36, 467.63, 36.95, 51.29], [304.57, 415.95, 101.94, 91.34]]"
1831,/home/pi/sambashare/BacArbeit/cocoval2017/000000370818.jpg,3.183492365999882,"['58: potted plant', '71: sink', '71: sink']","[58, 71, 71]","[0.7322246, 0.6629106, 0.6046441]","[[1, 209.81, 26.4, 67.9], [1, 592.14, 69.46, 47.27], [286.97, 454.94, 184.25, 92.4]]"
1832,/home/pi/sambashare/BacArbeit/cocoval2017/000000027696.jpg,3.176772126999822,"['42: fork', '53: pizza', '0: person']","[42, 53, 0]","[0.8462935, 0.6881311, 0.31755695]","[[368.42, 1, 52.8, 52.57], [5.69, 41.68, 625.89, 354.65], [2.14, 1, 334.58, 68.64]]"
1833,/home/pi/sambashare/BacArbeit/cocoval2017/000000438876.jpg,3.194330495000031,"['0: person', '32: sports ball', '38: tennis racket']","[0, 32, 38]","[0.89481133, 0.86796296, 0.7748264]","[[164.79, 27.26, 187.75, 304.31], [58.73, 116.3, 22.55, 22.4], [336.88, 249.08, 58.11, 79.0]]"
1834,/home/pi/sambashare/BacArbeit/cocoval2017/000000370711.jpg,3.1789494829999967,"['13: bench', '25: umbrella', '25: umbrella', '25: umbrella', '25: umbrella', '0: person', '25: umbrella', '25: umbrella', '0: person', '25: umbrella']","[13, 25, 25, 25, 25, 0, 25, 25, 0, 25]","[0.7082669, 0.5940015, 0.46576586, 0.4387586, 0.35034132, 0.33862826, 0.33752334, 0.33339083, 0.3267643, 0.27550623]","[[605.19, 397.5, 34.65, 51.64], [132.09, 142.63, 92.68, 215.26], [562.64, 226.25, 32.93, 202.04], [256.63, 122.78, 36.63, 151.75], [75.64, 141.6, 22.93, 119.35], [1, 314.05, 16.22, 58.72], [620.39, 124.09, 19.31, 104.68], [506.8, 201.23, 27.64, 238.33], [202.66, 321.16, 59.38, 118.22], [68.67, 215.34, 60.25, 182.34]]"
1835,/home/pi/sambashare/BacArbeit/cocoval2017/000000366711.jpg,3.1910084849996565,"['0: person', '75: vase']","[0, 75]","[0.6158734, 0.40058607]","[[32.69, 76.13, 212.0, 254.39], [237.14, 564.74, 86.39, 74.7]]"
1836,/home/pi/sambashare/BacArbeit/cocoval2017/000000452784.jpg,3.188609761999942,"['71: sink', '45: bowl', '58: potted plant']","[71, 45, 58]","[0.5494178, 0.33781278, 0.29623738]","[[18.68, 1, 187.23, 69.5], [14.56, 297.15, 465.22, 340.62], [446.35, 71.27, 33.42, 105.63]]"
1837,/home/pi/sambashare/BacArbeit/cocoval2017/000000015335.jpg,3.180806487999689,"['0: person', '41: cup', '0: person', '0: person', '0: person', '0: person']","[0, 41, 0, 0, 0, 0]","[0.8467182, 0.78336364, 0.76461196, 0.7489142, 0.4241181, 0.31665456]","[[172.72, 137.18, 217.14, 342.08], [597.6, 423.07, 41.93, 56.48], [364.29, 4.72, 272.81, 469.13], [1, 68.98, 243.79, 411.02], [235.19, 103.62, 103.07, 51.14], [156.98, 79.24, 77.89, 73.69]]"
1838,/home/pi/sambashare/BacArbeit/cocoval2017/000000565776.jpg,3.180494488000477,"['69: oven', '45: bowl', '75: vase', '41: cup', '45: bowl', '71: sink', '44: spoon', '44: spoon', '58: potted plant', '44: spoon']","[69, 45, 75, 41, 45, 71, 44, 44, 58, 44]","[0.85751957, 0.8463339, 0.7178158, 0.5334146, 0.52430665, 0.49666888, 0.4143503, 0.4123554, 0.32776323, 0.3021184]","[[284.64, 206.43, 104.87, 96.91], [572.68, 211.3, 61.32, 28.33], [129.46, 186.7, 15.36, 29.17], [453.0, 206.36, 18.94, 25.34], [162.79, 193.92, 28.65, 18.17], [101.76, 228.1, 77.36, 14.98], [298.86, 133.14, 11.29, 44.98], [352.86, 132.23, 9.76, 44.49], [107.81, 159.65, 48.06, 55.5], [314.22, 132.24, 15.12, 38.82]]"
1839,/home/pi/sambashare/BacArbeit/cocoval2017/000000143961.jpg,3.1934523640002226,"['0: person', '25: umbrella', '0: person', '0: person', '0: person', '0: person', '0: person', '0: person', '0: person', '25: umbrella', '25: umbrella', '0: person', '0: person', '14: bird', '14: bird', '14: bird', '0: person', '0: person', '30: skis', '0: person', '26: handbag']","[0, 25, 0, 0, 0, 0, 0, 0, 0, 25, 25, 0, 0, 14, 14, 14, 0, 0, 30, 0, 26]","[0.8754972, 0.84774643, 0.8412948, 0.61093223, 0.60008794, 0.55936503, 0.55803585, 0.5304391, 0.51200384, 0.44814274, 0.44270018, 0.3455347, 0.32533333, 0.31481084, 0.31062654, 0.3030449, 0.29421937, 0.28308788, 0.28198853, 0.26604745, 0.25738782]","[[586.51, 127.44, 52.96, 227.39], [301.25, 10.57, 310.3, 222.75], [445.25, 266.45, 115.74, 89.43], [251.47, 187.28, 130.68, 168.59], [126.22, 136.31, 114.8, 219.69], [81.3, 19.14, 70.59, 109.76], [479.83, 179.24, 109.19, 86.64], [51.45, 1, 60.1, 64.35], [107.78, 1, 70.21, 49.4], [294.91, 9.46, 109.87, 83.23], [482.22, 1, 156.88, 62.1], [175.48, 1, 61.29, 41.83], [451.24, 1, 34.21, 20.58], [52.66, 132.8, 105.09, 128.78], [1, 217.81, 82.31, 111.54], [1, 139.91, 51.87, 109.94], [1, 18.87, 88.92, 113.75], [1, 1, 10.15, 14.84], [550.52, 334.95, 24.93, 20.84], [482.82, 155.03, 115.28, 195.82], [71.89, 267.37, 64.26, 64.28]]"
1840,/home/pi/sambashare/BacArbeit/cocoval2017/000000309391.jpg,3.178048354000566,"['2: car', '2: car', '6: train', '9: traffic light', '9: traffic light', '7: truck', '1: bicycle', '9: traffic light', '0: person', '0: person', '2: car', '2: car', '9: traffic light', '0: person', '2: car', '0: person', '0: person', '0: person', '2: car', '0: person']","[2, 2, 6, 9, 9, 7, 1, 9, 0, 0, 2, 2, 9, 0, 2, 0, 0, 0, 2, 0]","[0.8451618, 0.8410336, 0.80872726, 0.77159476, 0.74602693, 0.74375397, 0.7089784, 0.66221297, 0.64333135, 0.63668036, 0.6319223, 0.4962669, 0.41431773, 0.3650175, 0.35941407, 0.35661012, 0.34960452, 0.33584297, 0.32057875, 0.26042327]","[[331.68, 212.66, 41.01, 32.14], [257.75, 231.45, 68.91, 58.73], [489.45, 225.24, 117.45, 121.73], [96.51, 1, 31.54, 46.05], [476.97, 13.76, 14.29, 27.23], [385.06, 145.53, 28.14, 27.46], [425.03, 199.1, 26.85, 19.19], [247.93, 65.3, 21.21, 35.63], [80.27, 254.48, 22.46, 64.99], [430.03, 185.76, 17.84, 25.03], [449.88, 126.9, 25.01, 19.06], [310.72, 190.64, 52.03, 22.71], [114.75, 160.22, 13.15, 32.58], [202.59, 221.53, 15.0, 47.51], [408.49, 141.93, 29.37, 14.16], [367.39, 127.11, 9.95, 21.01], [126.88, 221.5, 15.08, 56.78], [603.71, 272.03, 22.87, 83.5], [438.45, 120.94, 22.9, 20.02], [527.97, 126.99, 11.13, 22.95]]"
1841,/home/pi/sambashare/BacArbeit/cocoval2017/000000170893.jpg,3.190511572000105,"['61: toilet', '16: dog']","[61, 16]","[0.8797629, 0.83375925]","[[4.84, 175.44, 401.85, 304.56], [270.56, 82.03, 350.45, 396.25]]"
1842,/home/pi/sambashare/BacArbeit/cocoval2017/000000376478.jpg,3.194292406000386,"['75: vase', '60: dining table']","[75, 60]","[0.93875957, 0.5650643]","[[53.1, 197.64, 213.93, 343.06], [1, 215.13, 467.49, 424.87]]"
1843,/home/pi/sambashare/BacArbeit/cocoval2017/000000336232.jpg,3.1739237279998633,"['3: motorcycle', '2: car', '2: car', '5: bus', '0: person', '2: car', '2: car', '2: car', '2: car', '2: car', '2: car', '2: car', '2: car', '2: car', '0: person', '2: car', '7: truck', '2: car', '7: truck', '2: car', '2: car', '2: car', '0: person', '2: car', '2: car', '7: truck', '2: car', '2: car', '7: truck', '0: person', '3: motorcycle', '0: person', '2: car', '7: truck', '2: car']","[3, 2, 2, 5, 0, 2, 2, 2, 2, 2, 2, 2, 2, 2, 0, 2, 7, 2, 7, 2, 2, 2, 0, 2, 2, 7, 2, 2, 7, 0, 3, 0, 2, 7, 2]","[0.9359089, 0.9357864, 0.92508847, 0.91941375, 0.908382, 0.8994804, 0.87423646, 0.869342, 0.86600876, 0.8593313, 0.84363186, 0.8428131, 0.8410444, 0.7966616, 0.7879928, 0.74080575, 0.7084277, 0.6859175, 0.6591103, 0.63974875, 0.61196166, 0.5845361, 0.5648961, 0.5271305, 0.3994732, 0.38588452, 0.37220567, 0.36927494, 0.36545938, 0.32199848, 0.3088887, 0.30046204, 0.2832641, 0.27603427, 0.2527598]","[[11.43, 191.54, 256.72, 137.72], [405.48, 142.35, 131.47, 94.53], [371.64, 224.61, 266.6, 202.1], [286.59, 61.57, 113.03, 108.81], [84.05, 132.69, 91.48, 170.42], [240.81, 114.56, 48.63, 43.33], [411.48, 111.91, 62.23, 44.13], [402.37, 201.05, 237.54, 93.15], [1, 149.12, 47.55, 108.06], [528.17, 136.48, 85.18, 68.01], [470.21, 103.45, 53.65, 44.19], [158.12, 116.25, 54.51, 48.19], [91.42, 124.12, 107.86, 57.52], [28.78, 140.53, 93.27, 69.55], [606.01, 143.31, 33.97, 68.64], [199.68, 116.17, 34.83, 43.89], [435.97, 43.64, 43.83, 46.2], [404.33, 83.24, 32.94, 27.14], [494.58, 88.51, 70.64, 40.01], [17.43, 148.46, 65.63, 90.89], [401.19, 61.19, 25.88, 19.51], [606.46, 130.52, 33.17, 27.15], [52.4, 118.73, 19.12, 23.31], [407.03, 45.63, 31.0, 17.19], [204.0, 109.91, 45.1, 39.15], [479.6, 78.34, 45.16, 26.55], [408.91, 100.91, 65.69, 27.15], [525.3, 115.72, 69.16, 42.96], [305.1, 18.15, 76.86, 49.07], [1.28, 120.48, 26.03, 27.13], [618.11, 167.62, 21.65, 44.24], [262.96, 101.17, 17.23, 12.87], [388.32, 34.64, 19.71, 17.14], [526.71, 60.78, 59.33, 36.45], [577.72, 125.55, 50.24, 19.09]]"
1844,/home/pi/sambashare/BacArbeit/cocoval2017/000000317433.jpg,3.1854877020005006,"['0: person', '17: horse', '17: horse']","[0, 17, 17]","[0.93247634, 0.8149647, 0.7045291]","[[30.41, 141.98, 95.92, 232.34], [249.4, 24.04, 213.57, 379.74], [434.18, 61.99, 203.66, 340.27]]"
1845,/home/pi/sambashare/BacArbeit/cocoval2017/000000451435.jpg,3.1910891899997296,"['0: person', '32: sports ball', '38: tennis racket']","[0, 32, 38]","[0.78494495, 0.35217226, 0.2764071]","[[43.0, 67.86, 38.15, 88.52], [97.41, 115.39, 5.14, 4.75], [52.22, 66.82, 14.91, 15.14]]"
1846,/home/pi/sambashare/BacArbeit/cocoval2017/000000156278.jpg,3.170654124000066,"['56: chair', '74: clock', '45: bowl', '45: bowl', '45: bowl', '56: chair', '60: dining table', '56: chair', '71: sink', '39: bottle', '55: cake', '39: bottle', '71: sink', '45: bowl', '45: bowl', '41: cup', '45: bowl', '71: sink', '45: bowl', '45: bowl', '44: spoon']","[56, 74, 45, 45, 45, 56, 60, 56, 71, 39, 55, 39, 71, 45, 45, 41, 45, 71, 45, 45, 44]","[0.92126817, 0.8776996, 0.70133704, 0.6379149, 0.6357784, 0.60676515, 0.5191498, 0.49354684, 0.48315158, 0.47676936, 0.4696867, 0.45388913, 0.40296122, 0.38134605, 0.34812677, 0.34210843, 0.33012372, 0.30339956, 0.3033183, 0.29046476, 0.27185157]","[[525.0, 344.55, 92.26, 40.51], [432.79, 37.16, 53.78, 54.36], [286.45, 351.93, 42.52, 17.97], [283.28, 360.47, 51.55, 30.55], [278.54, 303.72, 52.17, 27.84], [1, 370.99, 27.61, 53.53], [359.37, 380.37, 279.94, 43.98], [298.48, 398.37, 87.9, 26.38], [186.05, 259.13, 86.52, 14.34], [365.3, 128.68, 16.82, 27.87], [421.45, 390.87, 95.59, 33.89], [339.46, 127.63, 15.99, 28.24], [401.16, 262.18, 63.68, 12.78], [346.16, 238.53, 24.18, 11.81], [181.23, 361.66, 43.6, 34.22], [319.67, 324.08, 17.64, 14.27], [201.77, 230.23, 35.93, 27.37], [464.23, 262.08, 74.35, 13.18], [284.79, 302.06, 44.96, 16.94], [570.24, 239.74, 56.11, 16.69], [376.12, 83.65, 10.12, 36.48]]"
1847,/home/pi/sambashare/BacArbeit/cocoval2017/000000033114.jpg,3.185724332999598,"['4: airplane', '74: clock', '12: parking meter', '12: parking meter', '10: fire hydrant', '74: clock', '12: parking meter', '74: clock', '0: person']","[4, 74, 12, 12, 10, 74, 12, 74, 0]","[0.9078286, 0.645433, 0.5971993, 0.4405885, 0.40637892, 0.40597597, 0.3676949, 0.3005209, 0.28597343]","[[160.77, 173.0, 342.8, 94.59], [351.83, 333.91, 39.28, 40.78], [224.58, 345.36, 14.63, 42.46], [161.45, 342.33, 23.45, 30.67], [621.42, 356.96, 18.33, 68.01], [261.52, 344.74, 42.04, 42.1], [556.91, 351.77, 24.04, 33.72], [337.55, 340.76, 17.11, 27.08], [72.57, 255.74, 5.67, 6.59]]"
1848,/home/pi/sambashare/BacArbeit/cocoval2017/000000447187.jpg,3.180090206999921,"['0: person', '0: person', '0: person', '34: baseball bat', '0: person']","[0, 0, 0, 34, 0]","[0.930948, 0.9014815, 0.89782417, 0.7778428, 0.7281105]","[[212.3, 199.43, 213.83, 248.24], [44.65, 116.6, 178.71, 359.0], [490.85, 172.58, 85.8, 131.25], [45.32, 24.89, 97.2, 71.2], [71.02, 68.82, 116.53, 136.06]]"
1849,/home/pi/sambashare/BacArbeit/cocoval2017/000000514797.jpg,3.1847310279999874,"['0: person', '0: person', '33: kite', '33: kite', '33: kite']","[0, 0, 33, 33, 33]","[0.9234601, 0.772564, 0.6274772, 0.46439257, 0.42576846]","[[10.71, 270.37, 66.02, 168.2], [380.03, 147.33, 127.19, 290.85], [223.42, 123.62, 131.77, 314.59], [282.41, 111.06, 100.33, 56.68], [280.97, 101.53, 277.54, 71.22]]"
1850,/home/pi/sambashare/BacArbeit/cocoval2017/000000179174.jpg,3.1772836199997982,"['0: person', '28: suitcase', '28: suitcase', '0: person', '0: person', '28: suitcase', '28: suitcase', '28: suitcase', '28: suitcase', '9: traffic light', '28: suitcase', '28: suitcase', '0: person', '28: suitcase', '28: suitcase', '28: suitcase', '28: suitcase', '0: person', '28: suitcase', '28: suitcase', '2: car', '28: suitcase', '28: suitcase', '28: suitcase', '28: suitcase', '28: suitcase', '28: suitcase', '28: suitcase', '28: suitcase', '28: suitcase', '28: suitcase', '28: suitcase', '28: suitcase']","[0, 28, 28, 0, 0, 28, 28, 28, 28, 9, 28, 28, 0, 28, 28, 28, 28, 0, 28, 28, 2, 28, 28, 28, 28, 28, 28, 28, 28, 28, 28, 28, 28]","[0.88464475, 0.8367462, 0.814075, 0.80719495, 0.80169284, 0.7740074, 0.76827216, 0.76318717, 0.7455954, 0.6127678, 0.5928051, 0.529303, 0.52757734, 0.5258671, 0.49190435, 0.48877645, 0.48259637, 0.4771173, 0.42190683, 0.41006887, 0.408306, 0.40016726, 0.39620876, 0.3848158, 0.37774482, 0.37323546, 0.37042022, 0.3593054, 0.3071419, 0.28957734, 0.28311247, 0.26785383, 0.25919715]","[[390.99, 109.44, 26.19, 72.73], [199.13, 270.13, 105.68, 56.33], [1, 463.98, 137.79, 174.33], [311.39, 94.41, 29.99, 59.03], [360.14, 116.24, 18.0, 62.75], [101.94, 269.79, 100.37, 52.89], [1, 251.26, 104.24, 76.45], [1, 319.59, 96.87, 67.62], [1, 407.05, 130.59, 136.19], [416.5, 55.2, 5.49, 15.79], [302.83, 257.06, 26.96, 62.6], [222.38, 200.64, 80.2, 45.82], [308.67, 36.07, 25.64, 62.44], [327.11, 261.19, 100.3, 60.95], [179.78, 256.85, 64.17, 16.92], [237.99, 123.05, 55.27, 24.19], [231.67, 158.02, 66.37, 25.31], [332.84, 115.73, 17.36, 48.34], [139.42, 114.61, 52.99, 27.65], [135.38, 156.02, 65.54, 28.93], [361.86, 111.9, 31.22, 39.48], [380.73, 229.35, 47.27, 33.11], [185.6, 221.09, 56.11, 38.93], [302.38, 239.58, 74.6, 22.41], [197.71, 147.3, 34.73, 55.9], [191.73, 105.53, 49.56, 43.74], [119.29, 251.1, 66.22, 20.7], [130.95, 198.16, 81.69, 35.35], [48.17, 220.2, 87.9, 55.17], [1, 299.82, 68.72, 28.36], [134.95, 135.76, 62.49, 27.55], [304.96, 186.47, 52.63, 24.6], [242.87, 253.08, 64.02, 21.62]]"
1851,/home/pi/sambashare/BacArbeit/cocoval2017/000000479099.jpg,3.1891056640006354,['13: bench'],[13],[0.38717005],"[[383.03, 168.05, 60.16, 35.11]]"
1852,/home/pi/sambashare/BacArbeit/cocoval2017/000000322944.jpg,3.181273727000189,['77: teddy bear'],[77],[0.495291],"[[77.92, 208.53, 325.94, 419.95]]"
1853,/home/pi/sambashare/BacArbeit/cocoval2017/000000321557.jpg,3.1794923110001037,['3: motorcycle'],[3],[0.8279628],"[[21.19, 6.45, 506.19, 618.43]]"
1854,/home/pi/sambashare/BacArbeit/cocoval2017/000000126107.jpg,3.1913435409996964,"['14: bird', '0: person', '8: boat', '0: person', '0: person', '0: person', '14: bird', '8: boat']","[14, 0, 8, 0, 0, 0, 14, 8]","[0.94383395, 0.85298157, 0.7644344, 0.7592999, 0.71241593, 0.58128226, 0.55015457, 0.46598336]","[[223.57, 15.33, 415.42, 232.36], [510.84, 356.43, 10.13, 24.54], [595.01, 421.45, 44.72, 56.27], [567.72, 358.43, 13.94, 27.56], [592.48, 358.56, 10.05, 15.31], [521.6, 367.7, 8.74, 12.2], [583.5, 196.83, 21.44, 8.22], [594.43, 328.29, 45.13, 151.71]]"
1855,/home/pi/sambashare/BacArbeit/cocoval2017/000000407614.jpg,3.1873897929999657,"['69: oven', '58: potted plant', '68: microwave', '39: bottle', '72: refrigerator', '45: bowl', '71: sink', '75: vase']","[69, 58, 68, 39, 72, 45, 71, 75]","[0.81777126, 0.8084301, 0.7192631, 0.6760089, 0.674296, 0.60615873, 0.57488525, 0.3063791]","[[341.96, 222.16, 61.22, 137.49], [366.41, 1, 157.18, 126.19], [356.39, 191.85, 49.67, 32.88], [177.28, 194.21, 15.35, 21.91], [392.0, 121.13, 114.98, 304.01], [460.18, 106.29, 47.99, 17.59], [267.1, 213.92, 74.75, 9.78], [470.55, 80.72, 39.25, 26.5]]"
1856,/home/pi/sambashare/BacArbeit/cocoval2017/000000540280.jpg,3.1848797989996456,"['25: umbrella', '73: book', '73: book']","[25, 73, 73]","[0.55205506, 0.52601963, 0.34387186]","[[5.07, 17.62, 421.57, 427.59], [403.65, 504.07, 17.32, 123.46], [380.13, 496.52, 14.93, 125.97]]"
1857,/home/pi/sambashare/BacArbeit/cocoval2017/000000233238.jpg,3.1748997889999373,"['39: bottle', '0: person', '39: bottle', '39: bottle', '39: bottle', '0: person', '42: fork', '39: bottle', '0: person', '0: person', '39: bottle', '56: chair', '0: person', '45: bowl', '0: person', '0: person', '45: bowl', '44: spoon', '25: umbrella', '0: person', '0: person', '60: dining table', '45: bowl']","[39, 0, 39, 39, 39, 0, 42, 39, 0, 0, 39, 56, 0, 45, 0, 0, 45, 44, 25, 0, 0, 60, 45]","[0.89123505, 0.86280805, 0.860338, 0.85170525, 0.8304869, 0.8069458, 0.803962, 0.7822606, 0.7806768, 0.7566589, 0.7148114, 0.7029532, 0.6661425, 0.6469684, 0.6242482, 0.50410837, 0.4731378, 0.45798755, 0.43645403, 0.371635, 0.362541, 0.3423109, 0.29084587]","[[5.45, 372.17, 42.23, 138.37], [135.73, 169.03, 103.64, 125.37], [120.51, 436.45, 53.32, 196.75], [341.38, 441.86, 62.29, 161.74], [235.96, 491.73, 68.31, 146.0], [340.06, 128.37, 139.55, 372.55], [412.46, 545.18, 67.2, 36.52], [174.47, 465.21, 57.38, 173.61], [114.51, 164.66, 54.43, 90.73], [71.89, 125.88, 118.68, 192.6], [152.61, 408.48, 33.64, 150.27], [260.16, 245.19, 51.06, 49.65], [1.17, 128.48, 136.34, 323.62], [177.6, 418.48, 192.06, 107.49], [331.11, 172.31, 84.89, 87.88], [1, 262.52, 71.15, 183.04], [281.0, 521.34, 63.05, 51.14], [317.62, 249.89, 58.14, 27.15], [252.24, 195.37, 77.2, 45.08], [37.31, 156.58, 156.43, 262.9], [305.08, 184.35, 72.14, 101.47], [1, 307.59, 479, 332.07], [197.92, 315.97, 115.38, 65.65]]"
1858,/home/pi/sambashare/BacArbeit/cocoval2017/000000361147.jpg,3.1830691960003605,"['38: tennis racket', '0: person', '0: person', '0: person', '0: person', '0: person', '56: chair', '0: person', '0: person', '56: chair', '0: person']","[38, 0, 0, 0, 0, 0, 56, 0, 0, 56, 0]","[0.9078666, 0.88402253, 0.87833506, 0.8276472, 0.8141009, 0.7695095, 0.7553408, 0.71141547, 0.3862517, 0.34110084, 0.309041]","[[116.21, 21.56, 127.23, 212.74], [34.11, 87.1, 61.82, 96.67], [56.1, 44.96, 61.8, 123.68], [356.41, 52.26, 58.58, 103.42], [396.89, 87.67, 19.92, 98.02], [1, 102.85, 39.82, 79.86], [97.74, 149.31, 53.71, 32.91], [154.64, 46.13, 249.81, 547.73], [308.84, 56.65, 47.8, 65.2], [110.03, 130.98, 25.43, 19.24], [327.81, 82.37, 28.11, 38.27]]"
1859,/home/pi/sambashare/BacArbeit/cocoval2017/000000265816.jpg,3.1723780889997215,"['17: horse', '58: potted plant', '0: person', '58: potted plant']","[17, 58, 0, 58]","[0.94701904, 0.70186824, 0.52833974, 0.2605372]","[[150.95, 253.03, 154.1, 134.98], [83.26, 259.9, 67.15, 90.45], [381.75, 221.17, 65.23, 77.0], [1, 250.73, 93.4, 95.68]]"
1860,/home/pi/sambashare/BacArbeit/cocoval2017/000000507975.jpg,3.1855260180000187,"['0: person', '17: horse', '0: person', '0: person', '0: person', '17: horse', '2: car']","[0, 17, 0, 0, 0, 17, 2]","[0.89044374, 0.83331877, 0.71802855, 0.67897105, 0.6566702, 0.44940272, 0.36910322]","[[31.37, 115.77, 49.17, 87.41], [1.58, 81.97, 422.72, 393.32], [160.2, 136.21, 31.15, 34.63], [188.07, 9.76, 146.09, 236.75], [74.48, 121.93, 61.46, 82.18], [272.89, 73.82, 273.75, 397.17], [366.83, 233.11, 244.86, 164.92]]"
1861,/home/pi/sambashare/BacArbeit/cocoval2017/000000203580.jpg,3.1793083310003567,"['13: bench', '13: bench', '25: umbrella', '25: umbrella']","[13, 13, 25, 25]","[0.7201726, 0.5286356, 0.5242438, 0.31978938]","[[337.41, 262.51, 211.36, 62.93], [338.18, 226.48, 210.92, 42.41], [315.33, 56.3, 260.18, 191.43], [315.53, 55.18, 259.89, 84.98]]"
1862,/home/pi/sambashare/BacArbeit/cocoval2017/000000109976.jpg,3.1860061340003085,"['69: oven', '68: microwave']","[69, 68]","[0.9251888, 0.7786825]","[[112.95, 169.72, 262.73, 309.19], [163.13, 1, 179.2, 124.97]]"
1863,/home/pi/sambashare/BacArbeit/cocoval2017/000000303499.jpg,3.1911917249999533,"['0: person', '17: horse', '17: horse', '0: person', '17: horse', '0: person', '17: horse', '17: horse']","[0, 17, 17, 0, 17, 0, 17, 17]","[0.8542147, 0.75848454, 0.67948365, 0.5389027, 0.327544, 0.31029475, 0.30039513, 0.2919406]","[[197.26, 41.48, 122.76, 264.59], [196.16, 182.2, 133.01, 269.35], [4.07, 170.72, 173.68, 270.55], [42.77, 15.81, 118.74, 290.87], [183.23, 184.87, 43.06, 129.76], [326.03, 232.04, 6.85, 60.24], [307.68, 290.38, 25.32, 44.23], [126.02, 180.26, 54.08, 153.83]]"
1864,/home/pi/sambashare/BacArbeit/cocoval2017/000000229659.jpg,3.202137377999861,"['0: person', '74: clock', '0: person', '56: chair', '0: person', '56: chair', '63: laptop', '56: chair', '56: chair', '60: dining table', '62: tv', '56: chair', '56: chair', '0: person', '39: bottle', '60: dining table']","[0, 74, 0, 56, 0, 56, 63, 56, 56, 60, 62, 56, 56, 0, 39, 60]","[0.87370753, 0.8669461, 0.8664283, 0.86467147, 0.7470497, 0.7278716, 0.7086686, 0.6777029, 0.63175845, 0.4695641, 0.40656656, 0.36874124, 0.30130574, 0.3006957, 0.26172546, 0.25796062]","[[127.88, 130.72, 85.69, 92.56], [70.98, 26.61, 22.25, 27.29], [228.18, 156.73, 49.38, 50.54], [103.34, 214.53, 210.57, 212.71], [478.85, 27.65, 81.02, 118.59], [60.16, 208.96, 106.57, 220.3], [315.76, 143.01, 322.97, 336.81], [210.66, 205.96, 69.89, 13.18], [303.9, 196.83, 38.53, 22.44], [3.45, 330.21, 336.45, 147.83], [438.24, 9.58, 201.76, 149.51], [339.85, 198.14, 27.95, 21.03], [1, 458.58, 69.72, 21.0], [268.08, 146.53, 21.78, 26.27], [30.29, 122.24, 13.92, 22.65], [305.76, 217.03, 59.7, 69.64]]"
1865,/home/pi/sambashare/BacArbeit/cocoval2017/000000521259.jpg,3.1850141289996827,"['0: person', '29: frisbee', '0: person', '0: person', '29: frisbee', '0: person', '2: car', '0: person', '29: frisbee', '0: person', '0: person', '0: person', '0: person', '0: person', '0: person', '0: person', '0: person', '0: person', '0: person']","[0, 29, 0, 0, 29, 0, 2, 0, 29, 0, 0, 0, 0, 0, 0, 0, 0, 0, 0]","[0.9432706, 0.9259523, 0.9205313, 0.9204848, 0.9026938, 0.88009214, 0.850641, 0.6800717, 0.6519561, 0.64231765, 0.5659243, 0.54930973, 0.49902362, 0.4799196, 0.42223302, 0.4139537, 0.36625403, 0.34261197, 0.27378252]","[[40.97, 36.09, 227.6, 418.52], [406.6, 126.95, 56.68, 22.71], [404.21, 41.18, 120.9, 328.45], [517.69, 97.61, 80.56, 200.35], [573.01, 192.02, 26.94, 22.21], [290.86, 150.06, 61.52, 93.08], [1, 120.89, 56.87, 82.81], [1, 149.45, 20.58, 82.2], [269.88, 167.03, 31.18, 30.43], [328.79, 145.2, 18.75, 53.87], [366.75, 141.95, 16.98, 33.78], [353.38, 145.88, 12.12, 30.18], [261.36, 165.3, 39.31, 56.24], [28.65, 175.18, 45.49, 150.89], [290.89, 146.15, 13.19, 31.26], [81.18, 138.33, 11.87, 28.73], [246.29, 127.11, 22.41, 74.33], [392.07, 137.27, 12.68, 38.31], [223.37, 143.87, 20.13, 49.02]]"
1866,/home/pi/sambashare/BacArbeit/cocoval2017/000000427256.jpg,3.1849374809999063,"['0: person', '34: baseball bat', '0: person', '35: baseball glove', '0: person', '0: person', '56: chair', '0: person', '0: person', '0: person', '56: chair', '0: person', '0: person', '56: chair', '0: person', '56: chair', '0: person', '0: person', '56: chair', '56: chair', '56: chair', '56: chair', '0: person', '0: person', '0: person', '56: chair', '56: chair', '56: chair']","[0, 34, 0, 35, 0, 0, 56, 0, 0, 0, 56, 0, 0, 56, 0, 56, 0, 0, 56, 56, 56, 56, 0, 0, 0, 56, 56, 56]","[0.93641865, 0.8914975, 0.87636656, 0.8628408, 0.6607722, 0.6357422, 0.6225768, 0.6074232, 0.58400935, 0.5670146, 0.5493601, 0.541647, 0.5368579, 0.5047022, 0.48388624, 0.4806962, 0.44880822, 0.43366694, 0.4211977, 0.346557, 0.32940271, 0.32402244, 0.30618954, 0.30005124, 0.2753556, 0.27468172, 0.27404436, 0.2724199]","[[10.14, 96.65, 276.74, 380.18], [127.63, 18.64, 120.03, 108.46], [419.54, 247.56, 219.43, 237.12], [417.17, 350.8, 67.42, 51.5], [309.76, 96.15, 72.39, 79.67], [408.18, 99.44, 131.56, 177.64], [279.49, 167.3, 89.71, 104.15], [387.48, 75.45, 84.8, 98.56], [239.32, 48.05, 83.31, 104.84], [1, 52.67, 45.62, 155.19], [564.98, 28.61, 60.95, 27.98], [551.79, 58.79, 87.41, 95.2], [1, 14.87, 54.3, 113.08], [577.26, 148.16, 62.58, 28.88], [459.7, 13.83, 76.88, 81.79], [577.02, 7.94, 62.98, 23.27], [287.37, 1.6, 81.25, 105.02], [322.67, 55.62, 67.03, 89.4], [538.26, 173.52, 90.78, 26.21], [538.84, 51.59, 72.09, 40.09], [80.27, 171.02, 56.92, 21.83], [534.18, 173.57, 98.78, 87.34], [609.54, 25.57, 30.24, 65.31], [492.0, 59.58, 68.26, 87.41], [74.31, 1, 60.15, 60.16], [532.02, 146.62, 42.36, 29.08], [365.37, 169.46, 82.34, 96.6], [485.46, 1, 96.38, 36.02]]"
1867,/home/pi/sambashare/BacArbeit/cocoval2017/000000132375.jpg,3.1805646129996603,"['75: vase', '75: vase', '1: bicycle', '1: bicycle', '1: bicycle', '60: dining table']","[75, 75, 1, 1, 1, 60]","[0.9304554, 0.898916, 0.7290237, 0.42324924, 0.31210706, 0.2519121]","[[117.46, 154.37, 151.71, 229.41], [329.08, 219.52, 138.13, 231.59], [593.76, 41.71, 45.82, 27.6], [494.07, 44.71, 40.95, 27.47], [554.98, 47.03, 31.09, 24.53], [1, 224.26, 638.24, 255.4]]"
1868,/home/pi/sambashare/BacArbeit/cocoval2017/000000142472.jpg,3.191127273999882,"['2: car', '2: car', '5: bus', '2: car', '0: person', '2: car', '0: person', '0: person', '0: person', '0: person']","[2, 2, 5, 2, 0, 2, 0, 0, 0, 0]","[0.9435241, 0.9122642, 0.89373463, 0.8566509, 0.78113675, 0.74179417, 0.70104736, 0.5488476, 0.4854405, 0.4499869]","[[202.05, 371.06, 130.85, 64.19], [459.56, 364.63, 63.57, 37.0], [575.51, 327.09, 63.77, 63.6], [413.35, 370.58, 51.47, 35.52], [395.86, 359.88, 30.63, 65.82], [348.58, 372.31, 49.58, 41.97], [385.95, 359.71, 18.73, 57.29], [540.3, 365.34, 8.9, 23.52], [531.61, 370.47, 10.11, 18.81], [522.86, 374.09, 7.55, 14.72]]"
1869,/home/pi/sambashare/BacArbeit/cocoval2017/000000161861.jpg,3.1863844690005863,"['0: person', '38: tennis racket']","[0, 38]","[0.89802545, 0.74077153]","[[173.73, 78.46, 105.58, 241.78], [147.36, 181.58, 75.78, 48.76]]"
1870,/home/pi/sambashare/BacArbeit/cocoval2017/000000287545.jpg,3.188699409000037,"['23: giraffe', '23: giraffe']","[23, 23]","[0.9567258, 0.8713212]","[[59.71, 109.6, 351.45, 247.37], [233.54, 245.62, 74.8, 102.29]]"
1871,/home/pi/sambashare/BacArbeit/cocoval2017/000000491867.jpg,3.1856042040008106,"['0: person', '0: person', '27: tie', '0: person', '56: chair']","[0, 0, 27, 0, 56]","[0.94028676, 0.91323173, 0.87446576, 0.842637, 0.29314616]","[[50.65, 94.42, 357.1, 541.2], [67.0, 181.66, 95.72, 193.62], [218.6, 284.25, 67.47, 322.31], [317.21, 211.41, 61.46, 97.1], [435.95, 285.82, 28.71, 48.54]]"
1872,/home/pi/sambashare/BacArbeit/cocoval2017/000000493613.jpg,3.183776958000635,"['36: skateboard', '36: skateboard', '0: person']","[36, 36, 0]","[0.84041554, 0.37766543, 0.3050394]","[[229.84, 167.62, 334.06, 108.3], [290.3, 60.63, 77.35, 106.93], [287.37, 59.1, 250.9, 137.36]]"
1873,/home/pi/sambashare/BacArbeit/cocoval2017/000000085911.jpg,3.1775329960000818,['33: kite'],[33],[0.4981249],"[[191.88, 168.57, 268.8, 119.02]]"
1874,/home/pi/sambashare/BacArbeit/cocoval2017/000000185409.jpg,3.1879669559994,"['22: zebra', '22: zebra', '22: zebra', '22: zebra', '22: zebra', '22: zebra', '22: zebra', '22: zebra', '22: zebra', '22: zebra']","[22, 22, 22, 22, 22, 22, 22, 22, 22, 22]","[0.92661417, 0.8757055, 0.8591241, 0.8584216, 0.61769456, 0.4342987, 0.39384556, 0.3118397, 0.2766279, 0.26626343]","[[1, 104.25, 157.19, 197.68], [438.34, 115.21, 171.13, 206.15], [146.08, 104.36, 120.74, 211.61], [246.42, 137.12, 163.54, 186.21], [1, 106.71, 72.55, 54.45], [602.23, 155.93, 37.26, 140.04], [1, 96.16, 25.63, 51.02], [55.43, 67.79, 128.94, 77.66], [54.28, 65.21, 63.14, 48.29], [356.01, 149.48, 162.74, 164.67]]"
1875,/home/pi/sambashare/BacArbeit/cocoval2017/000000323202.jpg,3.1807839180000883,"['73: book', '61: toilet', '61: toilet']","[73, 61, 61]","[0.5951267, 0.44914687, 0.2905814]","[[1, 279.01, 50.52, 181.93], [1.33, 24.65, 477.89, 613.4], [111.62, 312.48, 278.5, 327.52]]"
1876,/home/pi/sambashare/BacArbeit/cocoval2017/000000168593.jpg,3.179554255999392,"['72: refrigerator', '56: chair', '72: refrigerator', '60: dining table']","[72, 56, 72, 60]","[0.89446634, 0.89338684, 0.86842954, 0.26444831]","[[1, 115.71, 266.55, 362.45], [511.09, 223.86, 127.8, 226.96], [252.26, 113.71, 140.84, 331.0], [606.12, 248.83, 33.62, 57.26]]"
1877,/home/pi/sambashare/BacArbeit/cocoval2017/000000175438.jpg,3.186600499000633,"['2: car', '2: car', '2: car', '2: car', '2: car', '2: car', '74: clock', '2: car', '2: car', '9: traffic light', '9: traffic light', '2: car', '2: car', '9: traffic light', '2: car', '2: car', '2: car', '2: car', '2: car', '58: potted plant']","[2, 2, 2, 2, 2, 2, 74, 2, 2, 9, 9, 2, 2, 9, 2, 2, 2, 2, 2, 58]","[0.93966883, 0.93364286, 0.93301034, 0.93026185, 0.91551167, 0.86790276, 0.829967, 0.81610656, 0.81439674, 0.79123807, 0.62791306, 0.5448357, 0.5125425, 0.47196415, 0.4431186, 0.42881888, 0.3665977, 0.3647974, 0.2827668, 0.26786274]","[[249.39, 238.94, 42.93, 28.16], [436.07, 244.44, 69.06, 41.29], [502.67, 230.66, 87.59, 64.61], [582.14, 237.3, 57.61, 71.66], [389.24, 240.43, 57.51, 38.03], [222.57, 239.24, 33.62, 23.2], [301.72, 84.08, 37.77, 38.71], [201.6, 233.56, 32.01, 22.77], [331.45, 237.91, 66.41, 23.6], [9.17, 94.3, 33.09, 71.51], [109.45, 124.79, 30.01, 58.31], [284.81, 226.17, 26.74, 18.14], [238.51, 217.65, 23.07, 12.54], [351.26, 95.9, 31.08, 69.49], [324.07, 230.96, 24.94, 22.79], [291.45, 226.74, 46.89, 19.9], [185.25, 226.93, 19.68, 17.27], [201.32, 224.78, 30.75, 18.22], [209.61, 238.35, 77.64, 26.48], [3.5, 236.31, 43.79, 71.55]]"
1878,/home/pi/sambashare/BacArbeit/cocoval2017/000000223090.jpg,3.1928189599993857,"['43: knife', '43: knife']","[43, 43]","[0.46918178, 0.37494373]","[[30.64, 121.79, 108.81, 357.58], [1, 125.42, 88.07, 350.74]]"
1879,/home/pi/sambashare/BacArbeit/cocoval2017/000000537672.jpg,3.192185750000135,"['56: chair', '72: refrigerator']","[56, 72]","[0.87448084, 0.48025182]","[[1, 240.35, 56.8, 177.47], [119.7, 8.06, 305.57, 629.37]]"
1880,/home/pi/sambashare/BacArbeit/cocoval2017/000000257566.jpg,3.1892064899993784,"['8: boat', '0: person', '0: person', '0: person', '24: backpack', '0: person', '0: person', '8: boat', '0: person', '0: person', '0: person']","[8, 0, 0, 0, 24, 0, 0, 8, 0, 0, 0]","[0.86026984, 0.7671477, 0.757209, 0.6521051, 0.62120306, 0.60469455, 0.56329626, 0.51176465, 0.36714208, 0.3043933, 0.27943668]","[[258.45, 124.71, 135.05, 120.98], [291.79, 98.4, 29.65, 38.39], [208.62, 111.09, 30.01, 67.59], [316.4, 104.82, 24.63, 27.87], [208.04, 121.78, 13.77, 26.36], [1, 150.51, 60.7, 328.27], [273.56, 111.24, 14.85, 16.65], [250.14, 119.19, 44.34, 56.56], [284.77, 117.34, 10.14, 10.08], [228.31, 114.38, 15.16, 51.75], [227.95, 108.64, 14.6, 29.31]]"
1881,/home/pi/sambashare/BacArbeit/cocoval2017/000000417085.jpg,3.1942166579992772,"['19: cow', '19: cow']","[19, 19]","[0.9280594, 0.9112983]","[[328.7, 195.48, 93.98, 153.38], [423.7, 220.08, 133.77, 117.1]]"
1882,/home/pi/sambashare/BacArbeit/cocoval2017/000000427034.jpg,3.180621868000344,"['66: keyboard', '16: dog']","[66, 16]","[0.64534897, 0.6158594]","[[1, 318.74, 636.17, 159.51], [244.73, 106.85, 395.27, 246.64]]"
1883,/home/pi/sambashare/BacArbeit/cocoval2017/000000197796.jpg,3.1802259129999584,"['71: sink', '39: bottle', '39: bottle', '39: bottle', '39: bottle', '39: bottle', '39: bottle']","[71, 39, 39, 39, 39, 39, 39]","[0.80150014, 0.79797405, 0.7299512, 0.7190383, 0.6970983, 0.6727691, 0.57828563]","[[79.71, 247.49, 295.75, 198.49], [229.64, 104.0, 25.85, 70.65], [209.05, 97.57, 21.18, 74.05], [279.54, 76.33, 26.84, 91.68], [116.37, 121.48, 34.9, 86.12], [315.1, 70.74, 19.09, 85.0], [77.25, 121.89, 47.91, 99.3]]"
1884,/home/pi/sambashare/BacArbeit/cocoval2017/000000131556.jpg,3.1799988439997833,"['0: person', '30: skis', '0: person']","[0, 30, 0]","[0.9347528, 0.6042527, 0.35010517]","[[225.11, 85.11, 150.45, 216.76], [129.27, 277.56, 314.09, 36.48], [211.52, 220.27, 33.49, 61.34]]"
1885,/home/pi/sambashare/BacArbeit/cocoval2017/000000284445.jpg,3.187142715999471,"['0: person', '0: person', '0: person', '5: bus', '9: traffic light', '0: person', '0: person', '0: person', '0: person', '0: person', '9: traffic light', '9: traffic light', '0: person', '24: backpack', '0: person', '0: person', '24: backpack', '9: traffic light', '0: person', '0: person', '0: person']","[0, 0, 0, 5, 9, 0, 0, 0, 0, 0, 9, 9, 0, 24, 0, 0, 24, 9, 0, 0, 0]","[0.95452446, 0.90764165, 0.90324223, 0.8977485, 0.8898326, 0.87473065, 0.8685062, 0.86373764, 0.85869104, 0.8418265, 0.7505108, 0.7489711, 0.7388933, 0.59575385, 0.5829441, 0.47256118, 0.43873695, 0.42331532, 0.3643305, 0.2936441, 0.27199224]","[[166.13, 306.21, 133.34, 286.75], [283.95, 328.9, 74.64, 199.57], [348.93, 318.29, 69.61, 208.8], [3.28, 320.59, 31.07, 30.3], [226.05, 154.92, 75.47, 113.34], [437.83, 330.07, 32.45, 89.93], [537.63, 330.86, 57.46, 181.1], [462.85, 317.47, 64.01, 203.46], [602.64, 323.56, 37.0, 246.76], [122.89, 338.68, 21.76, 50.32], [150.29, 277.38, 15.28, 32.75], [428.75, 274.77, 13.14, 24.7], [515.99, 315.67, 42.22, 139.86], [479.24, 350.99, 39.67, 42.89], [583.96, 321.63, 37.1, 128.27], [387.73, 316.18, 40.28, 80.58], [551.38, 362.73, 38.49, 42.39], [172.17, 288.16, 11.4, 23.62], [180.97, 340.45, 15.37, 38.41], [416.46, 325.7, 18.6, 59.2], [270.13, 341.35, 17.62, 45.01]]"
1886,/home/pi/sambashare/BacArbeit/cocoval2017/000000425227.jpg,3.1970215559995268,"['33: kite', '0: person', '33: kite', '33: kite', '0: person', '0: person', '37: surfboard']","[33, 0, 33, 33, 0, 0, 37]","[0.9044414, 0.8198884, 0.8099252, 0.7858757, 0.76498455, 0.46835157, 0.35982695]","[[68.97, 65.74, 30.35, 57.48], [311.95, 495.48, 10.38, 29.7], [371.84, 570.22, 55.95, 31.11], [213.92, 352.22, 8.33, 15.84], [296.74, 494.25, 11.15, 30.02], [258.49, 434.75, 4.61, 5.44], [286.4, 508.21, 11.8, 7.05]]"
1887,/home/pi/sambashare/BacArbeit/cocoval2017/000000056344.jpg,3.1839364240004215,"['66: keyboard', '64: mouse', '62: tv', '62: tv', '67: cell phone', '67: cell phone', '67: cell phone']","[66, 64, 62, 62, 67, 67, 67]","[0.93528914, 0.89784634, 0.8636414, 0.8181397, 0.49872214, 0.2764331, 0.25362337]","[[181.58, 387.89, 197.37, 63.16], [408.19, 404.56, 29.59, 50.45], [1, 155.17, 278.42, 141.47], [279.69, 157.31, 317.69, 157.88], [159.7, 339.9, 42.49, 43.89], [438.17, 313.05, 123.16, 112.18], [321.23, 349.62, 34.54, 38.45]]"
1888,/home/pi/sambashare/BacArbeit/cocoval2017/000000452515.jpg,3.170540852999693,"['0: person', '38: tennis racket', '0: person', '0: person']","[0, 38, 0, 0]","[0.90255296, 0.8219754, 0.6426614, 0.47122198]","[[86.62, 309.5, 87.57, 163.6], [168.66, 337.08, 16.65, 47.64], [174.53, 35.98, 35.85, 106.46], [33.85, 15.6, 60.32, 123.34]]"
1889,/home/pi/sambashare/BacArbeit/cocoval2017/000000283520.jpg,3.1816404880000846,"['0: person', '0: person', '29: frisbee', '36: skateboard', '29: frisbee']","[0, 0, 29, 36, 29]","[0.9271625, 0.9186914, 0.73865956, 0.5137692, 0.48373473]","[[326.52, 121.55, 133.95, 256.46], [167.97, 123.53, 78.17, 242.07], [449.55, 242.18, 20.45, 20.13], [257.58, 182.61, 20.22, 65.86], [222.54, 196.96, 23.94, 13.76]]"
1890,/home/pi/sambashare/BacArbeit/cocoval2017/000000293044.jpg,3.177900445999512,"['75: vase', '75: vase']","[75, 75]","[0.42555803, 0.31248385]","[[87.42, 70.93, 70.02, 69.72], [150.73, 6.88, 124.65, 138.49]]"
1891,/home/pi/sambashare/BacArbeit/cocoval2017/000000171788.jpg,3.183059298000444,"['0: person', '38: tennis racket', '32: sports ball']","[0, 38, 32]","[0.89984196, 0.89148176, 0.82501566]","[[65.17, 101.4, 359.05, 522.72], [267.96, 366.06, 57.69, 153.94], [402.7, 348.8, 23.53, 24.29]]"
1892,/home/pi/sambashare/BacArbeit/cocoval2017/000000289992.jpg,3.183228001000316,"['71: sink', '74: clock']","[71, 74]","[0.65296084, 0.29668626]","[[33.48, 295.91, 249.1, 128.09], [535.62, 10.54, 30.43, 54.13]]"
1893,/home/pi/sambashare/BacArbeit/cocoval2017/000000088218.jpg,3.181866138999794,"['9: traffic light', '9: traffic light']","[9, 9]","[0.8237694, 0.7545757]","[[211.72, 277.49, 105.1, 185.8], [140.87, 552.48, 151.85, 86.86]]"
1894,/home/pi/sambashare/BacArbeit/cocoval2017/000000250901.jpg,3.181783550000546,"['0: person', '0: person', '26: handbag']","[0, 0, 26]","[0.47025815, 0.3834564, 0.26856592]","[[212.16, 1, 213.17, 130.82], [414.71, 1, 223.04, 153.33], [524.81, 390.61, 114.23, 35.31]]"
1895,/home/pi/sambashare/BacArbeit/cocoval2017/000000210273.jpg,3.1848266449997027,"['2: car', '5: bus', '2: car', '5: bus', '5: bus', '2: car', '2: car', '5: bus', '5: bus', '0: person', '2: car', '2: car', '2: car', '5: bus', '2: car', '5: bus', '5: bus', '5: bus', '5: bus', '2: car', '2: car', '0: person', '5: bus', '2: car', '1: bicycle', '2: car', '5: bus', '0: person', '0: person', '2: car', '5: bus', '2: car', '0: person']","[2, 5, 2, 5, 5, 2, 2, 5, 5, 0, 2, 2, 2, 5, 2, 5, 5, 5, 5, 2, 2, 0, 5, 2, 1, 2, 5, 0, 0, 2, 5, 2, 0]","[0.9213298, 0.9153876, 0.9072064, 0.89726496, 0.8940809, 0.89171416, 0.88430005, 0.8831811, 0.8718279, 0.8589475, 0.8496595, 0.84513223, 0.83018667, 0.8271078, 0.8180437, 0.8112458, 0.80435264, 0.7173369, 0.70094687, 0.65262514, 0.64212006, 0.62720394, 0.5995921, 0.5820815, 0.5711987, 0.5101972, 0.45047352, 0.34659854, 0.3397198, 0.31481057, 0.30453026, 0.2782224, 0.27527523]","[[416.69, 263.48, 83.09, 75.68], [86.62, 188.02, 136.88, 131.16], [176.71, 299.43, 78.42, 68.86], [222.12, 133.94, 74.24, 85.93], [574.08, 161.32, 65.61, 75.23], [317.31, 309.34, 76.45, 60.88], [266.96, 217.39, 58.57, 49.92], [406.61, 194.12, 82.0, 88.6], [307.45, 141.21, 71.17, 77.6], [1, 256.24, 17.58, 55.25], [297.63, 253.51, 75.83, 66.84], [582.96, 122.76, 40.9, 35.82], [329.72, 200.44, 50.49, 40.92], [363.28, 118.68, 61.45, 73.82], [503.5, 137.53, 37.9, 27.82], [294.8, 102.09, 45.57, 61.35], [593.84, 80.76, 38.36, 41.31], [338.44, 91.78, 47.21, 50.86], [448.55, 72.88, 31.72, 38.55], [306.11, 229.43, 67.75, 41.46], [626.6, 131.33, 13.09, 34.27], [530.68, 154.5, 18.62, 38.86], [570.55, 70.8, 39.57, 41.8], [407.98, 173.46, 46.95, 37.1], [466.26, 173.28, 40.21, 25.15], [520.0, 115.0, 29.18, 21.53], [323.08, 71.58, 27.6, 29.5], [66.69, 210.73, 14.3, 36.71], [109.91, 239.31, 33.68, 35.91], [527.7, 97.93, 25.27, 16.23], [357.75, 71.06, 27.06, 18.86], [419.8, 140.29, 32.53, 37.08], [111.56, 168.29, 16.79, 33.65]]"
1896,/home/pi/sambashare/BacArbeit/cocoval2017/000000512403.jpg,3.1975931189999756,"['75: vase', '73: book', '58: potted plant', '77: teddy bear']","[75, 73, 58, 77]","[0.95311564, 0.38628548, 0.3344179, 0.3218]","[[355.21, 359.18, 173.17, 241.37], [177.12, 367.76, 167.9, 207.14], [233.06, 120.39, 295.94, 494.82], [3.2, 2.26, 242.23, 637.74]]"
1897,/home/pi/sambashare/BacArbeit/cocoval2017/000000135604.jpg,3.177265860999796,"['32: sports ball', '0: person']","[32, 0]","[0.921014, 0.9124997]","[[424.04, 283.08, 41.09, 36.96], [456.43, 43.32, 97.84, 290.72]]"
1898,/home/pi/sambashare/BacArbeit/cocoval2017/000000365387.jpg,3.176310175999788,['61: toilet'],[61],[0.26091313],"[[270.27, 114.22, 101.27, 100.64]]"
1899,/home/pi/sambashare/BacArbeit/cocoval2017/000000011760.jpg,3.1854637159995036,"['22: zebra', '22: zebra', '22: zebra']","[22, 22, 22]","[0.921753, 0.9205852, 0.89118356]","[[39.9, 100.28, 172.95, 287.83], [455.75, 96.33, 151.34, 313.89], [265.82, 102.47, 119.88, 292.54]]"
1900,/home/pi/sambashare/BacArbeit/cocoval2017/000000085195.jpg,3.204114213000139,"['42: fork', '55: cake']","[42, 55]","[0.93781596, 0.71715754]","[[251.99, 237.29, 388.01, 118.08], [260.3, 102.62, 221.34, 208.29]]"
1901,/home/pi/sambashare/BacArbeit/cocoval2017/000000111179.jpg,3.1826948289999564,"['74: clock', '74: clock']","[74, 74]","[0.8944218, 0.71857405]","[[228.55, 152.78, 69.1, 70.73], [175.01, 189.04, 26.48, 48.1]]"
1902,/home/pi/sambashare/BacArbeit/cocoval2017/000000323828.jpg,3.1822880979998445,['6: train'],[6],[0.48907122],"[[136.83, 67.39, 164.22, 502.4]]"
1903,/home/pi/sambashare/BacArbeit/cocoval2017/000000289960.jpg,3.1776984069992977,"['0: person', '33: kite']","[0, 33]","[0.9364759, 0.87907255]","[[440.82, 290.37, 50.53, 105.56], [44.92, 83.64, 190.04, 116.95]]"
1904,/home/pi/sambashare/BacArbeit/cocoval2017/000000444879.jpg,3.1863551599999482,['6: train'],[6],[0.92770106],"[[190.69, 182.24, 238.65, 179.18]]"
1905,/home/pi/sambashare/BacArbeit/cocoval2017/000000552775.jpg,3.179442624999865,"['44: spoon', '69: oven', '0: person', '45: bowl', '39: bottle']","[44, 69, 0, 45, 39]","[0.78965425, 0.4024282, 0.36619014, 0.28407004, 0.26160294]","[[250.82, 178.46, 18.28, 48.65], [16.2, 174.4, 358.1, 322.67], [1, 134.18, 93.67, 202.61], [245.12, 195.44, 93.52, 85.85], [142.03, 57.24, 29.33, 62.45]]"
1906,/home/pi/sambashare/BacArbeit/cocoval2017/000000396518.jpg,3.185056832000555,"['0: person', '36: skateboard', '34: baseball bat']","[0, 36, 34]","[0.88991123, 0.67888844, 0.2805089]","[[310.1, 89.59, 141.34, 199.44], [369.61, 246.22, 130.08, 80.94], [316.77, 62.59, 10.3, 42.21]]"
1907,/home/pi/sambashare/BacArbeit/cocoval2017/000000218362.jpg,3.1833529810000982,"['74: clock', '74: clock', '74: clock', '74: clock', '67: cell phone', '74: clock', '41: cup', '62: tv', '67: cell phone']","[74, 74, 74, 74, 67, 74, 41, 62, 67]","[0.87527245, 0.86708796, 0.86706316, 0.8652768, 0.830231, 0.82474875, 0.3115543, 0.30272597, 0.27073258]","[[415.36, 52.91, 73.25, 94.19], [277.92, 2.24, 108.29, 114.33], [93.02, 1, 156.36, 74.92], [496.95, 83.58, 53.5, 83.25], [170.0, 269.64, 184.78, 156.36], [561.45, 105.51, 77.79, 111.11], [496.3, 405.55, 51.13, 20.3], [536.21, 208.07, 103.03, 217.25], [2.44, 21.21, 174.34, 402.83]]"
1908,/home/pi/sambashare/BacArbeit/cocoval2017/000000225946.jpg,3.1808881199995085,"['6: train', '11: stop sign']","[6, 11]","[0.93349504, 0.36995366]","[[181.54, 159.08, 324.26, 112.93], [67.74, 206.35, 32.07, 51.07]]"
1909,/home/pi/sambashare/BacArbeit/cocoval2017/000000383621.jpg,3.1806462109998392,['4: airplane'],[4],[0.9309896],"[[36.24, 208.73, 411.74, 89.17]]"
1910,/home/pi/sambashare/BacArbeit/cocoval2017/000000210099.jpg,3.1769084059997112,"['15: cat', '56: chair']","[15, 56]","[0.74057084, 0.73453903]","[[157.1, 79.41, 151.05, 362.06], [15.7, 76.0, 620.4, 462.0]]"
1911,/home/pi/sambashare/BacArbeit/cocoval2017/000000376112.jpg,3.1844168520001404,"['0: person', '0: person', '0: person', '24: backpack', '30: skis', '0: person', '0: person', '30: skis', '0: person', '0: person', '24: backpack', '0: person', '0: person']","[0, 0, 0, 24, 30, 0, 0, 30, 0, 0, 24, 0, 0]","[0.9179035, 0.8931633, 0.856682, 0.8029103, 0.7199631, 0.6566295, 0.634825, 0.5835268, 0.44602904, 0.37687057, 0.3282086, 0.31197566, 0.2605958]","[[107.96, 187.42, 131.34, 357.12], [324.87, 289.91, 61.86, 170.84], [194.11, 201.99, 64.55, 278.48], [348.4, 318.3, 25.68, 51.26], [83.92, 454.56, 260.56, 163.22], [263.58, 208.74, 24.07, 56.62], [242.76, 242.82, 33.62, 76.05], [315.0, 426.62, 80.85, 48.16], [287.61, 201.25, 13.46, 43.05], [311.96, 216.16, 22.21, 63.78], [158.66, 252.15, 63.14, 123.14], [359.8, 224.05, 10.75, 29.43], [332.66, 210.16, 11.2, 48.91]]"
1912,/home/pi/sambashare/BacArbeit/cocoval2017/000000267933.jpg,3.172511572000076,"['17: horse', '17: horse', '17: horse', '19: cow', '19: cow', '17: horse', '17: horse', '17: horse', '17: horse', '17: horse', '17: horse', '17: horse', '17: horse']","[17, 17, 17, 19, 19, 17, 17, 17, 17, 17, 17, 17, 17]","[0.88947594, 0.8781556, 0.8247641, 0.8240951, 0.802098, 0.7928344, 0.7849325, 0.78440005, 0.74857724, 0.6582617, 0.5633287, 0.5184751, 0.35860643]","[[418.94, 91.15, 41.81, 26.63], [212.24, 89.81, 47.04, 24.42], [315.69, 91.69, 41.01, 25.41], [1, 90.3, 42.64, 25.68], [57.07, 90.66, 39.89, 24.39], [155.12, 89.74, 44.56, 25.01], [94.28, 90.82, 45.02, 24.6], [356.01, 86.44, 21.88, 30.0], [268.29, 89.93, 42.35, 25.08], [479.44, 94.48, 20.4, 24.63], [131.16, 89.14, 28.64, 23.97], [250.38, 90.76, 26.62, 21.8], [292.88, 90.33, 28.69, 24.4]]"
1913,/home/pi/sambashare/BacArbeit/cocoval2017/000000324818.jpg,3.176890951000132,"['14: bird', '14: bird']","[14, 14]","[0.9141922, 0.8286467]","[[389.96, 129.53, 132.92, 269.27], [192.04, 110.1, 181.69, 314.28]]"
1914,/home/pi/sambashare/BacArbeit/cocoval2017/000000512194.jpg,3.1785752739997406,"['75: vase', '14: bird', '58: potted plant']","[75, 14, 58]","[0.95211345, 0.43710884, 0.36952043]","[[311.36, 294.79, 223.28, 180.42], [140.57, 241.57, 29.55, 61.82], [142.99, 5.34, 473.23, 470.0]]"
1915,/home/pi/sambashare/BacArbeit/cocoval2017/000000422670.jpg,3.193322125999657,"['27: tie', '0: person', '27: tie']","[27, 0, 27]","[0.611074, 0.5510248, 0.4942461]","[[204.91, 248.08, 258.68, 178.32], [15.14, 35.75, 621.03, 391.25], [83.96, 246.45, 131.41, 180.01]]"
1916,/home/pi/sambashare/BacArbeit/cocoval2017/000000378515.jpg,3.1812333429998034,"['0: person', '0: person', '1: bicycle', '0: person', '0: person', '0: person', '0: person', '0: person', '0: person', '0: person', '0: person', '46: banana']","[0, 0, 1, 0, 0, 0, 0, 0, 0, 0, 0, 46]","[0.9165838, 0.89867264, 0.7885277, 0.7698555, 0.7203088, 0.7062795, 0.63644916, 0.6059204, 0.5135459, 0.41608298, 0.26587033, 0.25638542]","[[240.63, 231.17, 152.36, 189.59], [263.45, 41.75, 91.92, 225.04], [346.82, 94.29, 60.1, 76.27], [109.92, 148.17, 106.91, 135.89], [175.91, 25.83, 55.04, 124.33], [71.6, 38.91, 37.64, 113.72], [48.97, 38.95, 33.78, 72.55], [105.16, 31.75, 26.8, 61.18], [400.64, 177.05, 24.14, 120.28], [160.46, 42.88, 23.59, 68.45], [271.94, 24.15, 42.77, 113.19], [169.15, 541.96, 93.79, 97.64]]"
1917,/home/pi/sambashare/BacArbeit/cocoval2017/000000094185.jpg,3.187509700999726,"['77: teddy bear', '0: person', '77: teddy bear', '77: teddy bear', '77: teddy bear']","[77, 0, 77, 77, 77]","[0.9329054, 0.896181, 0.63522977, 0.5711339, 0.44788516]","[[232.66, 226.93, 146.23, 252.62], [1, 253.63, 23.62, 108.71], [165.76, 240.91, 60.02, 87.93], [420.2, 271.98, 36.33, 70.81], [147.61, 305.45, 29.32, 42.25]]"
1918,/home/pi/sambashare/BacArbeit/cocoval2017/000000203317.jpg,3.182507280000209,['1: bicycle'],[1],[0.9550718],"[[212.74, 211.04, 256.87, 206.59]]"
1919,/home/pi/sambashare/BacArbeit/cocoval2017/000000406417.jpg,3.1916967630004365,"['0: person', '0: person', '0: person', '27: tie', '29: frisbee']","[0, 0, 0, 27, 29]","[0.9548164, 0.941119, 0.9404317, 0.91584826, 0.6864301]","[[12.07, 293.71, 134.14, 345.22], [374.72, 268.58, 139.62, 370.01], [163.95, 252.14, 185.53, 386.9], [218.67, 318.86, 47.81, 103.06], [448.02, 277.36, 76.76, 62.2]]"
1920,/home/pi/sambashare/BacArbeit/cocoval2017/000000560911.jpg,3.179279642000438,"['0: person', '67: cell phone', '73: book']","[0, 67, 73]","[0.6222817, 0.48169616, 0.41296345]","[[107.24, 33.44, 255.95, 567.17], [227.47, 125.27, 24.53, 34.06], [1, 468.81, 155.74, 168.93]]"
1921,/home/pi/sambashare/BacArbeit/cocoval2017/000000017182.jpg,3.1847162329995626,"['56: chair', '56: chair', '39: bottle']","[56, 56, 39]","[0.8478167, 0.6344134, 0.5424155]","[[185.13, 232.96, 57.29, 59.38], [561.97, 260.14, 77.41, 166.82], [471.74, 249.07, 23.23, 26.41]]"
1922,/home/pi/sambashare/BacArbeit/cocoval2017/000000354307.jpg,3.1838891699999294,['16: dog'],[16],[0.5811821],"[[2.52, 16.59, 484.85, 354.5]]"
1923,/home/pi/sambashare/BacArbeit/cocoval2017/000000543581.jpg,3.1838374660001136,"['16: dog', '62: tv', '57: couch', '63: laptop', '16: dog', '39: bottle', '73: book', '73: book', '73: book', '73: book']","[16, 62, 57, 63, 16, 39, 73, 73, 73, 73]","[0.9140514, 0.90205246, 0.82687706, 0.78754467, 0.46470794, 0.3186886, 0.2960943, 0.28225374, 0.27072155, 0.2660922]","[[487.24, 317.46, 146.99, 84.89], [1, 105.56, 102.02, 95.77], [248.64, 125.27, 293.7, 240.02], [179.07, 183.17, 83.8, 68.36], [256.21, 135.21, 97.16, 91.4], [382.87, 341.77, 33.22, 59.74], [256.83, 111.18, 20.67, 16.71], [259.99, 129.84, 14.48, 15.84], [257.92, 148.11, 19.32, 16.14], [220.76, 124.71, 11.99, 15.7]]"
1924,/home/pi/sambashare/BacArbeit/cocoval2017/000000347265.jpg,3.16586506800013,"['0: person', '30: skis']","[0, 30]","[0.9248752, 0.6038714]","[[185.31, 328.11, 68.63, 144.17], [191.74, 456.88, 66.36, 24.43]]"
1925,/home/pi/sambashare/BacArbeit/cocoval2017/000000113867.jpg,3.1741027710004346,['74: clock'],[74],[0.8043198],"[[326.56, 107.72, 47.41, 25.56]]"
1926,/home/pi/sambashare/BacArbeit/cocoval2017/000000211120.jpg,3.184013113999754,"['77: teddy bear', '77: teddy bear', '77: teddy bear', '29: frisbee', '45: bowl', '7: truck', '41: cup', '0: person']","[77, 77, 77, 29, 45, 7, 41, 0]","[0.87552536, 0.78717, 0.7628355, 0.627398, 0.44651127, 0.34519196, 0.3280775, 0.30734426]","[[217.0, 47.09, 154.83, 215.26], [392.37, 42.18, 180.06, 222.54], [27.97, 59.58, 156.84, 192.82], [78.66, 264.37, 64.0, 38.02], [421.1, 274.1, 67.52, 43.93], [8.54, 1, 629.7, 143.56], [471.52, 232.96, 55.72, 38.58], [1, 220.87, 24.0, 34.9]]"
1927,/home/pi/sambashare/BacArbeit/cocoval2017/000000255401.jpg,3.179450880999866,"['61: toilet', '61: toilet', '71: sink', '71: sink', '39: bottle']","[61, 61, 71, 71, 39]","[0.90357596, 0.8579867, 0.7510378, 0.5747242, 0.27371556]","[[33.03, 33.28, 106.43, 238.24], [190.67, 126.71, 93.94, 162.79], [308.89, 160.53, 106.72, 193.66], [1, 233.82, 88.37, 195.29], [387.48, 407.48, 28.2, 45.79]]"
1928,/home/pi/sambashare/BacArbeit/cocoval2017/000000347163.jpg,3.1913053710004533,['11: stop sign'],[11],[0.9443996],"[[68.3, 42.45, 322.3, 315.36]]"
1929,/home/pi/sambashare/BacArbeit/cocoval2017/000000027972.jpg,3.1827590440007043,"['37: surfboard', '0: person']","[37, 0]","[0.912538, 0.90821546]","[[293.96, 158.76, 217.84, 88.51], [359.04, 87.39, 144.34, 154.31]]"
1930,/home/pi/sambashare/BacArbeit/cocoval2017/000000266400.jpg,3.1786175370007186,"['0: person', '1: bicycle', '3: motorcycle', '0: person', '3: motorcycle', '1: bicycle', '3: motorcycle', '3: motorcycle', '1: bicycle']","[0, 1, 3, 0, 3, 1, 3, 3, 1]","[0.75531113, 0.7417796, 0.68494004, 0.519798, 0.44634706, 0.37539136, 0.3607673, 0.29560938, 0.27531147]","[[32.06, 1, 43.08, 60.49], [69.39, 1, 49.98, 94.96], [80.88, 51.96, 555.52, 342.33], [1, 2.42, 12.73, 132.13], [128.34, 2.03, 178.53, 83.18], [129.47, 1, 106.34, 55.0], [117.83, 6.04, 355.7, 203.83], [122.5, 35.58, 246.8, 110.6], [139.5, 1, 78.96, 27.62]]"
1931,/home/pi/sambashare/BacArbeit/cocoval2017/000000293858.jpg,3.18737093099935,"['41: cup', '39: bottle', '0: person', '48: sandwich', '56: chair', '56: chair', '45: bowl', '60: dining table', '56: chair', '60: dining table', '60: dining table', '0: person']","[41, 39, 0, 48, 56, 56, 45, 60, 56, 60, 60, 0]","[0.9147659, 0.8632238, 0.7256329, 0.72553015, 0.72242934, 0.59734666, 0.39424402, 0.3897513, 0.37174675, 0.32145217, 0.28266183, 0.26481637]","[[322.34, 82.27, 81.84, 124.23], [385.38, 19.37, 106.83, 253.24], [241.27, 1, 256.89, 139.44], [92.46, 201.23, 366.5, 209.75], [224.71, 1, 71.03, 142.04], [57.65, 2.93, 134.13, 186.76], [479.18, 340.67, 20.57, 109.55], [138.89, 1, 110.36, 112.71], [58.59, 1, 48.57, 71.93], [138.45, 1, 110.31, 40.81], [1, 80.68, 499, 366.78], [1, 1, 25.95, 194.2]]"
1932,/home/pi/sambashare/BacArbeit/cocoval2017/000000130699.jpg,3.1837999450008283,"['0: person', '0: person', '0: person', '0: person', '0: person', '2: car', '2: car', '2: car', '29: frisbee', '0: person', '2: car', '0: person', '2: car']","[0, 0, 0, 0, 0, 2, 2, 2, 29, 0, 2, 0, 2]","[0.91645044, 0.893446, 0.8910302, 0.88167566, 0.87179893, 0.74249387, 0.6022255, 0.49551004, 0.4411409, 0.33730897, 0.33099243, 0.32835144, 0.25453657]","[[261.91, 231.23, 37.54, 87.4], [363.84, 236.41, 51.78, 90.13], [81.42, 229.44, 36.25, 82.08], [601.91, 251.09, 37.84, 140.33], [465.44, 227.96, 52.17, 112.01], [567.66, 231.86, 70.76, 42.36], [1, 246.01, 57.98, 41.65], [441.97, 237.14, 100.35, 57.15], [371.23, 121.21, 29.13, 9.15], [494.31, 52.82, 15.12, 19.19], [1.69, 228.26, 132.85, 59.31], [495.69, 226.72, 24.59, 47.71], [508.41, 243.26, 32.97, 50.98]]"
1933,/home/pi/sambashare/BacArbeit/cocoval2017/000000214869.jpg,3.1907003989999794,"['67: cell phone', '0: person', '67: cell phone']","[67, 0, 67]","[0.6006891, 0.52759105, 0.31673172]","[[177.09, 233.07, 237.69, 246.83], [1, 3.04, 635.15, 472.35], [254.21, 245.73, 141.16, 166.89]]"
1934,/home/pi/sambashare/BacArbeit/cocoval2017/000000579091.jpg,3.1875559740001336,"['50: broccoli', '50: broccoli']","[50, 50]","[0.4524867, 0.25212875]","[[469.3, 265.97, 170.7, 120.72], [219.93, 49.56, 146.31, 130.4]]"
1935,/home/pi/sambashare/BacArbeit/cocoval2017/000000082821.jpg,3.1848342740004227,"['8: boat', '8: boat', '8: boat', '7: truck', '0: person', '0: person', '8: boat', '8: boat', '8: boat', '8: boat', '8: boat', '8: boat', '8: boat', '8: boat', '8: boat', '8: boat', '8: boat', '8: boat', '0: person', '1: bicycle']","[8, 8, 8, 7, 0, 0, 8, 8, 8, 8, 8, 8, 8, 8, 8, 8, 8, 8, 0, 1]","[0.8139238, 0.7713452, 0.74083495, 0.66196257, 0.66018295, 0.65688497, 0.6400418, 0.57067895, 0.56231296, 0.53040314, 0.479447, 0.4755123, 0.39536288, 0.3582797, 0.32977512, 0.3136856, 0.31243026, 0.31010416, 0.28651547, 0.2682188]","[[100.76, 278.67, 84.4, 42.19], [374.83, 237.77, 68.88, 29.21], [1, 286.8, 69.03, 39.4], [10.26, 109.69, 69.19, 24.23], [581.51, 138.57, 9.88, 23.26], [480.8, 147.61, 6.06, 20.04], [430.45, 232.79, 57.62, 28.14], [466.05, 230.78, 45.32, 23.35], [52.15, 280.74, 68.16, 39.6], [491.65, 228.11, 58.51, 22.11], [561.44, 218.83, 68.39, 14.9], [540.58, 222.63, 62.39, 19.7], [521.99, 227.07, 48.34, 17.93], [609.17, 208.48, 30.48, 12.57], [598.7, 213.0, 40.83, 15.58], [1, 239.17, 83.46, 18.11], [1, 304.04, 10.88, 24.4], [479.7, 231.79, 49.76, 20.2], [598.49, 130.33, 6.97, 11.57], [565.43, 142.48, 11.86, 19.19]]"
1936,/home/pi/sambashare/BacArbeit/cocoval2017/000000071226.jpg,3.190097742999569,"['16: dog', '15: cat', '16: dog', '63: laptop', '59: bed', '73: book', '28: suitcase']","[16, 15, 16, 63, 59, 73, 28]","[0.88453543, 0.8839844, 0.8692949, 0.36292163, 0.33778918, 0.28208587, 0.26672465]","[[187.0, 148.14, 338.75, 263.4], [311.59, 57.88, 169.72, 73.23], [71.72, 55.54, 157.07, 162.52], [596.56, 65.63, 43.18, 96.83], [1.61, 24.88, 634.93, 392.02], [40.69, 225.87, 79.09, 81.65], [1, 41.69, 88.49, 220.61]]"
1937,/home/pi/sambashare/BacArbeit/cocoval2017/000000080274.jpg,3.1826529429999937,['20: elephant'],[20],[0.91305274],"[[67.81, 127.53, 427.89, 264.58]]"
1938,/home/pi/sambashare/BacArbeit/cocoval2017/000000244099.jpg,3.1983008289998907,"['17: horse', '0: person']","[17, 0]","[0.9272494, 0.8681734]","[[148.56, 129.36, 115.78, 88.25], [184.12, 99.74, 45.65, 78.35]]"
1939,/home/pi/sambashare/BacArbeit/cocoval2017/000000541664.jpg,3.192073332000291,"['65: remote', '65: remote', '66: keyboard']","[65, 65, 66]","[0.53506047, 0.36542547, 0.31905034]","[[1, 258.92, 46.2, 116.06], [1, 195.93, 122.92, 128.1], [93.76, 91.97, 397.13, 207.35]]"
1940,/home/pi/sambashare/BacArbeit/cocoval2017/000000262487.jpg,3.1814819789997273,"['0: person', '34: baseball bat', '0: person', '32: sports ball']","[0, 34, 0, 32]","[0.8899992, 0.84775615, 0.67421716, 0.54036623]","[[134.96, 111.1, 109.14, 254.73], [222.88, 94.81, 44.28, 98.61], [208.21, 276.39, 210.43, 196.87], [373.75, 49.09, 22.16, 20.88]]"
1941,/home/pi/sambashare/BacArbeit/cocoval2017/000000464144.jpg,3.173747200999969,"['0: person', '30: skis']","[0, 30]","[0.9363775, 0.8197072]","[[55.08, 181.02, 258.08, 395.57], [6.07, 528.3, 294.18, 86.69]]"
1942,/home/pi/sambashare/BacArbeit/cocoval2017/000000302536.jpg,3.177226779999728,"['0: person', '65: remote', '0: person', '56: chair', '0: person']","[0, 65, 0, 56, 0]","[0.9281291, 0.6631064, 0.65604854, 0.545805, 0.25970697]","[[116.57, 34.15, 189.48, 339.87], [281.39, 189.45, 20.35, 14.93], [1, 305.41, 70.6, 69.19], [41.06, 184.78, 90.21, 110.0], [1, 133.7, 15.16, 63.81]]"
1943,/home/pi/sambashare/BacArbeit/cocoval2017/000000409211.jpg,3.1938615569997637,"['38: tennis racket', '0: person', '0: person', '0: person', '32: sports ball', '0: person', '0: person', '0: person', '56: chair', '56: chair', '0: person', '56: chair', '0: person', '0: person', '32: sports ball']","[38, 0, 0, 0, 32, 0, 0, 0, 56, 56, 0, 56, 0, 0, 32]","[0.8662814, 0.851124, 0.80576867, 0.7751794, 0.7169184, 0.6251462, 0.6157405, 0.6140475, 0.43615642, 0.42882133, 0.38786525, 0.36058578, 0.3309146, 0.31530902, 0.30698705]","[[329.19, 6.91, 118.45, 77.22], [364.71, 143.39, 48.6, 162.58], [266.46, 4.01, 119.14, 420.6], [31.59, 132.26, 89.39, 95.47], [175.4, 139.27, 19.17, 18.21], [1, 163.23, 46.86, 63.89], [136.6, 144.33, 53.03, 74.98], [70.38, 1, 70.34, 97.69], [229.92, 29.88, 49.37, 69.43], [176.3, 21.92, 46.18, 55.14], [6.62, 1, 64.3, 94.78], [235.8, 30.2, 44.27, 20.48], [101.69, 160.87, 39.94, 57.94], [55.21, 1, 40.16, 44.25], [255.44, 205.53, 28.94, 10.39]]"
1944,/home/pi/sambashare/BacArbeit/cocoval2017/000000537355.jpg,3.1713374359997033,"['10: fire hydrant', '13: bench']","[10, 13]","[0.88385016, 0.40940154]","[[262.97, 277.72, 23.86, 54.56], [209.11, 230.33, 36.47, 20.57]]"
1945,/home/pi/sambashare/BacArbeit/cocoval2017/000000421757.jpg,3.1862827999993897,"['8: boat', '8: boat', '0: person']","[8, 8, 0]","[0.88745934, 0.7866955, 0.31604612]","[[287.11, 158.56, 210.07, 98.07], [22.58, 122.65, 261.83, 145.95], [458.02, 218.04, 8.15, 12.64]]"
1946,/home/pi/sambashare/BacArbeit/cocoval2017/000000561958.jpg,3.1914533819999633,"['0: person', '0: person', '0: person', '0: person', '0: person', '0: person', '0: person', '0: person', '0: person', '0: person', '0: person', '0: person', '0: person', '0: person', '30: skis', '30: skis', '0: person', '0: person', '30: skis', '30: skis', '0: person', '0: person', '0: person']","[0, 0, 0, 0, 0, 0, 0, 0, 0, 0, 0, 0, 0, 0, 30, 30, 0, 0, 30, 30, 0, 0, 0]","[0.902223, 0.8704977, 0.84257036, 0.82692564, 0.80439335, 0.7988875, 0.7372522, 0.7276223, 0.7094807, 0.6369795, 0.61913085, 0.5644074, 0.55298346, 0.545662, 0.51974875, 0.4935713, 0.3820343, 0.37979874, 0.32972845, 0.31945375, 0.29090822, 0.27110595, 0.26073152]","[[364.03, 218.64, 82.88, 198.04], [277.29, 228.94, 58.82, 100.18], [319.2, 189.99, 71.58, 134.44], [234.37, 173.39, 40.14, 119.13], [127.85, 178.01, 22.91, 70.05], [567.66, 184.25, 27.52, 66.0], [619.55, 184.26, 20.33, 86.43], [169.65, 181.01, 26.34, 64.76], [532.48, 187.2, 25.01, 62.53], [147.6, 181.18, 21.51, 63.78], [270.64, 183.04, 25.03, 60.25], [492.08, 189.08, 23.94, 65.09], [102.62, 178.77, 28.03, 68.15], [445.72, 172.78, 39.29, 116.24], [325.68, 137.67, 59.37, 88.55], [196.51, 176.9, 37.66, 112.52], [1, 175.67, 18.04, 51.27], [288.58, 170.9, 25.0, 62.85], [298.04, 320.82, 19.49, 11.63], [417.04, 182.98, 55.34, 95.2], [310.84, 174.13, 26.33, 58.26], [521.77, 188.53, 23.53, 59.75], [90.29, 177.25, 13.08, 39.72]]"
1947,/home/pi/sambashare/BacArbeit/cocoval2017/000000411938.jpg,3.1845979299996543,"['77: teddy bear', '2: car', '0: person', '0: person', '0: person', '3: motorcycle', '0: person', '0: person', '1: bicycle', '26: handbag', '0: person', '0: person', '0: person', '1: bicycle', '0: person', '41: cup']","[77, 2, 0, 0, 0, 3, 0, 0, 1, 26, 0, 0, 0, 1, 0, 41]","[0.89129114, 0.83287096, 0.8066788, 0.7467786, 0.7260985, 0.6962912, 0.6606767, 0.6569041, 0.6311144, 0.5747067, 0.4836604, 0.44806927, 0.43291292, 0.3621832, 0.29580173, 0.2699514]","[[242.66, 195.88, 128.88, 155.97], [95.08, 175.87, 24.0, 14.05], [388.73, 144.17, 136.54, 228.25], [362.72, 161.17, 43.6, 84.85], [1, 292.83, 38.75, 133.24], [596.75, 192.87, 42.61, 35.3], [151.56, 133.39, 93.14, 185.1], [165.31, 276.61, 97.67, 150.12], [289.58, 281.57, 144.6, 144.89], [148.1, 169.14, 66.19, 106.22], [300.6, 156.19, 121.53, 145.95], [64.18, 175.36, 7.75, 13.08], [30.83, 241.07, 158.75, 185.08], [426.16, 285.36, 181.2, 141.59], [619.14, 179.02, 18.06, 40.24], [116.37, 223.92, 32.13, 53.58]]"
1948,/home/pi/sambashare/BacArbeit/cocoval2017/000000019221.jpg,3.175699579999673,"['50: broccoli', '49: orange']","[50, 49]","[0.6933247, 0.27542454]","[[90.66, 124.38, 356.04, 344.22], [441.91, 350.04, 104.0, 108.72]]"
1949,/home/pi/sambashare/BacArbeit/cocoval2017/000000147223.jpg,3.19017770299979,"['5: bus', '2: car', '2: car', '2: car', '2: car', '2: car']","[5, 2, 2, 2, 2, 2]","[0.93604285, 0.9177411, 0.89862967, 0.8487393, 0.51297265, 0.36523926]","[[150.5, 54.22, 407.58, 273.63], [1, 150.89, 155.9, 141.74], [43.16, 139.58, 112.17, 70.11], [598.81, 98.77, 40.84, 20.18], [581.28, 104.2, 13.27, 25.77], [547.49, 103.26, 46.6, 28.24]]"
1950,/home/pi/sambashare/BacArbeit/cocoval2017/000000325838.jpg,3.184185950999563,"['63: laptop', '63: laptop', '56: chair', '66: keyboard', '64: mouse', '56: chair', '0: person', '56: chair', '56: chair', '56: chair', '60: dining table', '66: keyboard', '60: dining table']","[63, 63, 56, 66, 64, 56, 0, 56, 56, 56, 60, 66, 60]","[0.9346519, 0.8823318, 0.8278724, 0.8181692, 0.7909405, 0.77592474, 0.7685462, 0.5676444, 0.5573948, 0.45378935, 0.32798046, 0.29015744, 0.2692253]","[[371.81, 200.72, 193.74, 132.57], [44.8, 220.56, 188.24, 202.99], [13.89, 4.33, 124.52, 161.33], [297.54, 268.34, 92.96, 54.99], [312.79, 341.21, 36.6, 33.19], [504.25, 1.06, 135.22, 184.5], [192.6, 61.55, 181.08, 313.13], [1, 192.37, 31.92, 197.72], [441.71, 91.56, 164.15, 136.27], [159.28, 139.29, 66.75, 173.22], [2.25, 364.31, 328.87, 115.2], [411.58, 254.5, 69.05, 64.98], [1, 1, 120.46, 37.53]]"
1951,/home/pi/sambashare/BacArbeit/cocoval2017/000000342367.jpg,3.1851842930000203,"['0: person', '0: person', '63: laptop', '0: person']","[0, 0, 63, 0]","[0.8618497, 0.82963455, 0.79956967, 0.7274482]","[[317.47, 332.64, 148.46, 146.37], [410.5, 277.25, 138.61, 149.92], [293.46, 318.98, 76.33, 76.43], [187.6, 127.37, 157.46, 264.0]]"
1952,/home/pi/sambashare/BacArbeit/cocoval2017/000000176701.jpg,3.1866847600003894,[],[],[],[]
1953,/home/pi/sambashare/BacArbeit/cocoval2017/000000335177.jpg,3.191122928999903,"['7: truck', '11: stop sign', '2: car']","[7, 11, 2]","[0.91785794, 0.8886762, 0.8836664]","[[187.09, 302.56, 122.44, 39.29], [339.01, 239.77, 33.56, 34.72], [552.74, 296.0, 60.41, 21.08]]"
1954,/home/pi/sambashare/BacArbeit/cocoval2017/000000167902.jpg,3.188468362000094,['14: bird'],[14],[0.5502926],"[[103.43, 56.45, 237.4, 286.49]]"
1955,/home/pi/sambashare/BacArbeit/cocoval2017/000000252776.jpg,3.1922185339999487,"['0: person', '0: person', '0: person', '56: chair', '0: person', '0: person', '0: person', '0: person']","[0, 0, 0, 56, 0, 0, 0, 0]","[0.9371906, 0.91999555, 0.6152387, 0.47732177, 0.38232195, 0.3586559, 0.3195881, 0.25319263]","[[1, 134.7, 83.61, 477.51], [71.09, 60.45, 288.75, 577.39], [315.4, 1, 88.0, 42.09], [51.47, 353.18, 105.98, 217.63], [39.85, 1, 53.77, 44.02], [1, 1, 48.65, 44.27], [86.61, 1, 61.06, 45.55], [1, 1, 17.1, 44.15]]"
1956,/home/pi/sambashare/BacArbeit/cocoval2017/000000546976.jpg,3.190972375000456,"['0: person', '3: motorcycle']","[0, 3]","[0.7215362, 0.31244934]","[[47.16, 94.84, 380.61, 278.06], [16.82, 250.81, 423.83, 123.65]]"
1957,/home/pi/sambashare/BacArbeit/cocoval2017/000000468965.jpg,3.191261132999898,"['0: person', '0: person', '0: person', '33: kite', '33: kite', '0: person', '0: person', '0: person']","[0, 0, 0, 33, 33, 0, 0, 0]","[0.9488053, 0.89081675, 0.87771755, 0.856971, 0.84102607, 0.78621364, 0.74397904, 0.46608308]","[[223.55, 70.87, 149.17, 408.74], [97.54, 167.36, 80.49, 258.35], [341.86, 176.08, 126.63, 303.26], [335.37, 248.22, 134.94, 75.9], [10.05, 87.95, 106.02, 80.56], [1, 241.36, 36.44, 126.81], [79.59, 183.35, 40.24, 117.51], [620.41, 216.74, 18.81, 195.21]]"
1958,/home/pi/sambashare/BacArbeit/cocoval2017/000000372577.jpg,3.1880637260001095,"['0: person', '0: person', '38: tennis racket']","[0, 0, 38]","[0.94014, 0.917628, 0.85469365]","[[178.8, 113.47, 166.31, 396.01], [169.07, 1, 71.76, 167.72], [229.03, 284.48, 114.69, 46.86]]"
1959,/home/pi/sambashare/BacArbeit/cocoval2017/000000046378.jpg,3.193102313000054,"['16: dog', '0: person', '0: person']","[16, 0, 0]","[0.57799804, 0.42565745, 0.2694411]","[[2.87, 1, 515.49, 359], [1, 332.3, 13.45, 20.82], [597.3, 244.86, 8.13, 9.26]]"
1960,/home/pi/sambashare/BacArbeit/cocoval2017/000000248616.jpg,3.1723478530002467,"['0: person', '0: person', '0: person', '32: sports ball', '38: tennis racket', '38: tennis racket']","[0, 0, 0, 32, 38, 38]","[0.91676164, 0.91578496, 0.91240805, 0.893365, 0.85693514, 0.82944804]","[[1, 72.92, 181.67, 327.14], [186.8, 71.41, 125.42, 307.46], [371.64, 84.2, 211.01, 269.39], [514.62, 251.54, 22.6, 22.32], [462.37, 204.97, 29.87, 52.94], [239.86, 58.52, 65.31, 127.64]]"
1961,/home/pi/sambashare/BacArbeit/cocoval2017/000000173057.jpg,3.1944958589992893,"['74: clock', '0: person', '74: clock', '0: person', '0: person', '0: person', '0: person', '0: person', '0: person', '0: person', '0: person', '0: person', '0: person', '13: bench', '13: bench', '0: person']","[74, 0, 74, 0, 0, 0, 0, 0, 0, 0, 0, 0, 0, 13, 13, 0]","[0.8813765, 0.8712549, 0.8591064, 0.8515719, 0.81914204, 0.8127645, 0.7783367, 0.76385146, 0.7004693, 0.6395495, 0.36312497, 0.33003715, 0.3221193, 0.29919198, 0.29673707, 0.2676124]","[[203.74, 125.25, 46.41, 57.11], [323.79, 581.46, 23.49, 58.19], [274.27, 135.7, 23.97, 55.9], [5.5, 540.37, 32.25, 69.14], [91.9, 540.7, 41.99, 67.07], [173.3, 520.94, 29.3, 63.74], [335.17, 578.48, 24.37, 61.3], [154.28, 526.32, 33.79, 61.04], [251.87, 511.74, 29.07, 29.6], [67.83, 477.57, 16.45, 23.5], [23.28, 483.16, 21.44, 22.04], [45.67, 481.52, 23.51, 20.8], [425.12, 484.79, 12.88, 20.5], [6.44, 553.37, 150.96, 59.21], [23.98, 573.99, 82.99, 39.4], [224.2, 478.52, 14.54, 20.8]]"
1962,/home/pi/sambashare/BacArbeit/cocoval2017/000000221708.jpg,3.1913372580002033,"['72: refrigerator', '56: chair', '56: chair', '56: chair', '60: dining table', '56: chair', '62: tv', '71: sink', '56: chair', '74: clock']","[72, 56, 56, 56, 60, 56, 62, 71, 56, 74]","[0.94457185, 0.9061514, 0.88808596, 0.87343514, 0.61541325, 0.56783015, 0.37806806, 0.29547688, 0.2800057, 0.26001817]","[[133.99, 171.62, 106.71, 180.44], [210.34, 256.41, 75.84, 167.1], [370.13, 267.89, 92.78, 181.39], [273.47, 265.41, 107.75, 206.64], [238.96, 274.43, 199.26, 52.35], [386.65, 247.22, 26.77, 20.24], [425.57, 227.51, 30.1, 35.91], [64.11, 245.22, 70.87, 15.84], [285.51, 254.22, 43.49, 29.48], [326.17, 161.3, 17.98, 25.63]]"
1963,/home/pi/sambashare/BacArbeit/cocoval2017/000000019924.jpg,3.186483560999477,"['0: person', '27: tie']","[0, 27]","[0.89603704, 0.72115594]","[[21.65, 24.63, 398.13, 473.57], [146.39, 297.62, 138.1, 201.95]]"
1964,/home/pi/sambashare/BacArbeit/cocoval2017/000000433243.jpg,3.187834839000061,['22: zebra'],[22],[0.9415676],"[[183.42, 139.05, 300.49, 231.01]]"
1965,/home/pi/sambashare/BacArbeit/cocoval2017/000000327780.jpg,3.188688042000649,"['79: toothbrush', '37: surfboard']","[79, 37]","[0.570827, 0.48176736]","[[233.68, 1, 191.37, 383.97], [489.47, 1.99, 149.05, 475.99]]"
1966,/home/pi/sambashare/BacArbeit/cocoval2017/000000163682.jpg,3.1749158689999604,"['27: tie', '0: person', '56: chair', '60: dining table']","[27, 0, 56, 60]","[0.82068354, 0.75993085, 0.642175, 0.3520667]","[[190.53, 268.72, 58.69, 217.27], [36.36, 122.34, 343.86, 517.66], [10.31, 341.52, 152.21, 296.06], [320.39, 405.62, 106.39, 81.71]]"
1967,/home/pi/sambashare/BacArbeit/cocoval2017/000000341094.jpg,3.194048655000188,"['16: dog', '13: bench']","[16, 13]","[0.62149626, 0.46093512]","[[310.32, 171.95, 59.63, 37.73], [1.44, 33.01, 498.53, 337.51]]"
1968,/home/pi/sambashare/BacArbeit/cocoval2017/000000115946.jpg,3.1825650740001947,"['2: car', '2: car', '2: car', '2: car', '9: traffic light', '58: potted plant', '9: traffic light', '9: traffic light', '9: traffic light', '9: traffic light', '2: car', '2: car', '2: car', '2: car']","[2, 2, 2, 2, 9, 58, 9, 9, 9, 9, 2, 2, 2, 2]","[0.9273773, 0.8637784, 0.8567966, 0.8211856, 0.5632266, 0.5315808, 0.5249403, 0.5189813, 0.47230077, 0.45412806, 0.44639936, 0.41065678, 0.38213477, 0.34198034]","[[121.01, 502.06, 52.06, 41.6], [319.49, 498.58, 29.79, 25.13], [186.4, 503.52, 41.53, 26.09], [162.51, 500.79, 24.57, 35.7], [164.78, 112.8, 60.23, 56.55], [56.22, 500.64, 26.06, 42.04], [196.05, 113.91, 28.61, 53.08], [161.61, 114.95, 29.98, 54.1], [364.15, 461.58, 8.8, 18.97], [179.07, 113.48, 22.8, 53.28], [225.74, 505.03, 11.65, 17.48], [261.14, 503.61, 14.3, 13.95], [239.59, 503.15, 23.26, 16.42], [307.89, 501.65, 13.88, 12.91]]"
1969,/home/pi/sambashare/BacArbeit/cocoval2017/000000513041.jpg,3.179649413000334,"['40: wine glass', '0: person', '53: pizza', '40: wine glass', '41: cup', '0: person', '45: bowl', '40: wine glass', '43: knife', '60: dining table', '0: person']","[40, 0, 53, 40, 41, 0, 45, 40, 43, 60, 0]","[0.9178531, 0.8842444, 0.8813274, 0.8431001, 0.78573406, 0.73783416, 0.7004395, 0.6055213, 0.60359097, 0.47319928, 0.32495642]","[[464.15, 126.24, 174.61, 353.76], [1.33, 1, 369.97, 253.96], [177.16, 212.57, 223.58, 114.89], [1, 162.87, 123.55, 317.13], [491.84, 47.13, 102.21, 85.18], [358.94, 1, 239.29, 158.63], [1, 405.4, 25.14, 74.05], [241.94, 32.24, 92.14, 84.94], [259.04, 179.11, 62.23, 42.28], [5.05, 155.12, 625.28, 322.97], [68.01, 1, 76.28, 43.93]]"
1970,/home/pi/sambashare/BacArbeit/cocoval2017/000000172946.jpg,3.1926566420006566,"['0: person', '0: person', '65: remote', '0: person', '0: person', '0: person', '0: person', '0: person', '0: person', '0: person', '0: person']","[0, 0, 65, 0, 0, 0, 0, 0, 0, 0, 0]","[0.88326466, 0.7292215, 0.64992183, 0.57159066, 0.50197494, 0.45013842, 0.41813093, 0.38066265, 0.33280024, 0.3221487, 0.26080537]","[[318.99, 106.39, 107.74, 447.64], [199.35, 97.18, 167.78, 508.55], [133.8, 398.91, 52.59, 23.66], [1.46, 43.31, 167.42, 592.97], [118.17, 103.48, 119.49, 493.88], [119.13, 110.53, 84.3, 154.23], [278.21, 72.77, 60.32, 134.22], [78.5, 113.11, 73.59, 190.07], [170.29, 104.03, 58.24, 139.1], [311.41, 110.75, 33.6, 68.98], [159.81, 73.4, 59.7, 42.65]]"
1971,/home/pi/sambashare/BacArbeit/cocoval2017/000000488251.jpg,3.189176236000094,"['17: horse', '0: person', '17: horse']","[17, 0, 17]","[0.6635695, 0.60114837, 0.39307112]","[[158.02, 44.82, 310.74, 315.18], [96.95, 187.3, 20.79, 45.33], [332.85, 75.74, 180.9, 280.91]]"
1972,/home/pi/sambashare/BacArbeit/cocoval2017/000000074860.jpg,3.18153970900039,"['31: snowboard', '0: person']","[31, 0]","[0.93558747, 0.8872525]","[[116.44, 305.33, 129.38, 31.29], [149.68, 238.38, 88.34, 76.11]]"
1973,/home/pi/sambashare/BacArbeit/cocoval2017/000000208423.jpg,3.207045711000319,"['2: car', '2: car', '2: car', '2: car', '2: car', '33: kite', '33: kite', '33: kite', '33: kite', '33: kite', '17: horse', '19: cow', '33: kite', '33: kite', '33: kite', '2: car']","[2, 2, 2, 2, 2, 33, 33, 33, 33, 33, 17, 19, 33, 33, 33, 2]","[0.9300456, 0.92993754, 0.9271273, 0.8988874, 0.89106417, 0.8194094, 0.74079424, 0.6404445, 0.5894185, 0.5377143, 0.5039435, 0.46947265, 0.45705834, 0.30676895, 0.25984168, 0.2545419]","[[271.69, 426.84, 74.94, 40.6], [68.95, 438.93, 121.76, 40.95], [186.17, 431.78, 93.25, 47.95], [330.48, 423.16, 57.08, 36.46], [348.33, 451.22, 119.75, 28.59], [296.58, 49.3, 35.13, 41.86], [457.46, 98.23, 28.83, 20.65], [232.08, 153.99, 15.79, 19.55], [376.06, 112.22, 20.4, 19.15], [495.83, 321.75, 25.27, 28.3], [1, 455.47, 35.21, 24.16], [519.48, 468.23, 114.22, 11.58], [311.7, 233.18, 42.4, 54.4], [501.36, 9.67, 41.34, 23.87], [340.92, 234.78, 11.33, 10.38], [252.95, 433.14, 22.39, 13.65]]"
1974,/home/pi/sambashare/BacArbeit/cocoval2017/000000226154.jpg,3.180773262999537,"['5: bus', '3: motorcycle', '0: person', '0: person', '0: person']","[5, 3, 0, 0, 0]","[0.9487836, 0.77954733, 0.75739056, 0.55954397, 0.25222424]","[[147.03, 99.98, 382.69, 279.79], [50.29, 288.99, 80.44, 58.26], [212.49, 171.27, 56.91, 50.29], [69.05, 255.09, 49.26, 75.71], [67.17, 254.79, 32.29, 54.61]]"
1975,/home/pi/sambashare/BacArbeit/cocoval2017/000000308531.jpg,3.181066066999847,"['74: clock', '25: umbrella', '0: person', '2: car']","[74, 25, 0, 2]","[0.8506147, 0.6627429, 0.4762771, 0.4321641]","[[165.86, 106.96, 34.74, 34.19], [1, 1.96, 120.85, 331.72], [54.45, 298.02, 26.01, 32.05], [297.95, 565.29, 60.69, 64.08]]"
1976,/home/pi/sambashare/BacArbeit/cocoval2017/000000454661.jpg,3.1886117220001324,"['2: car', '2: car', '2: car', '9: traffic light', '9: traffic light', '5: bus', '2: car', '9: traffic light', '9: traffic light', '2: car']","[2, 2, 2, 9, 9, 5, 2, 9, 9, 2]","[0.945149, 0.88111657, 0.8329435, 0.8010768, 0.77063555, 0.7236446, 0.6632559, 0.5232609, 0.38558817, 0.2884577]","[[247.6, 183.82, 391.03, 176.44], [1, 184.1, 181.45, 189.88], [147.76, 205.06, 160.81, 126.87], [233.79, 60.61, 36.68, 103.84], [273.08, 40.1, 37.04, 105.46], [248.35, 121.53, 169.4, 101.95], [557.72, 196.41, 81.75, 31.79], [168.62, 115.9, 22.69, 67.82], [59.81, 162.25, 17.76, 24.68], [144.14, 205.23, 163.31, 55.73]]"
1977,/home/pi/sambashare/BacArbeit/cocoval2017/000000012280.jpg,3.1948548840000512,"['28: suitcase', '0: person']","[28, 0]","[0.8572358, 0.8467183]","[[174.96, 312.82, 50.89, 58.99], [141.97, 240.74, 55.05, 130.12]]"
1978,/home/pi/sambashare/BacArbeit/cocoval2017/000000533958.jpg,3.20192634400064,"['42: fork', '55: cake', '56: chair']","[42, 55, 56]","[0.92004955, 0.57952356, 0.2681217]","[[1, 153.87, 139.51, 118.84], [177.89, 46.94, 161.47, 147.73], [515.52, 1, 124.45, 67.98]]"
1979,/home/pi/sambashare/BacArbeit/cocoval2017/000000051738.jpg,3.186184370999399,"['56: chair', '59: bed', '28: suitcase']","[56, 59, 28]","[0.7273621, 0.60011977, 0.52507216]","[[75.82, 163.24, 141.3, 125.04], [107.7, 128.38, 386.71, 245.54], [1, 160.7, 52.85, 122.58]]"
1980,/home/pi/sambashare/BacArbeit/cocoval2017/000000106330.jpg,3.1772651430001133,['77: teddy bear'],[77],[0.8397108],"[[250.98, 21.45, 388.72, 377.14]]"
1981,/home/pi/sambashare/BacArbeit/cocoval2017/000000141671.jpg,3.183589369999936,"['17: horse', '0: person', '17: horse', '3: motorcycle', '1: bicycle', '0: person', '1: bicycle', '0: person', '17: horse', '0: person', '0: person', '0: person', '1: bicycle', '17: horse', '17: horse', '0: person', '0: person', '0: person', '0: person']","[17, 0, 17, 3, 1, 0, 1, 0, 17, 0, 0, 0, 1, 17, 17, 0, 0, 0, 0]","[0.87144315, 0.7168932, 0.7156334, 0.7017985, 0.695961, 0.67800874, 0.6687397, 0.55037844, 0.53409547, 0.52192813, 0.49471197, 0.48044115, 0.46548748, 0.42191082, 0.357146, 0.35364267, 0.33183354, 0.32069728, 0.3138235]","[[178.93, 244.82, 86.76, 49.91], [112.8, 313.66, 22.72, 21.28], [93.3, 284.28, 74.28, 37.18], [316.56, 291.46, 65.97, 32.11], [355.24, 251.65, 57.77, 28.66], [311.82, 268.44, 53.51, 42.75], [243.19, 196.87, 42.63, 21.22], [104.09, 205.57, 24.29, 31.81], [355.66, 209.46, 80.25, 44.73], [146.2, 317.27, 36.28, 17.72], [242.6, 184.5, 24.43, 27.52], [43.61, 186.33, 13.51, 27.19], [102.12, 220.16, 45.81, 22.71], [356.54, 182.6, 59.95, 47.85], [125.43, 285.17, 70.3, 46.58], [17.61, 182.13, 15.48, 32.89], [92.18, 181.12, 22.12, 30.28], [1.85, 182.63, 18.04, 32.92], [363.12, 234.55, 31.2, 36.52]]"
1982,/home/pi/sambashare/BacArbeit/cocoval2017/000000523194.jpg,3.1923308529994756,['10: fire hydrant'],[10],[0.88165444],"[[170.19, 242.01, 36.1, 76.6]]"
1983,/home/pi/sambashare/BacArbeit/cocoval2017/000000550426.jpg,3.195126782000443,"['75: vase', '58: potted plant']","[75, 58]","[0.80057395, 0.3738269]","[[173.6, 327.21, 142.81, 311.51], [21.73, 19.95, 393.71, 607.77]]"
1984,/home/pi/sambashare/BacArbeit/cocoval2017/000000465179.jpg,3.195516351000151,"['0: person', '44: spoon', '79: toothbrush', '41: cup']","[0, 44, 79, 41]","[0.8565228, 0.6054001, 0.47373077, 0.404383]","[[5.43, 95.59, 367.64, 403.11], [1, 369.94, 13.12, 29.0], [130.53, 162.12, 61.92, 12.31], [1, 395.87, 7.43, 54.65]]"
1985,/home/pi/sambashare/BacArbeit/cocoval2017/000000130826.jpg,3.1864524889997483,"['0: person', '0: person', '0: person', '0: person', '0: person', '0: person', '26: handbag', '24: backpack', '41: cup', '26: handbag', '13: bench']","[0, 0, 0, 0, 0, 0, 26, 24, 41, 26, 13]","[0.8873832, 0.8453252, 0.74667495, 0.7407901, 0.70724076, 0.66492796, 0.6630646, 0.44885653, 0.4415326, 0.30660132, 0.2533746]","[[3.48, 62.51, 337.96, 416.46], [50.35, 1, 103.03, 189.36], [376.4, 1, 79.69, 127.71], [277.01, 1, 111.35, 204.82], [204.96, 1, 87.69, 69.85], [201.74, 76.72, 283.7, 399.74], [119.3, 1, 33.39, 70.26], [203.77, 1, 41.48, 59.04], [151.41, 39.59, 12.84, 18.09], [368.84, 331.96, 111.55, 86.58], [17.03, 209.77, 614.86, 270.23]]"
1986,/home/pi/sambashare/BacArbeit/cocoval2017/000000037740.jpg,3.176962912999443,"['66: keyboard', '56: chair', '63: laptop', '62: tv', '57: couch', '64: mouse', '58: potted plant', '73: book', '56: chair', '73: book', '75: vase', '73: book']","[66, 56, 63, 62, 57, 64, 58, 73, 56, 73, 75, 73]","[0.94131655, 0.9396096, 0.9005846, 0.8949637, 0.89039516, 0.8662741, 0.84000385, 0.3732649, 0.3001113, 0.28304163, 0.2641174, 0.25827333]","[[271.35, 222.54, 91.73, 27.65], [205.48, 237.96, 178.23, 210.26], [369.82, 185.69, 88.25, 69.38], [287.54, 152.04, 90.14, 76.11], [1, 333.5, 138.87, 145.34], [359.08, 249.54, 19.6, 12.32], [455.92, 194.28, 183.33, 190.56], [622.14, 80.28, 15.67, 26.75], [614.33, 154.58, 25.41, 62.24], [614.74, 79.92, 10.87, 26.24], [482.19, 325.73, 69.01, 57.62], [620.11, 116.81, 15.76, 26.77]]"
1987,/home/pi/sambashare/BacArbeit/cocoval2017/000000399205.jpg,3.1852275069995812,"['0: person', '0: person', '0: person', '0: person', '67: cell phone', '0: person', '0: person', '0: person', '0: person', '67: cell phone', '0: person', '3: motorcycle', '0: person', '26: handbag', '3: motorcycle', '3: motorcycle', '0: person']","[0, 0, 0, 0, 67, 0, 0, 0, 0, 67, 0, 3, 0, 26, 3, 3, 0]","[0.92660975, 0.8541476, 0.8449821, 0.8259476, 0.8177657, 0.78233826, 0.7487828, 0.7153141, 0.69348824, 0.57910836, 0.54385036, 0.51633, 0.46372473, 0.4452792, 0.39884385, 0.34787, 0.27414092]","[[73.4, 23.4, 211.48, 455.5], [317.13, 87.32, 129.01, 386.44], [490.89, 119.66, 17.77, 44.29], [508.39, 126.45, 42.22, 106.86], [389.79, 210.76, 48.44, 47.31], [235.89, 87.69, 130.46, 356.88], [44.67, 121.88, 55.94, 142.02], [506.74, 121.93, 19.18, 41.25], [392.87, 1, 245.92, 475.4], [256.25, 180.09, 28.7, 16.15], [477.25, 122.87, 12.24, 27.73], [1, 173.04, 29.24, 58.59], [399.35, 95.03, 108.08, 359.81], [501.04, 189.0, 16.12, 35.38], [1, 200.14, 10.64, 37.52], [3.8, 172.37, 59.51, 53.03], [397.15, 94.09, 106.19, 164.86]]"
1988,/home/pi/sambashare/BacArbeit/cocoval2017/000000122672.jpg,3.1985310119998758,"['0: person', '37: surfboard']","[0, 37]","[0.9335824, 0.37599897]","[[218.71, 107.68, 313.66, 211.46], [199.69, 252.79, 307.15, 96.57]]"
1989,/home/pi/sambashare/BacArbeit/cocoval2017/000000267940.jpg,3.1944492989996434,['8: boat'],[8],[0.7475694],"[[174.11, 145.49, 367.17, 154.21]]"
1990,/home/pi/sambashare/BacArbeit/cocoval2017/000000469246.jpg,3.1923870789996727,"['0: person', '6: train', '28: suitcase', '0: person', '0: person', '0: person', '0: person']","[0, 6, 28, 0, 0, 0, 0]","[0.89081144, 0.8250083, 0.8024177, 0.6547948, 0.46860024, 0.34090137, 0.29894993]","[[146.71, 234.32, 35.69, 66.59], [138.66, 35.08, 500.07, 385.87], [136.31, 271.05, 18.29, 34.36], [182.92, 235.75, 14.91, 32.74], [113.96, 240.13, 8.12, 18.82], [121.85, 240.04, 5.8, 12.26], [173.08, 233.32, 7.32, 20.68]]"
1991,/home/pi/sambashare/BacArbeit/cocoval2017/000000370042.jpg,3.181333499000175,"['75: vase', '75: vase', '75: vase', '75: vase', '75: vase', '75: vase', '75: vase', '75: vase', '75: vase', '75: vase', '75: vase', '75: vase', '75: vase', '75: vase', '75: vase', '75: vase']","[75, 75, 75, 75, 75, 75, 75, 75, 75, 75, 75, 75, 75, 75, 75, 75]","[0.8975535, 0.8829128, 0.8586205, 0.7505688, 0.7289189, 0.5595223, 0.5416651, 0.45733276, 0.45539787, 0.45460626, 0.41485414, 0.397252, 0.36273187, 0.34709585, 0.3132182, 0.2848053]","[[395.87, 178.04, 69.58, 143.79], [268.76, 189.45, 63.06, 146.9], [496.34, 217.33, 52.76, 97.84], [555.67, 203.84, 60.64, 107.91], [350.26, 245.41, 48.82, 83.89], [146.31, 272.06, 38.81, 49.48], [111.59, 266.88, 36.82, 56.47], [17.88, 266.2, 35.69, 61.64], [8.39, 160.93, 35.25, 48.21], [366.47, 201.32, 39.06, 33.08], [458.16, 247.94, 41.56, 49.37], [199.27, 272.41, 39.68, 45.92], [213.47, 167.67, 46.45, 53.69], [231.24, 267.45, 31.01, 48.3], [612.27, 224.87, 27.5, 81.54], [459.04, 206.03, 47.88, 25.04]]"
1992,/home/pi/sambashare/BacArbeit/cocoval2017/000000101420.jpg,3.185850863000269,"['15: cat', '57: couch', '0: person']","[15, 57, 0]","[0.94384396, 0.6321182, 0.2597732]","[[59.1, 61.39, 201.88, 107.3], [2.65, 132.31, 494.43, 241.46], [1, 316.52, 31.68, 50.69]]"
1993,/home/pi/sambashare/BacArbeit/cocoval2017/000000445999.jpg,3.1753815960000793,"['0: person', '79: toothbrush']","[0, 79]","[0.5345668, 0.29534474]","[[1, 3.51, 409.33, 635.13], [138.82, 360.08, 102.04, 224.01]]"
1994,/home/pi/sambashare/BacArbeit/cocoval2017/000000315219.jpg,3.1832874490000904,[],[],[],[]
1995,/home/pi/sambashare/BacArbeit/cocoval2017/000000076731.jpg,3.1983517409998967,"['63: laptop', '79: toothbrush', '67: cell phone']","[63, 79, 67]","[0.6394754, 0.332968, 0.25007114]","[[22.21, 31.14, 605.64, 323.82], [198.34, 151.7, 279.53, 93.97], [626.55, 201.07, 13.33, 110.88]]"
1996,/home/pi/sambashare/BacArbeit/cocoval2017/000000090956.jpg,3.182096401000308,"['0: person', '30: skis']","[0, 30]","[0.88440436, 0.37233964]","[[226.91, 167.08, 94.37, 83.99], [275.66, 240.24, 61.78, 17.2]]"
1997,/home/pi/sambashare/BacArbeit/cocoval2017/000000301563.jpg,3.1834510890003003,"['0: person', '0: person', '0: person', '30: skis', '30: skis', '30: skis', '30: skis']","[0, 0, 0, 30, 30, 30, 30]","[0.91251487, 0.8867261, 0.8333549, 0.49132746, 0.43838978, 0.32064953, 0.25900412]","[[212.92, 83.16, 201.48, 223.99], [62.58, 44.56, 36.24, 72.88], [168.0, 51.61, 46.22, 66.61], [262.01, 280.54, 152.37, 29.76], [262.85, 281.3, 76.0, 24.64], [72.65, 111.38, 54.06, 15.95], [183.18, 111.47, 27.87, 7.98]]"
1998,/home/pi/sambashare/BacArbeit/cocoval2017/000000412887.jpg,3.1724674350007263,"['0: person', '19: cow']","[0, 19]","[0.8333535, 0.71748996]","[[416.67, 2.1, 65.7, 192.52], [1, 96.51, 481.09, 542.75]]"
1999,/home/pi/sambashare/BacArbeit/cocoval2017/000000301421.jpg,3.1904677709999305,"['66: keyboard', '62: tv', '64: mouse', '56: chair', '67: cell phone', '67: cell phone', '59: bed']","[66, 62, 64, 56, 67, 67, 59]","[0.9083015, 0.89818436, 0.8929019, 0.8741768, 0.82802856, 0.34334135, 0.32780296]","[[135.2, 238.67, 116.26, 57.4], [279.19, 52.85, 152.58, 129.71], [334.81, 293.11, 48.68, 43.09], [1, 284.94, 213.39, 140.96], [347.21, 225.1, 33.58, 57.03], [206.81, 238.26, 50.46, 19.99], [563.57, 195.53, 75.45, 229.64]]"
2000,/home/pi/sambashare/BacArbeit/cocoval2017/000000013923.jpg,3.1720783030004895,"['56: chair', '62: tv', '57: couch', '56: chair', '75: vase', '56: chair', '75: vase', '60: dining table', '56: chair', '56: chair', '58: potted plant', '58: potted plant', '58: potted plant', '73: book', '74: clock', '73: book', '74: clock', '62: tv']","[56, 62, 57, 56, 75, 56, 75, 60, 56, 56, 58, 58, 58, 73, 74, 73, 74, 62]","[0.8914146, 0.877518, 0.80702424, 0.7929795, 0.7283312, 0.7253259, 0.71752167, 0.6909958, 0.65669656, 0.6382664, 0.47533357, 0.4482413, 0.42269722, 0.4139878, 0.34214363, 0.34149233, 0.30461994, 0.26206073]","[[442.16, 312.62, 128.52, 114.19], [338.61, 142.99, 66.63, 67.62], [13.61, 198.93, 166.16, 118.05], [241.32, 372.11, 98.84, 54.66], [379.64, 333.2, 23.04, 34.46], [212.71, 233.36, 124.0, 121.9], [435.88, 238.74, 15.22, 31.21], [307.75, 330.06, 191.44, 91.22], [395.78, 243.31, 99.59, 109.17], [229.99, 287.02, 106.84, 124.31], [278.56, 141.88, 55.64, 60.98], [359.72, 279.35, 61.1, 88.24], [254.84, 153.91, 25.06, 47.96], [202.16, 244.5, 46.71, 15.13], [530.7, 117.22, 31.51, 70.28], [189.85, 240.23, 35.94, 11.54], [14.79, 86.87, 60.25, 92.63], [1, 230.34, 13.22, 43.59]]"
2001,/home/pi/sambashare/BacArbeit/cocoval2017/000000321214.jpg,3.1818145199995342,"['0: person', '55: cake', '44: spoon']","[0, 55, 44]","[0.6539718, 0.5445768, 0.3202399]","[[1.32, 2.97, 631.35, 465.24], [250.47, 319.27, 287.69, 160.64], [100.76, 451.66, 74.6, 27.93]]"
2002,/home/pi/sambashare/BacArbeit/cocoval2017/000000513688.jpg,3.184761616000287,"['63: laptop', '64: mouse', '56: chair', '66: keyboard']","[63, 64, 56, 66]","[0.9494558, 0.8926265, 0.62816787, 0.29180744]","[[377.36, 83.68, 222.39, 174.51], [492.01, 287.89, 74.09, 39.55], [2.15, 43.65, 389.81, 436.35], [417.92, 172.76, 80.67, 76.14]]"
2003,/home/pi/sambashare/BacArbeit/cocoval2017/000000216296.jpg,3.1782980030002363,"['0: person', '0: person', '0: person', '38: tennis racket', '74: clock']","[0, 0, 0, 38, 74]","[0.9534072, 0.93772507, 0.88949215, 0.8876512, 0.5053263]","[[480.55, 41.05, 119.09, 198.93], [203.76, 122.75, 179.14, 272.5], [314.13, 1, 68.77, 157.71], [291.72, 125.3, 42.86, 43.5], [1, 41.37, 53.52, 40.89]]"
2004,/home/pi/sambashare/BacArbeit/cocoval2017/000000458045.jpg,3.186817316000088,"['0: person', '0: person', '0: person', '0: person', '0: person', '34: baseball bat', '0: person', '35: baseball glove', '0: person', '0: person']","[0, 0, 0, 0, 0, 34, 0, 35, 0, 0]","[0.9391997, 0.92806894, 0.8966453, 0.76819646, 0.70080477, 0.6999039, 0.69191873, 0.6227711, 0.5834575, 0.25206292]","[[63.68, 134.76, 137.32, 134.66], [364.51, 138.28, 92.84, 133.76], [209.0, 175.37, 109.43, 96.93], [96.1, 106.18, 44.25, 95.88], [474.06, 111.13, 25.88, 105.09], [454.04, 175.29, 45.92, 12.53], [196.63, 114.49, 42.55, 122.23], [297.31, 200.21, 22.03, 24.29], [425.21, 109.58, 44.07, 105.13], [1, 118.14, 45.66, 82.99]]"
2005,/home/pi/sambashare/BacArbeit/cocoval2017/000000327306.jpg,3.1789122150003095,"['0: person', '36: skateboard']","[0, 36]","[0.9172228, 0.7024316]","[[34.16, 1, 151.62, 162.37], [43.48, 119.12, 117.75, 63.92]]"
2006,/home/pi/sambashare/BacArbeit/cocoval2017/000000572517.jpg,3.1915623799995956,"['21: bear', '14: bird']","[21, 14]","[0.95649534, 0.74270356]","[[141.82, 72.95, 197.67, 166.69], [158.1, 188.92, 437.94, 210.05]]"
2007,/home/pi/sambashare/BacArbeit/cocoval2017/000000049759.jpg,3.1741504960000384,"['0: person', '0: person', '0: person', '0: person', '0: person', '0: person', '0: person', '0: person', '32: sports ball', '0: person', '0: person', '0: person', '0: person', '0: person', '0: person', '0: person']","[0, 0, 0, 0, 0, 0, 0, 0, 32, 0, 0, 0, 0, 0, 0, 0]","[0.9050364, 0.8868207, 0.882512, 0.88143754, 0.85582626, 0.8260761, 0.79954, 0.79019815, 0.7898158, 0.7662549, 0.7423757, 0.73938864, 0.7337403, 0.6750045, 0.66598254, 0.5134604]","[[474.14, 135.31, 110.12, 321.69], [210.03, 169.93, 33.53, 107.33], [29.77, 170.29, 32.41, 81.18], [174.34, 171.97, 35.84, 72.25], [154.4, 174.15, 22.01, 58.28], [330.93, 168.89, 40.37, 93.65], [456.29, 169.33, 25.4, 91.33], [377.63, 169.19, 21.26, 73.92], [487.43, 134.04, 32.81, 32.46], [424.46, 168.26, 24.13, 83.88], [314.75, 172.32, 24.35, 58.79], [404.29, 169.08, 27.6, 76.85], [296.97, 171.79, 19.74, 56.07], [550.89, 172.31, 36.23, 96.83], [1, 219.91, 20.6, 77.38], [356.91, 169.22, 21.39, 68.89]]"
2008,/home/pi/sambashare/BacArbeit/cocoval2017/000000145781.jpg,3.179049710000072,"['39: bottle', '16: dog', '39: bottle', '39: bottle']","[39, 16, 39, 39]","[0.8623276, 0.7215956, 0.529326, 0.3613996]","[[310.0, 205.83, 328.65, 273.21], [3.87, 1, 632.75, 346.12], [1, 161.95, 102.85, 141.17], [38.34, 134.1, 106.94, 106.26]]"
2009,/home/pi/sambashare/BacArbeit/cocoval2017/000000491464.jpg,3.19226338199951,"['0: person', '2: car', '34: baseball bat', '2: car']","[0, 2, 34, 2]","[0.7855531, 0.45170268, 0.42050958, 0.3386307]","[[214.1, 117.46, 172.09, 309.34], [158.12, 214.34, 49.44, 12.77], [196.23, 66.02, 157.64, 250.94], [207.3, 217.08, 42.21, 8.98]]"
2010,/home/pi/sambashare/BacArbeit/cocoval2017/000000577182.jpg,3.19749028500064,"['14: bird', '13: bench', '13: bench', '13: bench']","[14, 13, 13, 13]","[0.8824753, 0.7923272, 0.7922045, 0.7195155]","[[305.26, 180.56, 35.62, 36.38], [1, 3.45, 44.23, 158.41], [1, 204.93, 639, 220.54], [496.48, 181.13, 142.99, 234.38]]"
2011,/home/pi/sambashare/BacArbeit/cocoval2017/000000423229.jpg,3.1808531469996524,"['6: train', '9: traffic light']","[6, 9]","[0.92645067, 0.50786215]","[[259.66, 111.52, 370.18, 227.09], [230.43, 278.98, 17.85, 27.92]]"
2012,/home/pi/sambashare/BacArbeit/cocoval2017/000000079034.jpg,3.184788274999846,"['10: fire hydrant', '2: car', '2: car', '2: car', '2: car']","[10, 2, 2, 2, 2]","[0.930871, 0.79856175, 0.64234495, 0.2994451, 0.25899592]","[[210.89, 102.91, 116.17, 305.2], [161.64, 100.61, 29.6, 11.66], [206.18, 100.22, 20.94, 12.64], [137.06, 101.05, 22.73, 11.51], [191.18, 101.67, 10.27, 8.86]]"
2013,/home/pi/sambashare/BacArbeit/cocoval2017/000000177935.jpg,3.1786186690005707,"['44: spoon', '69: oven', '43: knife', '43: knife', '43: knife', '43: knife', '43: knife', '43: knife', '43: knife', '43: knife', '43: knife']","[44, 69, 43, 43, 43, 43, 43, 43, 43, 43, 43]","[0.71269673, 0.69920206, 0.5544525, 0.5499729, 0.5229233, 0.4746096, 0.4213646, 0.35060102, 0.28987932, 0.28002796, 0.25708795]","[[5.03, 154.87, 30.2, 54.37], [7.69, 168.25, 469.76, 469.32], [43.92, 202.19, 31.94, 29.32], [80.12, 170.65, 29.79, 36.64], [79.13, 185.74, 26.31, 33.95], [60.61, 176.27, 37.02, 51.88], [76.62, 196.15, 23.01, 32.04], [51.19, 192.27, 37.27, 38.91], [54.32, 182.88, 28.34, 28.86], [68.71, 229.99, 25.89, 21.19], [33.55, 179.91, 9.12, 29.89]]"
2014,/home/pi/sambashare/BacArbeit/cocoval2017/000000154004.jpg,3.1783247359999223,"['0: person', '0: person', '0: person', '0: person', '0: person', '0: person', '37: surfboard', '0: person', '0: person', '0: person', '24: backpack']","[0, 0, 0, 0, 0, 0, 37, 0, 0, 0, 24]","[0.90134054, 0.84321123, 0.7274878, 0.70518124, 0.6985365, 0.6258866, 0.5536144, 0.5384252, 0.5266692, 0.3297297, 0.26421797]","[[1, 53.81, 85.52, 273.56], [117.27, 59.31, 54.35, 183.6], [225.99, 184.38, 99.8, 110.7], [165.28, 67.51, 31.32, 95.66], [202.59, 70.32, 26.06, 94.99], [312.28, 170.53, 89.22, 100.05], [293.8, 92.76, 106.14, 36.88], [188.41, 68.01, 26.84, 95.47], [321.06, 125.51, 61.39, 67.17], [435.9, 88.87, 6.83, 11.86], [136.38, 231.82, 44.66, 21.48]]"
2015,/home/pi/sambashare/BacArbeit/cocoval2017/000000434230.jpg,3.1812295959998664,"['74: clock', '75: vase', '75: vase', '29: frisbee', '75: vase', '75: vase', '75: vase', '75: vase', '75: vase', '75: vase', '75: vase', '75: vase', '75: vase', '75: vase', '75: vase', '75: vase', '75: vase', '75: vase']","[74, 75, 75, 29, 75, 75, 75, 75, 75, 75, 75, 75, 75, 75, 75, 75, 75, 75]","[0.71412325, 0.6780696, 0.64202714, 0.63502866, 0.5453971, 0.46519256, 0.43705165, 0.43352032, 0.40125084, 0.39639527, 0.39584017, 0.38146684, 0.34461015, 0.33043036, 0.32669953, 0.31772768, 0.28345934, 0.2673227]","[[122.47, 60.31, 113.68, 113.07], [284.38, 169.1, 52.78, 81.8], [336.58, 166.04, 55.51, 87.26], [11.12, 2.08, 75.36, 77.98], [321.63, 259.07, 35.31, 53.57], [299.38, 252.78, 26.4, 59.87], [179.33, 255.95, 26.26, 56.71], [382.22, 120.98, 48.26, 94.25], [461.49, 180.28, 38.38, 128.99], [358.76, 245.01, 35.44, 67.99], [200.33, 216.45, 30.5, 79.62], [404.16, 149.37, 52.83, 92.73], [21.48, 255.35, 32.54, 57.4], [149.48, 271.55, 25.47, 41.28], [219.44, 180.8, 56.25, 93.72], [84.34, 144.84, 72.03, 78.51], [62.16, 255.87, 26.89, 56.86], [282.84, 235.94, 28.03, 62.21]]"
2016,/home/pi/sambashare/BacArbeit/cocoval2017/000000144784.jpg,3.1955280649999622,['0: person'],[0],[0.8472159],"[[240.06, 339.54, 134.36, 159.76]]"
2017,/home/pi/sambashare/BacArbeit/cocoval2017/000000029675.jpg,3.1820346140002584,"['55: cake', '55: cake', '73: book']","[55, 55, 73]","[0.496172, 0.48616153, 0.45510557]","[[147.14, 344.12, 329.36, 292.96], [33.28, 159.66, 375.93, 316.45], [377.06, 10.26, 100.66, 173.76]]"
2018,/home/pi/sambashare/BacArbeit/cocoval2017/000000270386.jpg,3.1894832580001093,[],[],[],[]
2019,/home/pi/sambashare/BacArbeit/cocoval2017/000000431727.jpg,3.181233858000269,['21: bear'],[21],[0.7304655],"[[278.5, 180.95, 242.74, 245.76]]"
2020,/home/pi/sambashare/BacArbeit/cocoval2017/000000054592.jpg,3.176424471000246,"['0: person', '0: person', '30: skis', '24: backpack']","[0, 0, 30, 24]","[0.83322066, 0.8005054, 0.52916133, 0.5044912]","[[100.7, 166.87, 102.21, 149.04], [292.21, 46.48, 242.97, 371.52], [277.99, 41.69, 69.37, 374.43], [323.51, 46.7, 219.68, 191.86]]"
2021,/home/pi/sambashare/BacArbeit/cocoval2017/000000474344.jpg,3.1952871720004623,"['0: person', '0: person']","[0, 0]","[0.9334099, 0.9137697]","[[504.27, 206.68, 53.06, 124.55], [162.35, 91.98, 144.56, 328.11]]"
2022,/home/pi/sambashare/BacArbeit/cocoval2017/000000383676.jpg,3.178502321000451,"['23: giraffe', '23: giraffe']","[23, 23]","[0.9035673, 0.85572547]","[[271.57, 158.72, 198.47, 273.69], [226.29, 198.89, 92.03, 225.85]]"
2023,/home/pi/sambashare/BacArbeit/cocoval2017/000000563882.jpg,3.20903897000062,"['67: cell phone', '0: person', '0: person', '0: person']","[67, 0, 0, 0]","[0.7797414, 0.33060583, 0.31505775, 0.2841281]","[[365.74, 232.89, 84.03, 41.48], [172.82, 99.99, 93.08, 129.3], [397.15, 64.24, 241.1, 358.18], [2.92, 13.47, 457.21, 407.83]]"
2024,/home/pi/sambashare/BacArbeit/cocoval2017/000000153669.jpg,3.171136955000293,"['0: person', '0: person', '35: baseball glove', '0: person', '34: baseball bat', '0: person', '0: person', '0: person', '0: person', '0: person', '0: person', '0: person', '0: person', '0: person', '0: person', '0: person', '0: person', '0: person', '0: person', '56: chair']","[0, 0, 35, 0, 34, 0, 0, 0, 0, 0, 0, 0, 0, 0, 0, 0, 0, 0, 0, 56]","[0.83935505, 0.8014517, 0.7964857, 0.7688745, 0.7571462, 0.73273206, 0.71680343, 0.67724025, 0.54095626, 0.53162295, 0.3884842, 0.38451788, 0.37167665, 0.36680198, 0.3616931, 0.35435453, 0.3373839, 0.32767317, 0.324433, 0.2612211]","[[342.94, 60.24, 212.16, 340.64], [284.01, 100.03, 81.51, 201.18], [588.26, 302.2, 36.01, 46.96], [479.04, 195.0, 108.05, 113.71], [418.59, 28.16, 103.62, 102.41], [108.02, 127.01, 78.07, 174.77], [445.55, 198.66, 58.23, 103.79], [54.46, 122.11, 65.67, 177.48], [576.07, 208.3, 48.81, 98.57], [317.17, 1, 73.24, 81.64], [624.33, 158.75, 15.56, 116.48], [1, 125.71, 73.54, 173.29], [261.58, 206.13, 70.2, 95.38], [379.71, 1, 61.42, 76.08], [282.31, 1, 61.28, 64.06], [233.31, 1, 53.19, 64.21], [240.75, 40.52, 54.55, 45.05], [182.11, 9.91, 70.04, 76.11], [515.97, 10.24, 84.01, 75.35], [289.36, 63.43, 51.24, 22.69]]"
2025,/home/pi/sambashare/BacArbeit/cocoval2017/000000232538.jpg,3.1745928380005353,"['6: train', '13: bench', '2: car', '2: car']","[6, 13, 2, 2]","[0.9310542, 0.8621145, 0.8347545, 0.58557314]","[[87.54, 196.74, 413.95, 165.36], [531.5, 306.62, 80.53, 34.89], [1, 283.11, 31.8, 23.12], [23.09, 285.37, 32.37, 20.0]]"
2026,/home/pi/sambashare/BacArbeit/cocoval2017/000000065485.jpg,3.1830439679997653,"['17: horse', '7: truck']","[17, 7]","[0.83975923, 0.7370397]","[[386.02, 98.01, 86.97, 80.82], [3.92, 31.37, 635.05, 329.8]]"
2027,/home/pi/sambashare/BacArbeit/cocoval2017/000000025560.jpg,3.1954013960003067,"['41: cup', '15: cat', '62: tv', '0: person']","[41, 15, 62, 0]","[0.93329006, 0.9137861, 0.7057804, 0.447025]","[[1, 422.96, 77.86, 56.75], [132.48, 185.19, 381.59, 155.6], [154.61, 1, 413.36, 279.47], [199.95, 41.61, 149.69, 166.02]]"
2028,/home/pi/sambashare/BacArbeit/cocoval2017/000000574810.jpg,3.190494639999997,['15: cat'],[15],[0.86134666],"[[59.12, 87.56, 223.95, 388.08]]"
2029,/home/pi/sambashare/BacArbeit/cocoval2017/000000181666.jpg,3.19428647299992,"['18: sheep', '0: person', '18: sheep', '18: sheep', '18: sheep', '18: sheep', '0: person', '18: sheep', '18: sheep', '18: sheep', '17: horse', '18: sheep', '18: sheep', '18: sheep', '18: sheep', '18: sheep', '18: sheep', '17: horse']","[18, 0, 18, 18, 18, 18, 0, 18, 18, 18, 17, 18, 18, 18, 18, 18, 18, 17]","[0.83405334, 0.829234, 0.8042198, 0.7739838, 0.7570955, 0.7240313, 0.6881523, 0.6848789, 0.6793747, 0.65946615, 0.5407764, 0.5233973, 0.41457716, 0.35777843, 0.35771596, 0.26721084, 0.26565558, 0.25412464]","[[605.1, 280.45, 34.74, 102.62], [271.92, 165.81, 52.99, 107.09], [341.6, 275.88, 85.56, 117.81], [536.94, 289.64, 57.53, 116.36], [426.39, 293.77, 59.93, 111.76], [219.9, 315.6, 55.0, 106.94], [51.77, 189.65, 23.24, 27.08], [271.74, 274.9, 75.46, 130.25], [481.95, 305.53, 64.45, 97.54], [458.92, 212.99, 46.38, 28.61], [94.95, 288.85, 57.77, 118.28], [162.91, 301.79, 56.71, 110.84], [77.16, 217.63, 42.01, 38.39], [321.92, 212.75, 25.39, 30.47], [501.22, 255.39, 38.81, 28.52], [463.02, 261.27, 41.85, 39.12], [520.99, 264.52, 52.09, 41.75], [19.29, 287.69, 49.24, 85.83]]"
2030,/home/pi/sambashare/BacArbeit/cocoval2017/000000326542.jpg,3.1928783690000273,"['0: person', '0: person', '30: skis', '30: skis', '0: person', '0: person', '0: person', '0: person']","[0, 0, 30, 30, 0, 0, 0, 0]","[0.9403083, 0.7465217, 0.6475647, 0.49566355, 0.3655, 0.3541208, 0.2529847, 0.25030774]","[[382.37, 316.22, 81.39, 105.88], [496.59, 284.69, 8.08, 21.09], [364.29, 413.72, 90.65, 17.79], [172.17, 362.13, 95.17, 16.37], [507.15, 292.43, 8.2, 11.44], [192.99, 265.98, 7.0, 11.95], [182.7, 359.92, 62.03, 14.28], [496.55, 287.38, 17.17, 17.65]]"
2031,/home/pi/sambashare/BacArbeit/cocoval2017/000000453708.jpg,3.1842863309993845,"['0: person', '0: person', '0: person', '0: person', '46: banana', '0: person', '0: person', '0: person', '0: person', '28: suitcase']","[0, 0, 0, 0, 46, 0, 0, 0, 0, 28]","[0.8600208, 0.8307413, 0.78317285, 0.7714621, 0.70922345, 0.60199976, 0.5693016, 0.51270026, 0.38812953, 0.37451303]","[[451.9, 235.93, 107.49, 190.49], [1, 348.51, 183.94, 77.98], [1, 257.23, 86.81, 122.44], [514.29, 238.07, 54.06, 144.75], [235.12, 9.16, 221.93, 216.71], [1, 173.5, 74.27, 137.47], [593.66, 235.0, 46.2, 138.95], [187.34, 246.53, 216.82, 180.25], [469.21, 222.11, 28.33, 41.81], [565.46, 366.77, 74.54, 59.67]]"
2032,/home/pi/sambashare/BacArbeit/cocoval2017/000000429598.jpg,3.1834716190005565,"['71: sink', '69: oven', '39: bottle', '72: refrigerator']","[71, 69, 39, 72]","[0.8302953, 0.8104256, 0.805666, 0.72742456]","[[494.71, 275.09, 145.04, 78.62], [324.46, 182.32, 170.98, 138.27], [613.33, 107.89, 23.18, 84.73], [1, 110.14, 181.52, 368.37]]"
2033,/home/pi/sambashare/BacArbeit/cocoval2017/000000495146.jpg,3.1976356139994095,"['2: car', '0: person', '2: car', '0: person', '0: person', '0: person', '0: person', '0: person', '8: boat', '8: boat', '8: boat', '2: car', '0: person', '8: boat', '0: person']","[2, 0, 2, 0, 0, 0, 0, 0, 8, 8, 8, 2, 0, 8, 0]","[0.9132154, 0.8600085, 0.84169364, 0.84026, 0.82343763, 0.79386646, 0.7920363, 0.69744503, 0.6779076, 0.5986119, 0.5354624, 0.5339695, 0.37326238, 0.31604186, 0.30765256]","[[231.71, 373.98, 204.34, 105.66], [423.82, 344.28, 36.57, 135.72], [1, 339.1, 137.6, 140.34], [144.19, 357.08, 43.89, 109.29], [605.49, 432.82, 34.34, 47.18], [535.94, 416.23, 48.9, 63.51], [505.49, 393.45, 34.32, 86.33], [380.23, 342.08, 56.68, 133.03], [455.42, 353.58, 183.93, 111.47], [181.14, 356.11, 75.34, 61.31], [251.75, 352.58, 46.37, 39.51], [355.72, 363.09, 35.14, 15.73], [4.67, 367.5, 41.35, 34.97], [88.09, 257.03, 548.6, 119.92], [114.62, 377.66, 19.54, 45.69]]"
2034,/home/pi/sambashare/BacArbeit/cocoval2017/000000369081.jpg,3.1813877360000333,"['17: horse', '17: horse', '17: horse']","[17, 17, 17]","[0.93999773, 0.93757856, 0.93089664]","[[113.15, 172.37, 140.55, 207.34], [253.04, 171.72, 113.21, 197.62], [470.93, 188.18, 64.19, 163.64]]"
2035,/home/pi/sambashare/BacArbeit/cocoval2017/000000271997.jpg,3.1795955480001794,"['27: tie', '0: person']","[27, 0]","[0.7662022, 0.59847903]","[[130.55, 588.52, 167.84, 51.23], [1, 1.82, 479.95, 632.22]]"
2036,/home/pi/sambashare/BacArbeit/cocoval2017/000000118594.jpg,3.1939787230003276,"['19: cow', '19: cow', '19: cow']","[19, 19, 19]","[0.8507489, 0.45986903, 0.27473924]","[[48.41, 14.64, 577.82, 315.83], [566.41, 3.03, 73.33, 193.13], [505.14, 188.54, 133.72, 117.81]]"
2037,/home/pi/sambashare/BacArbeit/cocoval2017/000000093261.jpg,3.1863978129995303,"['0: person', '0: person', '33: kite', '33: kite', '33: kite']","[0, 0, 33, 33, 33]","[0.9201084, 0.8389695, 0.7931104, 0.4789925, 0.25421163]","[[62.0, 31.56, 201.75, 207.39], [329.94, 244.65, 169.38, 129.61], [50.44, 111.88, 310.46, 211.7], [310.13, 144.83, 155.4, 82.18], [272.32, 146.42, 222.58, 124.46]]"
2038,/home/pi/sambashare/BacArbeit/cocoval2017/000000374545.jpg,3.1790863269998226,"['4: airplane', '0: person', '0: person', '0: person', '0: person', '0: person', '14: bird', '0: person', '0: person', '0: person']","[4, 0, 0, 0, 0, 0, 14, 0, 0, 0]","[0.8514363, 0.74747586, 0.67576617, 0.59022343, 0.5276407, 0.45032236, 0.4378303, 0.4225872, 0.37279373, 0.25009176]","[[176.79, 266.06, 39.79, 18.1], [208.81, 527.84, 13.87, 34.38], [174.17, 527.19, 14.63, 30.4], [45.53, 533.58, 9.12, 25.35], [287.2, 545.04, 10.7, 14.62], [53.95, 532.56, 8.01, 24.5], [156.14, 269.4, 11.48, 18.83], [62.25, 533.79, 9.02, 22.75], [166.83, 525.62, 7.86, 20.21], [141.56, 531.73, 11.84, 11.93]]"
2039,/home/pi/sambashare/BacArbeit/cocoval2017/000000268996.jpg,3.1684757780003565,[],[],[],[]
2040,/home/pi/sambashare/BacArbeit/cocoval2017/000000413689.jpg,3.1813441199992667,"['25: umbrella', '0: person', '25: umbrella', '2: car', '26: handbag', '0: person', '2: car', '0: person', '0: person', '9: traffic light', '9: traffic light', '1: bicycle', '1: bicycle', '0: person', '58: potted plant', '26: handbag', '9: traffic light']","[25, 0, 25, 2, 26, 0, 2, 0, 0, 9, 9, 1, 1, 0, 58, 26, 9]","[0.9081967, 0.9010887, 0.8995346, 0.87679136, 0.78410894, 0.78379136, 0.6885919, 0.6189824, 0.5712847, 0.54972535, 0.5292979, 0.36419654, 0.32759887, 0.31842613, 0.30221295, 0.26960102, 0.256968]","[[435.72, 139.53, 86.71, 50.63], [361.17, 188.02, 67.18, 168.82], [328.09, 159.37, 97.22, 43.31], [1.65, 144.62, 53.35, 23.64], [353.67, 205.84, 22.52, 53.3], [441.43, 167.06, 57.49, 176.58], [310.02, 157.37, 21.37, 17.25], [128.46, 145.17, 14.63, 28.51], [288.25, 157.84, 19.47, 29.31], [401.95, 113.48, 9.65, 16.35], [317.63, 60.87, 25.52, 10.26], [272.97, 160.12, 14.9, 26.54], [127.2, 157.69, 18.64, 18.04], [297.07, 168.46, 12.31, 19.07], [622.24, 195.23, 17.59, 25.05], [440.82, 231.11, 41.84, 57.15], [373.81, 116.14, 10.75, 14.79]]"
2041,/home/pi/sambashare/BacArbeit/cocoval2017/000000341196.jpg,3.1829611100001785,"['0: person', '37: surfboard', '0: person', '0: person']","[0, 37, 0, 0]","[0.8831942, 0.86991054, 0.4963213, 0.28992528]","[[183.54, 177.05, 53.91, 51.7], [178.74, 211.28, 60.09, 26.41], [425.76, 100.69, 30.43, 36.39], [446.02, 96.77, 12.6, 26.27]]"
2042,/home/pi/sambashare/BacArbeit/cocoval2017/000000090062.jpg,3.1793521189993044,['19: cow'],[19],[0.94346553],"[[55.33, 122.75, 366.43, 266.5]]"
2043,/home/pi/sambashare/BacArbeit/cocoval2017/000000239773.jpg,3.1911835549999523,"['0: person', '0: person', '34: baseball bat', '32: sports ball', '35: baseball glove']","[0, 0, 34, 32, 35]","[0.90879756, 0.8723297, 0.8512916, 0.8473588, 0.7230873]","[[111.91, 69.22, 182.69, 272.05], [407.46, 143.78, 91.96, 199.32], [160.9, 3.92, 101.54, 124.21], [90.42, 172.55, 16.96, 14.41], [405.41, 240.43, 58.45, 61.17]]"
2044,/home/pi/sambashare/BacArbeit/cocoval2017/000000381639.jpg,3.18873809500019,"['0: person', '4: airplane', '0: person', '0: person', '0: person', '0: person', '0: person', '0: person', '24: backpack', '0: person', '0: person', '4: airplane', '0: person']","[0, 4, 0, 0, 0, 0, 0, 0, 24, 0, 0, 4, 0]","[0.92153966, 0.80855906, 0.7860528, 0.7629503, 0.7371705, 0.72011006, 0.6563748, 0.6205183, 0.46258342, 0.4306511, 0.33797812, 0.30863085, 0.29731423]","[[175.87, 230.15, 108.59, 360.89], [41.61, 24.76, 425.14, 133.27], [237.57, 63.83, 23.54, 43.18], [192.83, 46.23, 15.91, 26.59], [209.89, 41.57, 23.84, 47.16], [306.76, 93.63, 17.68, 70.05], [268.27, 91.38, 27.36, 60.35], [461.03, 90.69, 21.36, 68.09], [321.8, 105.26, 13.19, 20.55], [484.9, 84.7, 23.33, 45.63], [332.63, 98.22, 20.14, 69.96], [20.81, 67.77, 74.64, 93.33], [151.01, 54.25, 17.1, 16.38]]"
2045,/home/pi/sambashare/BacArbeit/cocoval2017/000000365098.jpg,3.192734215999735,['8: boat'],[8],[0.798184],"[[50.2, 100.91, 589.8, 295.03]]"
2046,/home/pi/sambashare/BacArbeit/cocoval2017/000000281754.jpg,3.1878982349999205,"['0: person', '0: person', '26: handbag', '25: umbrella']","[0, 0, 26, 25]","[0.90895575, 0.8605654, 0.7564592, 0.43220395]","[[158.5, 191.01, 135.55, 433.51], [53.73, 15.34, 172.1, 584.89], [1, 239.93, 84.04, 76.46], [2.36, 2.67, 409.8, 322.77]]"
2047,/home/pi/sambashare/BacArbeit/cocoval2017/000000442323.jpg,3.189692173000367,"['62: tv', '56: chair', '65: remote', '59: bed', '28: suitcase', '73: book']","[62, 56, 65, 59, 28, 73]","[0.94425184, 0.9203738, 0.7787715, 0.72308344, 0.64313143, 0.33937225]","[[217.03, 152.13, 154.51, 143.04], [447.42, 216.46, 145.94, 167.38], [209.69, 292.57, 28.41, 15.86], [441.71, 388.37, 197.18, 90.65], [1, 324.06, 35.76, 155.94], [286.24, 106.0, 53.44, 48.16]]"
2048,/home/pi/sambashare/BacArbeit/cocoval2017/000000175251.jpg,3.1890330329997596,"['79: toothbrush', '0: person']","[79, 0]","[0.8440435, 0.7619528]","[[299.0, 348.42, 215.07, 63.52], [89.04, 15.39, 522.55, 593.0]]"
2049,/home/pi/sambashare/BacArbeit/cocoval2017/000000036660.jpg,3.18138121300035,"['67: cell phone', '67: cell phone', '67: cell phone', '0: person', '76: scissors', '67: cell phone']","[67, 67, 67, 0, 76, 67]","[0.9270128, 0.9233801, 0.9158345, 0.6748221, 0.50593275, 0.38828626]","[[414.31, 70.89, 71.56, 101.22], [271.31, 98.43, 93.19, 109.55], [183.69, 132.76, 91.68, 97.73], [366.44, 200.63, 132.45, 121.54], [1.86, 188.14, 148.83, 134.09], [131.38, 98.6, 51.61, 71.51]]"
2050,/home/pi/sambashare/BacArbeit/cocoval2017/000000126137.jpg,3.1911351380003907,"['0: person', '38: tennis racket', '0: person', '0: person', '0: person', '0: person', '0: person']","[0, 38, 0, 0, 0, 0, 0]","[0.93971664, 0.9152416, 0.68010277, 0.62807137, 0.49129602, 0.49083474, 0.36637592]","[[171.22, 27.4, 305.47, 398.06], [166.9, 330.62, 72.53, 96.16], [181.78, 24.5, 70.04, 72.34], [581.3, 78.59, 58.52, 129.16], [588.47, 21.11, 51.3, 61.44], [1, 48.2, 51.66, 191.3], [271.18, 52.63, 47.31, 45.53]]"
2051,/home/pi/sambashare/BacArbeit/cocoval2017/000000550349.jpg,3.1817922440004622,"['0: person', '5: bus', '0: person', '26: handbag', '0: person', '2: car', '26: handbag', '0: person']","[0, 5, 0, 26, 0, 2, 26, 0]","[0.8850654, 0.8824752, 0.86806303, 0.86654335, 0.76174426, 0.45127112, 0.31903335, 0.27093232]","[[40.23, 333.57, 58.66, 184.39], [101.91, 130.05, 374.83, 414.93], [1, 328.24, 76.98, 310.47], [77.47, 365.17, 22.86, 65.53], [229.85, 291.24, 67.81, 92.13], [77.87, 332.28, 20.61, 19.18], [28.0, 518.31, 23.56, 121.44], [1, 543.12, 7.57, 95.84]]"
2052,/home/pi/sambashare/BacArbeit/cocoval2017/000000311392.jpg,3.1929547660001845,"['19: cow', '0: person', '0: person', '0: person']","[19, 0, 0, 0]","[0.90127206, 0.8643804, 0.36071172, 0.28838322]","[[1, 74.56, 522.23, 352.44], [487.49, 131.68, 73.5, 143.68], [595.4, 184.13, 15.55, 25.88], [629.62, 193.39, 10.31, 29.96]]"
2053,/home/pi/sambashare/BacArbeit/cocoval2017/000000084674.jpg,3.1817468230001396,"['0: person', '0: person', '62: tv', '74: clock', '74: clock', '0: person', '0: person']","[0, 0, 62, 74, 74, 0, 0]","[0.94642806, 0.74303013, 0.6587901, 0.56665254, 0.43459556, 0.3559474, 0.30483785]","[[1, 154.59, 190.21, 482.0], [164.81, 279.66, 274.48, 358.35], [130.77, 230.24, 43.62, 55.71], [395.43, 215.32, 21.21, 47.02], [400.85, 222.09, 11.71, 12.77], [283.88, 169.79, 190.71, 465.97], [1, 392.1, 28.39, 113.34]]"
2054,/home/pi/sambashare/BacArbeit/cocoval2017/000000505638.jpg,3.176649781999913,['6: train'],[6],[0.5955825],"[[2.01, 59.18, 529.9, 419.25]]"
2055,/home/pi/sambashare/BacArbeit/cocoval2017/000000372819.jpg,3.1774629240007926,"['16: dog', '16: dog', '0: person', '16: dog', '16: dog', '0: person', '0: person', '17: horse']","[16, 16, 0, 16, 16, 0, 0, 17]","[0.8709782, 0.87008655, 0.86626154, 0.85045403, 0.7905779, 0.78708345, 0.64413536, 0.26812637]","[[216.3, 226.69, 57.48, 93.53], [226.09, 138.72, 42.13, 91.32], [442.12, 31.96, 84.19, 120.81], [427.26, 194.44, 39.14, 83.28], [281.6, 108.31, 33.9, 78.56], [543.05, 25.63, 65.39, 147.08], [631.73, 56.1, 8.03, 27.78], [462.34, 85.66, 58.57, 79.14]]"
2056,/home/pi/sambashare/BacArbeit/cocoval2017/000000021839.jpg,3.179649116999826,"['0: person', '0: person', '9: traffic light', '0: person', '2: car', '0: person', '26: handbag', '9: traffic light', '0: person', '0: person', '13: bench', '62: tv', '9: traffic light', '0: person']","[0, 0, 9, 0, 2, 0, 26, 9, 0, 0, 13, 62, 9, 0]","[0.91048336, 0.8237139, 0.8133456, 0.7900151, 0.73508036, 0.69243586, 0.6162008, 0.58143175, 0.56375825, 0.43262053, 0.41319078, 0.35056126, 0.34570214, 0.3007808]","[[214.35, 391.68, 64.16, 184.44], [411.35, 463.14, 20.97, 58.79], [260.35, 205.77, 21.93, 57.16], [432.53, 456.96, 20.69, 69.59], [1, 458.62, 25.88, 59.65], [167.66, 455.43, 14.55, 51.07], [216.25, 438.67, 30.23, 33.52], [326.12, 382.42, 12.2, 25.82], [45.61, 448.38, 15.89, 51.29], [467.75, 464.6, 11.29, 46.55], [269.39, 478.25, 22.93, 37.1], [186.47, 431.65, 38.67, 41.67], [281.94, 170.55, 31.1, 32.17], [447.3, 461.56, 12.21, 61.7]]"
2057,/home/pi/sambashare/BacArbeit/cocoval2017/000000112798.jpg,3.188214030000381,"['15: cat', '63: laptop', '73: book', '63: laptop', '73: book', '66: keyboard']","[15, 63, 73, 63, 73, 66]","[0.9022647, 0.8416809, 0.66942275, 0.598916, 0.4300951, 0.38433605]","[[65.29, 138.18, 438.51, 163.82], [1, 45.83, 101.92, 178.68], [333.82, 96.77, 38.43, 51.52], [63.0, 215.72, 571.16, 141.86], [594.76, 70.52, 33.04, 49.17], [1, 174.12, 88.65, 21.91]]"
2058,/home/pi/sambashare/BacArbeit/cocoval2017/000000573943.jpg,3.1887406499999997,"['7: truck', '7: truck', '7: truck', '7: truck', '7: truck', '7: truck', '2: car', '7: truck', '7: truck', '7: truck', '2: car', '7: truck', '7: truck', '7: truck']","[7, 7, 7, 7, 7, 7, 2, 7, 7, 7, 2, 7, 7, 7]","[0.7767014, 0.69410604, 0.6553509, 0.60852176, 0.54680043, 0.41372448, 0.3699499, 0.36937353, 0.33706245, 0.31087238, 0.29496402, 0.26216334, 0.25914222, 0.25599906]","[[468.26, 207.77, 48.08, 38.15], [532.77, 201.76, 51.73, 39.8], [548.08, 142.59, 52.68, 33.97], [588.5, 224.58, 51.08, 39.44], [129.05, 346.54, 34.57, 34.21], [375.43, 348.62, 85.6, 35.67], [171.29, 345.07, 29.93, 25.11], [391.65, 136.02, 113.16, 29.32], [310.42, 343.2, 56.97, 41.57], [33.84, 339.78, 83.4, 38.65], [390.6, 82.58, 15.48, 7.36], [616.28, 151.62, 23.44, 25.95], [234.76, 317.24, 38.52, 35.25], [460.4, 341.59, 96.03, 41.83]]"
2059,/home/pi/sambashare/BacArbeit/cocoval2017/000000153529.jpg,3.1868428070001755,"['0: person', '0: person', '0: person', '28: suitcase', '0: person', '26: handbag', '24: backpack', '24: backpack', '28: suitcase', '24: backpack', '0: person', '26: handbag', '24: backpack', '24: backpack']","[0, 0, 0, 28, 0, 26, 24, 24, 28, 24, 0, 26, 24, 24]","[0.9247852, 0.9210282, 0.89635146, 0.88968915, 0.86206186, 0.8503084, 0.8269968, 0.82369095, 0.81934834, 0.8061053, 0.67613393, 0.66826624, 0.65883785, 0.34615487]","[[192.91, 92.28, 48.41, 162.84], [134.46, 82.28, 57.81, 198.67], [284.74, 45.69, 142.25, 550.42], [224.93, 187.67, 52.85, 72.78], [1, 99.17, 56.51, 308.3], [1, 146.79, 60.59, 135.83], [167.69, 279.73, 126.7, 161.35], [72.77, 253.95, 56.71, 40.58], [162.93, 409.55, 123.9, 220.96], [102.2, 238.88, 44.97, 44.58], [121.2, 93.73, 29.18, 165.94], [113.05, 157.14, 18.02, 43.24], [72.55, 450.07, 92.66, 110.89], [135.99, 353.96, 41.91, 122.45]]"
2060,/home/pi/sambashare/BacArbeit/cocoval2017/000000206411.jpg,3.1900967619994844,"['61: toilet', '0: person']","[61, 0]","[0.89762723, 0.58557445]","[[176.68, 1, 296.66, 360.79], [1.19, 188.78, 173.1, 188.31]]"
2061,/home/pi/sambashare/BacArbeit/cocoval2017/000000092660.jpg,3.1741293219993167,"['41: cup', '39: bottle', '41: cup', '45: bowl', '41: cup', '41: cup', '50: broccoli']","[41, 39, 41, 45, 41, 41, 50]","[0.6708965, 0.66621876, 0.5622324, 0.49166828, 0.42267218, 0.35855073, 0.28135818]","[[302.3, 1, 118.79, 76.66], [1, 1, 86.97, 158.84], [117.75, 1, 74.3, 95.01], [1, 111.03, 631.54, 266.39], [68.29, 1, 61.62, 117.14], [467.46, 11.5, 75.29, 53.52], [201.63, 240.06, 68.86, 77.12]]"
2062,/home/pi/sambashare/BacArbeit/cocoval2017/000000189828.jpg,3.1870539490000738,['4: airplane'],[4],[0.9399614],"[[367.75, 101.77, 198.91, 102.81]]"
2063,/home/pi/sambashare/BacArbeit/cocoval2017/000000219283.jpg,3.196327544000269,"['77: teddy bear', '45: bowl', '0: person']","[77, 45, 0]","[0.90477383, 0.5942507, 0.343503]","[[165.3, 217.14, 143.35, 167.58], [58.92, 322.74, 115.48, 63.16], [470.74, 134.21, 5.56, 24.2]]"
2064,/home/pi/sambashare/BacArbeit/cocoval2017/000000463527.jpg,3.178005069000392,"['41: cup', '39: bottle', '45: bowl', '39: bottle', '41: cup']","[41, 39, 45, 39, 41]","[0.9407015, 0.9146345, 0.8827679, 0.857249, 0.50249445]","[[1, 186.7, 155.41, 189.53], [108.14, 110.63, 76.71, 140.55], [79.69, 51.92, 176.09, 143.64], [36.46, 112.23, 78.77, 80.69], [2.7, 437.95, 110.54, 41.68]]"
2065,/home/pi/sambashare/BacArbeit/cocoval2017/000000534673.jpg,3.1986166770002455,"['0: person', '5: bus', '0: person', '0: person']","[0, 5, 0, 0]","[0.9330037, 0.85426515, 0.27750054, 0.2563974]","[[1, 223.97, 41.23, 99.02], [47.36, 83.7, 555.31, 318.88], [589.46, 278.11, 23.48, 22.45], [627.47, 230.73, 11.91, 18.99]]"
2066,/home/pi/sambashare/BacArbeit/cocoval2017/000000046252.jpg,3.1906677619999755,"['0: person', '0: person', '0: person', '34: baseball bat', '35: baseball glove']","[0, 0, 0, 34, 35]","[0.93741226, 0.90323097, 0.9003623, 0.780657, 0.7667417]","[[146.89, 177.95, 128.82, 177.9], [334.54, 236.8, 88.83, 144.41], [470.32, 174.71, 61.02, 203.55], [205.09, 130.62, 30.6, 64.01], [335.04, 274.07, 25.13, 34.57]]"
2067,/home/pi/sambashare/BacArbeit/cocoval2017/000000157046.jpg,3.182563475000279,['57: couch'],[57],[0.2886399],"[[296.21, 154.29, 200.97, 219.01]]"
2068,/home/pi/sambashare/BacArbeit/cocoval2017/000000190307.jpg,3.1888749990002907,"['0: person', '37: surfboard']","[0, 37]","[0.92212766, 0.70922047]","[[211.02, 29.3, 126.13, 487.2], [232.95, 462.12, 94.43, 70.81]]"
2069,/home/pi/sambashare/BacArbeit/cocoval2017/000000304180.jpg,3.1732453770000575,"['0: person', '0: person', '0: person', '36: skateboard', '0: person', '32: sports ball']","[0, 0, 0, 36, 0, 32]","[0.9178858, 0.91020477, 0.7434749, 0.70354265, 0.32197675, 0.2903556]","[[546.38, 69.57, 93.61, 348.07], [266.38, 97.23, 133.1, 308.45], [1, 1.36, 126.63, 136.44], [270.6, 250.03, 74.07, 150.35], [434.38, 88.76, 70.82, 105.3], [281.35, 297.01, 20.5, 12.52]]"
2070,/home/pi/sambashare/BacArbeit/cocoval2017/000000491130.jpg,3.169276319999881,"['31: snowboard', '0: person', '30: skis']","[31, 0, 30]","[0.9005961, 0.87891674, 0.30449674]","[[5.09, 214.33, 331.53, 365.84], [107.95, 122.96, 298.96, 348.59], [400.25, 465.9, 5.78, 10.53]]"
2071,/home/pi/sambashare/BacArbeit/cocoval2017/000000098633.jpg,3.179339116999472,['55: cake'],[55],[0.5157818],"[[1, 185.02, 409.83, 440.57]]"
2072,/home/pi/sambashare/BacArbeit/cocoval2017/000000052017.jpg,3.1801595370006908,['4: airplane'],[4],[0.94855535],"[[54.22, 80.51, 427.14, 209.41]]"
2073,/home/pi/sambashare/BacArbeit/cocoval2017/000000378673.jpg,3.1827936150002643,"['0: person', '36: skateboard', '0: person', '0: person', '0: person', '0: person', '0: person', '0: person', '2: car', '0: person', '0: person', '0: person', '0: person', '0: person', '0: person', '0: person']","[0, 36, 0, 0, 0, 0, 0, 0, 2, 0, 0, 0, 0, 0, 0, 0]","[0.9495108, 0.87770176, 0.75883985, 0.72212845, 0.5057851, 0.48410922, 0.47613996, 0.4351811, 0.41381875, 0.37386042, 0.3505836, 0.33556813, 0.32887298, 0.29697865, 0.28973672, 0.28151396]","[[238.53, 46.83, 177.03, 223.89], [312.93, 262.91, 98.77, 28.39], [247.11, 173.5, 24.81, 51.33], [600.7, 147.5, 19.95, 22.68], [92.5, 171.71, 19.76, 32.65], [197.23, 180.23, 25.54, 43.46], [76.54, 157.82, 17.63, 37.82], [501.3, 163.47, 13.53, 38.27], [275.74, 178.73, 28.46, 21.35], [509.72, 181.7, 15.58, 29.09], [109.65, 164.99, 17.75, 39.59], [398.72, 180.79, 15.28, 31.34], [444.8, 179.95, 14.26, 32.61], [51.71, 162.07, 17.45, 33.42], [456.56, 180.29, 16.26, 31.34], [489.23, 156.54, 14.41, 38.46]]"
2074,/home/pi/sambashare/BacArbeit/cocoval2017/000000097585.jpg,3.1895195779998176,"['75: vase', '41: cup', '75: vase', '75: vase', '67: cell phone', '73: book']","[75, 41, 75, 75, 67, 73]","[0.8630698, 0.8253994, 0.7794209, 0.49699017, 0.48553994, 0.31091273]","[[275.85, 417.62, 63.57, 160.98], [384.22, 294.45, 94.15, 164.24], [119.22, 1, 88.82, 101.69], [121.32, 463.86, 74.81, 175.45], [256.09, 1, 68.21, 67.0], [392.5, 469.69, 87.09, 169.66]]"
2075,/home/pi/sambashare/BacArbeit/cocoval2017/000000115885.jpg,3.1832644920004896,"['63: laptop', '15: cat']","[63, 15]","[0.83067656, 0.7794334]","[[1.46, 29.79, 359.44, 345.21], [345.68, 3.76, 153.63, 245.42]]"
2076,/home/pi/sambashare/BacArbeit/cocoval2017/000000185890.jpg,3.184397799999715,"['0: person', '0: person', '0: person', '0: person', '65: remote', '65: remote', '0: person', '41: cup', '65: remote']","[0, 0, 0, 0, 65, 65, 0, 41, 65]","[0.9190439, 0.8928249, 0.8664346, 0.7452623, 0.68702483, 0.67469364, 0.529566, 0.38312247, 0.28475535]","[[265.9, 81.19, 224.64, 445.84], [29.08, 41.74, 237.33, 570.32], [173.23, 64.74, 48.86, 66.89], [1, 44.09, 32.96, 190.15], [357.38, 144.35, 17.59, 48.15], [150.1, 160.05, 40.13, 62.74], [61.81, 43.12, 35.09, 37.76], [193.29, 128.86, 12.14, 17.95], [238.67, 106.53, 19.46, 35.06]]"
2077,/home/pi/sambashare/BacArbeit/cocoval2017/000000577959.jpg,3.1763130620001903,"['0: person', '33: kite']","[0, 33]","[0.8302058, 0.45330417]","[[202.92, 277.34, 12.99, 34.71], [379.92, 65.98, 92.21, 119.16]]"
2078,/home/pi/sambashare/BacArbeit/cocoval2017/000000064523.jpg,3.1732625069998903,"['0: person', '0: person', '0: person', '0: person', '0: person', '38: tennis racket', '38: tennis racket', '0: person', '0: person', '0: person', '38: tennis racket', '38: tennis racket', '38: tennis racket', '38: tennis racket', '0: person', '0: person', '38: tennis racket', '38: tennis racket', '38: tennis racket', '38: tennis racket', '38: tennis racket', '38: tennis racket']","[0, 0, 0, 0, 0, 38, 38, 0, 0, 0, 38, 38, 38, 38, 0, 0, 38, 38, 38, 38, 38, 38]","[0.90165997, 0.89221233, 0.8835347, 0.8735171, 0.8221683, 0.8209074, 0.68594664, 0.6814991, 0.6160963, 0.60841763, 0.5761465, 0.5601184, 0.5271561, 0.48273414, 0.4647704, 0.4626499, 0.44085106, 0.35404179, 0.34450036, 0.33686832, 0.2909834, 0.25606948]","[[448.55, 225.81, 91.2, 217.89], [366.52, 229.63, 89.73, 214.37], [283.88, 217.63, 88.49, 225.67], [199.21, 217.21, 90.17, 224.09], [108.55, 222.92, 95.35, 208.93], [126.35, 312.97, 43.78, 127.71], [415.34, 218.04, 42.52, 52.71], [81.77, 151.33, 79.7, 274.26], [449.47, 155.62, 74.45, 125.67], [370.4, 157.34, 82.97, 126.48], [332.37, 205.96, 41.61, 52.43], [185.45, 199.77, 44.42, 51.71], [252.47, 208.17, 34.26, 53.67], [185.71, 237.95, 36.95, 38.45], [298.33, 130.58, 81.31, 143.72], [235.06, 145.18, 68.01, 142.71], [468.69, 219.75, 46.31, 50.04], [67.65, 218.86, 89.15, 70.56], [103.87, 222.21, 48.34, 35.01], [393.37, 324.92, 48.21, 117.35], [321.67, 179.93, 55.82, 92.48], [307.91, 320.51, 47.54, 123.1]]"
2079,/home/pi/sambashare/BacArbeit/cocoval2017/000000263796.jpg,3.1838647940003284,"['71: sink', '61: toilet']","[71, 61]","[0.6540487, 0.32342863]","[[373.13, 379.46, 106.36, 197.68], [179.36, 263.37, 167.88, 329.45]]"
2080,/home/pi/sambashare/BacArbeit/cocoval2017/000000140286.jpg,3.1840787929995713,"['17: horse', '0: person']","[17, 0]","[0.94905305, 0.854363]","[[94.01, 250.38, 175.18, 194.64], [435.2, 225.32, 83.22, 74.8]]"
2081,/home/pi/sambashare/BacArbeit/cocoval2017/000000224200.jpg,3.176149443000213,"['16: dog', '10: fire hydrant']","[16, 10]","[0.9303045, 0.9302238]","[[55.07, 239.73, 257.59, 270.15], [407.84, 3.03, 230.79, 494.19]]"
2082,/home/pi/sambashare/BacArbeit/cocoval2017/000000086755.jpg,3.1895763749998878,"['0: person', '24: backpack', '30: skis', '30: skis', '24: backpack']","[0, 24, 30, 30, 24]","[0.8564034, 0.77013427, 0.6830423, 0.4511437, 0.32869717]","[[324.27, 208.94, 69.97, 116.93], [349.85, 225.49, 26.46, 36.24], [296.67, 288.33, 114.18, 43.63], [305.66, 290.47, 100.53, 18.52], [338.02, 209.24, 35.84, 51.31]]"
2083,/home/pi/sambashare/BacArbeit/cocoval2017/000000007281.jpg,3.1973365590001777,"['0: person', '17: horse', '0: person', '0: person', '0: person', '17: horse', '0: person', '0: person', '0: person', '0: person']","[0, 17, 0, 0, 0, 17, 0, 0, 0, 0]","[0.84540886, 0.83288443, 0.8060475, 0.693539, 0.6604648, 0.65468574, 0.3993282, 0.37329274, 0.3396381, 0.2722805]","[[551.88, 193.36, 16.3, 30.27], [342.9, 191.26, 87.24, 169.4], [333.47, 131.56, 137.86, 163.29], [255.5, 200.12, 5.72, 6.79], [1, 227.48, 31.37, 43.07], [465.59, 121.09, 82.35, 236.99], [593.13, 203.45, 8.5, 11.82], [634.5, 209.87, 4.49, 5.06], [580.27, 210.63, 6.17, 4.91], [599.83, 203.25, 7.86, 11.85]]"
2084,/home/pi/sambashare/BacArbeit/cocoval2017/000000243034.jpg,3.182761102000768,"['74: clock', '0: person', '0: person', '0: person', '8: boat']","[74, 0, 0, 0, 8]","[0.84666955, 0.74059254, 0.59997255, 0.5168762, 0.30709353]","[[195.01, 244.93, 33.17, 31.68], [291.72, 546.28, 17.91, 29.91], [119.88, 544.33, 22.24, 32.05], [276.34, 542.61, 12.87, 26.99], [75.14, 563.74, 31.31, 29.61]]"
2085,/home/pi/sambashare/BacArbeit/cocoval2017/000000461275.jpg,3.186713267000414,[],[],[],[]
2086,/home/pi/sambashare/BacArbeit/cocoval2017/000000501023.jpg,3.174174301999301,"['11: stop sign', '11: stop sign']","[11, 11]","[0.9149013, 0.26908857]","[[66.73, 14.08, 36.56, 35.18], [252.71, 98.23, 56.04, 47.64]]"
2087,/home/pi/sambashare/BacArbeit/cocoval2017/000000041888.jpg,3.184570911999799,"['14: bird', '14: bird', '14: bird']","[14, 14, 14]","[0.9229536, 0.9059478, 0.8338623]","[[197.46, 206.21, 132.17, 102.25], [294.16, 248.89, 94.82, 100.88], [403.49, 256.82, 125.48, 101.21]]"
2088,/home/pi/sambashare/BacArbeit/cocoval2017/000000462904.jpg,3.192714524000621,"['17: horse', '56: chair', '56: chair', '0: person', '0: person', '0: person', '0: person', '0: person', '0: person', '56: chair', '0: person', '56: chair', '25: umbrella', '56: chair', '56: chair', '56: chair', '56: chair', '56: chair', '60: dining table', '56: chair', '56: chair', '56: chair', '56: chair', '56: chair', '60: dining table', '24: backpack', '60: dining table', '25: umbrella', '0: person', '56: chair', '56: chair', '0: person', '56: chair', '25: umbrella', '56: chair', '56: chair', '56: chair', '60: dining table', '60: dining table']","[17, 56, 56, 0, 0, 0, 0, 0, 0, 56, 0, 56, 25, 56, 56, 56, 56, 56, 60, 56, 56, 56, 56, 56, 60, 24, 60, 25, 0, 56, 56, 0, 56, 25, 56, 56, 56, 60, 60]","[0.9532544, 0.8947634, 0.84873134, 0.82733816, 0.78405386, 0.77454215, 0.77412987, 0.6955149, 0.6912134, 0.68760943, 0.6838437, 0.66902524, 0.65986425, 0.6580914, 0.6515182, 0.62952536, 0.6084302, 0.5988257, 0.58142674, 0.549182, 0.5452267, 0.5366541, 0.53499544, 0.5344277, 0.52595323, 0.5244933, 0.5092755, 0.5053214, 0.49716324, 0.45492306, 0.42054394, 0.40982667, 0.4060555, 0.37442264, 0.36565727, 0.3558379, 0.29385906, 0.26977754, 0.2603496]","[[145.52, 185.47, 319.8, 201.87], [456.64, 194.12, 72.86, 91.18], [525.32, 196.0, 75.28, 95.38], [439.58, 136.92, 34.25, 39.55], [414.11, 146.38, 30.56, 33.3], [186.56, 147.39, 26.73, 26.95], [153.07, 148.75, 37.16, 33.96], [469.34, 144.34, 25.03, 34.39], [262.71, 141.34, 18.69, 34.72], [370.88, 177.84, 43.99, 10.11], [212.99, 144.39, 33.75, 34.61], [563.24, 176.07, 41.18, 13.75], [467.12, 107.5, 85.93, 70.89], [477.92, 177.51, 42.99, 9.62], [62.03, 195.92, 84.17, 94.95], [260.55, 180.36, 38.49, 20.48], [406.9, 175.16, 34.97, 10.88], [259.61, 174.66, 29.51, 9.08], [440.64, 174.03, 37.53, 10.11], [224.32, 176.73, 38.85, 26.49], [361.34, 174.0, 28.0, 12.26], [341.44, 173.84, 22.72, 13.14], [525.62, 178.06, 47.49, 11.14], [86.65, 166.2, 29.12, 20.0], [78.52, 186.19, 116.9, 93.19], [120.65, 164.05, 33.54, 25.23], [187.66, 176.94, 34.59, 9.56], [621.35, 118.42, 18.52, 17.64], [277.58, 146.83, 21.85, 22.16], [1, 191.95, 101.14, 181.34], [155.74, 178.74, 34.64, 8.96], [290.7, 144.01, 21.32, 35.76], [618.08, 178.91, 21.92, 11.49], [581.07, 15.16, 58.36, 74.39], [297.46, 173.39, 14.38, 13.97], [191.27, 184.85, 54.9, 24.05], [152.35, 179.3, 50.09, 50.31], [477.14, 183.74, 159.88, 105.45], [58.43, 186.3, 141.85, 18.27]]"
2089,/home/pi/sambashare/BacArbeit/cocoval2017/000000528862.jpg,3.1852409299999636,"['23: giraffe', '23: giraffe', '23: giraffe', '23: giraffe', '23: giraffe', '23: giraffe', '23: giraffe', '14: bird']","[23, 23, 23, 23, 23, 23, 23, 14]","[0.9079314, 0.89318013, 0.8820109, 0.8708205, 0.8149755, 0.7506866, 0.26038525, 0.25734007]","[[254.48, 152.2, 62.65, 121.6], [161.8, 146.97, 42.89, 118.06], [184.3, 66.41, 36.2, 102.38], [232.92, 172.83, 22.33, 76.67], [343.37, 152.14, 23.6, 86.71], [42.79, 104.89, 36.02, 162.17], [323.85, 137.31, 18.67, 81.52], [23.6, 75.08, 21.02, 16.47]]"
2090,/home/pi/sambashare/BacArbeit/cocoval2017/000000092839.jpg,3.192976121999891,['21: bear'],[21],[0.82076126],"[[61.8, 32.3, 571.62, 471.0]]"
2091,/home/pi/sambashare/BacArbeit/cocoval2017/000000013597.jpg,3.1766398580002715,['42: fork'],[42],[0.5543446],"[[53.09, 23.83, 499.39, 391.38]]"
2092,/home/pi/sambashare/BacArbeit/cocoval2017/000000464089.jpg,3.178485892000026,"['0: person', '0: person', '0: person', '0: person', '35: baseball glove', '32: sports ball', '34: baseball bat', '34: baseball bat', '0: person', '34: baseball bat', '0: person']","[0, 0, 0, 0, 35, 32, 34, 34, 0, 34, 0]","[0.94137573, 0.93250424, 0.8928167, 0.890527, 0.87902915, 0.8756775, 0.7390866, 0.672344, 0.6512959, 0.45561767, 0.3612533]","[[320.82, 110.93, 167.72, 325.35], [118.67, 245.89, 186.2, 233.6], [590.55, 105.07, 48.83, 130.39], [34.81, 97.19, 69.91, 201.33], [255.73, 315.01, 50.9, 72.07], [611.25, 323.75, 20.52, 16.88], [343.81, 77.49, 48.34, 133.28], [32.26, 162.47, 30.58, 56.63], [103.08, 130.56, 30.91, 52.54], [32.31, 134.32, 41.71, 118.36], [625.73, 141.86, 14.15, 91.2]]"
2093,/home/pi/sambashare/BacArbeit/cocoval2017/000000109118.jpg,3.1878980749997936,"['0: person', '0: person', '0: person', '35: baseball glove', '35: baseball glove', '56: chair']","[0, 0, 0, 35, 35, 56]","[0.901471, 0.8843161, 0.83156484, 0.58899015, 0.42641214, 0.26902866]","[[112.0, 140.27, 229.53, 494.25], [15.76, 7.46, 168.96, 579.86], [249.72, 34.34, 231.86, 580.11], [404.04, 321.11, 78.99, 97.05], [28.28, 337.46, 29.0, 65.4], [175.19, 437.0, 97.28, 131.14]]"
2094,/home/pi/sambashare/BacArbeit/cocoval2017/000000434204.jpg,3.1744378650000726,"['0: person', '36: skateboard', '0: person', '0: person', '0: person', '13: bench']","[0, 36, 0, 0, 0, 13]","[0.91582215, 0.8912033, 0.87131876, 0.8139725, 0.39343685, 0.39276537]","[[243.68, 1, 79.75, 149.65], [175.68, 195.4, 54.18, 40.09], [67.11, 1, 169.76, 223.32], [182.37, 1, 29.58, 49.63], [66.39, 3.69, 27.41, 51.15], [405.16, 247.02, 93.79, 85.51]]"
2095,/home/pi/sambashare/BacArbeit/cocoval2017/000000497344.jpg,3.181925717000013,"['63: laptop', '0: person', '27: tie', '39: bottle']","[63, 0, 27, 39]","[0.82757634, 0.5450081, 0.46326762, 0.4126197]","[[1.58, 169.31, 203.02, 163.69], [89.26, 1, 404.73, 332], [350.17, 179.07, 148.91, 111.32], [1, 62.37, 45.46, 119.67]]"
2096,/home/pi/sambashare/BacArbeit/cocoval2017/000000249129.jpg,3.1766182740002478,"['56: chair', '56: chair', '77: teddy bear', '56: chair', '56: chair', '56: chair', '77: teddy bear', '77: teddy bear', '56: chair', '77: teddy bear', '77: teddy bear', '77: teddy bear', '60: dining table', '65: remote']","[56, 56, 77, 56, 56, 56, 77, 77, 56, 77, 77, 77, 60, 65]","[0.88386494, 0.84729785, 0.8391527, 0.74922806, 0.74196064, 0.6919025, 0.6850296, 0.66562366, 0.6553658, 0.6416838, 0.5958453, 0.5931028, 0.45828408, 0.35195494]","[[95.59, 200.16, 90.4, 125.07], [200.43, 230.92, 102.78, 147.9], [348.23, 172.27, 81.74, 98.02], [427.78, 157.59, 71.91, 73.37], [1, 140.69, 69.68, 81.87], [345.53, 224.49, 82.17, 93.29], [1, 44.31, 75.84, 122.14], [107.03, 158.2, 85.95, 121.05], [542.62, 256.81, 97.0, 133.78], [579.0, 186.68, 60.93, 137.45], [185.07, 155.82, 112.73, 76.52], [397.2, 145.66, 36.04, 58.85], [257.86, 204.28, 110.28, 129.27], [330.9, 238.61, 12.91, 14.42]]"
2097,/home/pi/sambashare/BacArbeit/cocoval2017/000000545407.jpg,3.1858956999994916,['4: airplane'],[4],[0.9472207],"[[173.91, 174.64, 303.95, 121.15]]"
2098,/home/pi/sambashare/BacArbeit/cocoval2017/000000382122.jpg,3.1863299050000933,['74: clock'],[74],[0.8771984],"[[203.26, 230.71, 27.05, 23.08]]"
2099,/home/pi/sambashare/BacArbeit/cocoval2017/000000290833.jpg,3.190152426000168,"['22: zebra', '22: zebra']","[22, 22]","[0.88765436, 0.7750632]","[[199.18, 53.02, 436.93, 310.09], [16.2, 116.13, 271.81, 240.82]]"
2100,/home/pi/sambashare/BacArbeit/cocoval2017/000000199236.jpg,3.1936287140006243,"['17: horse', '0: person', '0: person', '0: person', '0: person', '0: person', '0: person', '0: person', '0: person', '0: person', '0: person', '0: person', '0: person', '0: person', '0: person']","[17, 0, 0, 0, 0, 0, 0, 0, 0, 0, 0, 0, 0, 0, 0]","[0.93810475, 0.8546043, 0.73544645, 0.68305427, 0.648854, 0.63884306, 0.5466453, 0.477813, 0.47454616, 0.47076252, 0.45799443, 0.44412705, 0.43734944, 0.3121785, 0.29349685]","[[86.24, 124.37, 330.34, 279.66], [222.13, 69.24, 90.05, 230.13], [147.76, 181.93, 31.42, 38.75], [104.75, 183.76, 39.09, 42.07], [51.72, 169.36, 33.98, 72.03], [494.18, 165.95, 39.02, 56.65], [570.62, 170.19, 40.42, 64.72], [416.59, 178.43, 37.51, 107.16], [416.75, 178.37, 36.05, 48.79], [179.66, 182.57, 27.06, 29.99], [1, 171.59, 20.63, 42.95], [536.45, 173.84, 28.23, 48.43], [463.32, 169.35, 38.53, 106.63], [603.71, 176.51, 31.55, 115.77], [28.91, 180.82, 25.54, 38.18]]"
2101,/home/pi/sambashare/BacArbeit/cocoval2017/000000261796.jpg,3.19884250099949,['11: stop sign'],[11],[0.41014746],"[[99.96, 348.68, 7.17, 37.54]]"
2102,/home/pi/sambashare/BacArbeit/cocoval2017/000000483999.jpg,3.1740022309995766,"['0: person', '0: person', '0: person', '0: person', '41: cup', '0: person', '41: cup', '41: cup', '41: cup', '43: knife', '41: cup', '41: cup', '0: person', '39: bottle', '0: person', '0: person', '56: chair', '44: spoon', '56: chair', '41: cup', '41: cup', '60: dining table', '41: cup', '41: cup', '41: cup', '39: bottle', '41: cup', '60: dining table', '0: person', '39: bottle', '39: bottle', '56: chair', '44: spoon', '56: chair', '39: bottle', '39: bottle', '41: cup', '60: dining table', '56: chair', '41: cup', '41: cup', '39: bottle', '39: bottle', '41: cup', '41: cup', '41: cup', '41: cup', '45: bowl']","[0, 0, 0, 0, 41, 0, 41, 41, 41, 43, 41, 41, 0, 39, 0, 0, 56, 44, 56, 41, 41, 60, 41, 41, 41, 39, 41, 60, 0, 39, 39, 56, 44, 56, 39, 39, 41, 60, 56, 41, 41, 39, 39, 41, 41, 41, 41, 45]","[0.90322524, 0.8549314, 0.85488486, 0.8396414, 0.8362876, 0.8291974, 0.82711536, 0.81466305, 0.8075096, 0.7962482, 0.7921875, 0.7703784, 0.7674425, 0.73955876, 0.73629904, 0.72614104, 0.7203389, 0.7171299, 0.68990636, 0.68905616, 0.6621314, 0.63164055, 0.6311651, 0.6088801, 0.5756843, 0.5672854, 0.4967948, 0.48113608, 0.47820672, 0.44767374, 0.4374742, 0.40874517, 0.3962035, 0.3958828, 0.39109522, 0.37564382, 0.36603734, 0.3373991, 0.32316077, 0.30625042, 0.3035075, 0.3019071, 0.2981084, 0.29761145, 0.28552878, 0.2832564, 0.26381043, 0.25805983]","[[1, 197.9, 132.45, 228.78], [103.16, 166.05, 129.4, 222.59], [401.08, 137.67, 105.34, 193.93], [193.85, 103.37, 83.37, 129.24], [337.88, 303.71, 31.73, 48.14], [283.69, 243.3, 355.4, 183.29], [256.63, 274.02, 27.28, 23.09], [374.87, 386.62, 41.31, 41.38], [320.96, 282.18, 28.58, 25.97], [137.56, 406.1, 82.95, 18.21], [335.99, 208.12, 18.84, 20.85], [246.1, 241.79, 23.86, 40.52], [363.86, 115.5, 75.68, 155.54], [301.26, 308.51, 27.22, 55.52], [109.97, 123.84, 75.49, 100.2], [1, 127.33, 29.75, 85.0], [560.22, 148.56, 28.7, 36.49], [173.88, 354.25, 20.08, 29.52], [533.11, 150.9, 27.68, 35.35], [251.98, 211.1, 18.77, 32.03], [325.21, 216.41, 20.69, 18.19], [554.36, 172.19, 85.64, 36.14], [293.36, 232.56, 24.33, 21.45], [299.81, 264.1, 28.54, 28.16], [197.55, 347.31, 23.35, 52.09], [336.08, 245.75, 23.55, 48.71], [319.45, 223.95, 18.48, 24.09], [334.64, 155.54, 62.71, 39.58], [441.98, 118.82, 67.83, 67.7], [218.93, 286.13, 71.3, 139.56], [289.86, 254.67, 11.91, 31.48], [93.94, 202.72, 25.78, 25.95], [370.02, 285.71, 24.1, 15.3], [486.45, 168.64, 28.03, 23.63], [331.74, 187.23, 15.68, 23.33], [289.74, 157.48, 29.82, 75.89], [325.98, 389.4, 45.05, 38.42], [139.96, 172.66, 283.53, 241.61], [340.8, 131.76, 17.68, 26.26], [625.8, 173.62, 13.74, 16.09], [264.11, 202.16, 21.78, 18.31], [293.59, 400.87, 26.05, 27.13], [305.07, 245.39, 27.3, 36.93], [283.27, 224.06, 13.56, 20.05], [612.33, 175.38, 12.1, 14.74], [268.71, 215.1, 16.92, 37.74], [298.79, 420.74, 31.78, 7.13], [357.1, 218.53, 25.07, 11.46]]"
2103,/home/pi/sambashare/BacArbeit/cocoval2017/000000492077.jpg,3.180529106999529,"['0: person', '0: person', '1: bicycle', '2: car', '0: person', '0: person', '6: train', '0: person', '26: handbag', '0: person', '1: bicycle', '1: bicycle', '2: car', '2: car', '1: bicycle', '0: person', '0: person', '0: person', '0: person', '0: person', '26: handbag']","[0, 0, 1, 2, 0, 0, 6, 0, 26, 0, 1, 1, 2, 2, 1, 0, 0, 0, 0, 0, 26]","[0.9342197, 0.8961314, 0.79801154, 0.72056764, 0.71627605, 0.64990383, 0.5858566, 0.5670233, 0.5600009, 0.53980994, 0.50872314, 0.4391945, 0.43542787, 0.42816207, 0.402609, 0.37230486, 0.37009647, 0.3512785, 0.3295837, 0.28181258, 0.25812095]","[[1, 114.13, 194.56, 365.87], [485.51, 172.08, 26.62, 51.5], [188.09, 290.96, 87.17, 165.43], [319.68, 177.56, 23.41, 20.39], [248.52, 161.73, 64.47, 133.17], [172.4, 156.85, 105.29, 290.11], [1, 1.88, 182.64, 250.53], [317.64, 180.66, 19.59, 29.56], [503.13, 199.78, 10.21, 16.02], [296.48, 173.67, 35.57, 120.89], [262.46, 238.59, 39.38, 97.9], [40.81, 406.64, 55.57, 73.17], [357.77, 179.87, 11.12, 7.47], [344.24, 180.26, 9.91, 7.63], [315.97, 239.61, 11.85, 29.64], [464.96, 173.0, 7.47, 16.36], [245.47, 176.12, 21.78, 35.53], [301.66, 176.65, 33.66, 44.64], [504.9, 170.11, 9.65, 22.28], [515.28, 171.62, 6.37, 21.68], [319.32, 221.24, 15.18, 21.76]]"
2104,/home/pi/sambashare/BacArbeit/cocoval2017/000000340697.jpg,3.1825038280003355,"['39: bottle', '39: bottle', '39: bottle', '39: bottle', '39: bottle', '39: bottle', '39: bottle', '39: bottle', '39: bottle', '39: bottle', '39: bottle', '39: bottle', '39: bottle', '39: bottle', '39: bottle']","[39, 39, 39, 39, 39, 39, 39, 39, 39, 39, 39, 39, 39, 39, 39]","[0.6018689, 0.59509844, 0.5675897, 0.56074905, 0.5516308, 0.5142738, 0.51372415, 0.48607212, 0.47147003, 0.44053736, 0.40884423, 0.36242697, 0.31368876, 0.2870391, 0.2635968]","[[254.15, 113.67, 64.77, 171.95], [390.94, 1, 81.52, 62.52], [317.36, 114.06, 68.3, 174.82], [121.17, 113.22, 70.6, 177.32], [440.32, 157.78, 59.31, 139.86], [320.77, 1, 71.38, 60.11], [186.51, 78.11, 67.36, 214.16], [468.44, 1, 31.22, 67.83], [375.7, 112.86, 82.11, 179.82], [48.38, 112.24, 86.17, 174.02], [1, 113.69, 79.77, 197.11], [446.38, 103.92, 53.2, 125.03], [4.6, 1, 77.95, 64.03], [234.94, 1, 75.06, 60.34], [78.77, 1, 77.01, 62.23]]"
2105,/home/pi/sambashare/BacArbeit/cocoval2017/000000034417.jpg,3.175457708000067,"['54: donut', '54: donut', '0: person', '54: donut', '0: person', '54: donut', '54: donut', '0: person', '54: donut', '0: person', '0: person', '54: donut', '54: donut', '26: handbag', '0: person', '54: donut', '54: donut']","[54, 54, 0, 54, 0, 54, 54, 0, 54, 0, 0, 54, 54, 26, 0, 54, 54]","[0.8784153, 0.87080413, 0.8449579, 0.8361865, 0.8360238, 0.80173343, 0.76680595, 0.7340364, 0.64963686, 0.62114656, 0.5513627, 0.54439616, 0.45780724, 0.3594301, 0.33028528, 0.28608578, 0.25832784]","[[120.04, 188.04, 37.33, 20.83], [83.64, 205.58, 39.03, 25.41], [373.42, 72.79, 64.05, 47.44], [102.13, 179.82, 37.8, 22.47], [339.06, 51.74, 39.83, 71.78], [46.01, 231.28, 33.37, 27.31], [63.36, 199.68, 37.79, 25.01], [290.13, 57.94, 22.9, 42.13], [202.34, 187.2, 29.59, 15.11], [120.34, 48.66, 38.66, 90.57], [444.72, 54.34, 27.17, 33.06], [162.56, 185.86, 33.4, 16.34], [234.0, 187.7, 27.42, 13.55], [128.17, 65.12, 41.05, 60.08], [459.9, 59.64, 39.86, 35.32], [176.88, 181.34, 29.99, 13.98], [143.68, 179.45, 31.24, 14.91]]"
2106,/home/pi/sambashare/BacArbeit/cocoval2017/000000481413.jpg,3.192877608999879,"['0: person', '29: frisbee']","[0, 29]","[0.94619334, 0.91778326]","[[202.13, 99.83, 132.32, 235.63], [291.11, 203.33, 61.11, 82.09]]"
2107,/home/pi/sambashare/BacArbeit/cocoval2017/000000105335.jpg,3.1881226039995454,"['45: bowl', '0: person', '45: bowl']","[45, 0, 45]","[0.64468163, 0.32375568, 0.28618154]","[[1, 233.08, 598.75, 346.18], [110.58, 1, 499.02, 257.92], [443.68, 1, 167.84, 53.49]]"
2108,/home/pi/sambashare/BacArbeit/cocoval2017/000000488736.jpg,3.1872226099994805,"['74: clock', '74: clock']","[74, 74]","[0.88510567, 0.8541755]","[[179.36, 189.87, 133.1, 152.79], [339.48, 193.06, 74.52, 156.93]]"
2109,/home/pi/sambashare/BacArbeit/cocoval2017/000000173371.jpg,3.183773163999831,"['42: fork', '43: knife', '42: fork', '42: fork', '41: cup', '53: pizza', '43: knife', '50: broccoli']","[42, 43, 42, 42, 41, 53, 43, 50]","[0.9335643, 0.9315429, 0.9159499, 0.9142333, 0.8951225, 0.8344589, 0.52933604, 0.31424892]","[[310.08, 1, 201.86, 83.97], [423.72, 6.62, 188.02, 155.43], [32.84, 352.43, 47.66, 221.61], [566.21, 394.58, 45.42, 217.33], [551.94, 45.41, 59.87, 119.78], [287.72, 390.4, 155.3, 139.25], [594.22, 502.38, 17.55, 96.27], [87.97, 1, 88.26, 53.13]]"
2110,/home/pi/sambashare/BacArbeit/cocoval2017/000000348881.jpg,3.1760966050005663,"['0: person', '4: airplane', '8: boat', '26: handbag']","[0, 4, 8, 26]","[0.7949687, 0.7491799, 0.67606807, 0.46102706]","[[564.3, 272.16, 35.63, 73.31], [1.61, 5.09, 153.76, 223.98], [577.34, 188.25, 62.4, 56.2], [561.3, 313.3, 11.93, 20.61]]"
2111,/home/pi/sambashare/BacArbeit/cocoval2017/000000204871.jpg,3.1756055050000214,"['10: fire hydrant', '2: car', '2: car', '2: car', '0: person', '2: car', '2: car']","[10, 2, 2, 2, 0, 2, 2]","[0.93696654, 0.90300643, 0.8865811, 0.8797173, 0.8321718, 0.45038053, 0.250517]","[[118.77, 50.64, 417.89, 557.95], [432.89, 129.3, 72.25, 55.55], [555.95, 118.6, 55.83, 66.81], [365.35, 114.35, 90.2, 79.43], [189.58, 106.55, 23.59, 81.09], [496.49, 134.43, 64.9, 37.13], [549.87, 131.7, 21.86, 37.49]]"
2112,/home/pi/sambashare/BacArbeit/cocoval2017/000000120777.jpg,3.184853922000002,"['41: cup', '41: cup', '56: chair', '15: cat']","[41, 41, 56, 15]","[0.75170606, 0.7029281, 0.694795, 0.2745212]","[[284.05, 12.57, 91.13, 131.75], [78.01, 1, 119.42, 59.11], [442.67, 155.88, 56.67, 217.71], [1, 1, 23.07, 66.38]]"
2113,/home/pi/sambashare/BacArbeit/cocoval2017/000000483667.jpg,3.175247338999725,"['27: tie', '0: person']","[27, 0]","[0.8937689, 0.64183795]","[[198.97, 397.0, 55.12, 242.52], [1, 3.73, 423.14, 629.34]]"
2114,/home/pi/sambashare/BacArbeit/cocoval2017/000000410496.jpg,3.2014885589996993,"['0: person', '38: tennis racket', '0: person', '0: person', '0: person', '0: person', '0: person', '0: person', '0: person', '0: person', '0: person', '0: person', '0: person', '0: person', '0: person']","[0, 38, 0, 0, 0, 0, 0, 0, 0, 0, 0, 0, 0, 0, 0]","[0.92396754, 0.88450307, 0.6508629, 0.6072234, 0.5819065, 0.5705472, 0.55780333, 0.5275729, 0.49258092, 0.4915709, 0.42895615, 0.33000302, 0.3229125, 0.31696403, 0.2956066]","[[35.24, 91.31, 212.67, 525.22], [18.61, 7.34, 81.97, 197.51], [253.26, 53.79, 63.77, 106.84], [241.39, 117.37, 69.59, 100.82], [75.09, 44.63, 62.52, 130.62], [1, 126.67, 47.19, 92.32], [301.64, 181.54, 76.94, 54.34], [1, 196.69, 32.19, 45.44], [301.04, 126.62, 74.83, 100.39], [244.44, 190.52, 58.43, 47.15], [234.92, 1, 66.44, 86.24], [61.48, 118.9, 45.05, 89.18], [67.47, 1, 71.6, 84.24], [128.87, 1, 70.5, 84.77], [367.54, 72.27, 59.31, 126.71]]"
2115,/home/pi/sambashare/BacArbeit/cocoval2017/000000159282.jpg,3.1770772370000486,"['75: vase', '56: chair']","[75, 56]","[0.8915256, 0.3768506]","[[230.68, 176.19, 78.8, 248.46], [63.14, 73.75, 141.86, 121.21]]"
2116,/home/pi/sambashare/BacArbeit/cocoval2017/000000026564.jpg,3.1812790160001896,"['63: laptop', '64: mouse', '62: tv', '66: keyboard', '64: mouse', '66: keyboard', '39: bottle', '73: book', '73: book', '73: book', '73: book', '73: book', '66: keyboard', '73: book', '73: book', '73: book']","[63, 64, 62, 66, 64, 66, 39, 73, 73, 73, 73, 73, 66, 73, 73, 73]","[0.9291576, 0.92467886, 0.8984673, 0.8849412, 0.813747, 0.78034085, 0.77056444, 0.6481212, 0.5623421, 0.47977027, 0.41575655, 0.38422403, 0.35689867, 0.3536192, 0.327616, 0.32100603]","[[432.78, 192.32, 149.61, 108.42], [422.26, 326.01, 47.63, 39.06], [251.57, 93.02, 151.59, 137.47], [215.59, 291.66, 194.55, 37.1], [409.75, 280.61, 25.87, 21.22], [235.49, 265.95, 173.94, 32.32], [552.48, 238.56, 54.83, 114.93], [50.69, 293.74, 123.42, 56.07], [153.27, 170.53, 46.61, 101.08], [119.02, 192.9, 32.06, 75.61], [132.08, 190.39, 36.57, 79.64], [105.68, 193.57, 33.59, 75.05], [459.03, 257.98, 97.38, 29.44], [63.17, 194.87, 27.04, 77.87], [66.37, 264.97, 95.3, 24.55], [94.11, 191.82, 22.89, 77.76]]"
2117,/home/pi/sambashare/BacArbeit/cocoval2017/000000529762.jpg,3.1996004029997493,"['40: wine glass', '45: bowl', '0: person', '67: cell phone', '56: chair', '60: dining table', '63: laptop']","[40, 45, 0, 67, 56, 60, 63]","[0.8699692, 0.8140505, 0.593994, 0.42159066, 0.38563183, 0.3147855, 0.2901883]","[[416.92, 167.47, 83.36, 226.44], [137.69, 346.56, 184.74, 109.51], [229.72, 60.56, 408.35, 290.43], [212.83, 259.69, 109.05, 47.08], [562.69, 146.74, 76.83, 89.52], [1, 315.08, 639, 162.26], [1, 311.02, 210.1, 57.96]]"
2118,/home/pi/sambashare/BacArbeit/cocoval2017/000000250127.jpg,3.1812476340001012,"['25: umbrella', '0: person', '26: handbag', '13: bench']","[25, 0, 26, 13]","[0.9081187, 0.90808934, 0.7899969, 0.69491583]","[[139.38, 141.73, 269.73, 162.45], [235.47, 183.97, 141.94, 420.48], [219.53, 252.4, 64.0, 155.67], [548.74, 498.04, 90.22, 81.5]]"
2119,/home/pi/sambashare/BacArbeit/cocoval2017/000000052507.jpg,3.185606203000134,"['37: surfboard', '0: person']","[37, 0]","[0.81849235, 0.56930447]","[[65.9, 145.83, 191.75, 101.04], [103.46, 133.79, 90.92, 140.49]]"
2120,/home/pi/sambashare/BacArbeit/cocoval2017/000000494759.jpg,3.1737829409994447,"['0: person', '0: person', '33: kite', '33: kite']","[0, 0, 33, 33]","[0.9308256, 0.9240319, 0.76556486, 0.363537]","[[466.24, 265.43, 44.91, 134.96], [515.77, 264.74, 49.54, 130.93], [264.36, 87.04, 118.36, 85.09], [112.19, 84.98, 271.64, 92.56]]"
2121,/home/pi/sambashare/BacArbeit/cocoval2017/000000070229.jpg,3.1869092150000142,"['0: person', '77: teddy bear', '13: bench', '13: bench']","[0, 77, 13, 13]","[0.9065929, 0.718687, 0.4046644, 0.25676394]","[[452.93, 312.49, 24.45, 70.38], [1, 262.31, 320.44, 376.17], [291.27, 373.05, 57.67, 52.95], [301.59, 440.87, 178.07, 198.03]]"
2122,/home/pi/sambashare/BacArbeit/cocoval2017/000000291861.jpg,3.1885735890000433,['22: zebra'],[22],[0.8780409],"[[110.73, 60.09, 528.01, 365.37]]"
2123,/home/pi/sambashare/BacArbeit/cocoval2017/000000280930.jpg,3.1849951609992786,"['0: person', '39: bottle', '39: bottle', '39: bottle', '69: oven', '39: bottle', '39: bottle', '39: bottle', '39: bottle']","[0, 39, 39, 39, 69, 39, 39, 39, 39]","[0.8313841, 0.57022494, 0.52125543, 0.48262334, 0.434986, 0.39752594, 0.3169712, 0.29334834, 0.25203738]","[[249.44, 3.21, 276.64, 419.92], [317.27, 1, 22.41, 20.68], [297.17, 1, 23.51, 21.64], [277.77, 1, 21.07, 23.22], [1, 225.58, 241.76, 198.73], [242.46, 50.87, 41.19, 38.53], [266.9, 1, 12.02, 24.63], [244.11, 1, 17.65, 25.84], [257.32, 1, 14.73, 25.3]]"
2124,/home/pi/sambashare/BacArbeit/cocoval2017/000000146831.jpg,3.199544862000039,"['0: person', '36: skateboard', '0: person', '2: car']","[0, 36, 0, 2]","[0.9186974, 0.8855416, 0.8833415, 0.8309489]","[[1, 249.68, 106.33, 157.04], [294.6, 310.47, 73.76, 59.17], [269.9, 149.01, 95.58, 218.53], [124.58, 132.43, 123.45, 22.95]]"
2125,/home/pi/sambashare/BacArbeit/cocoval2017/000000341719.jpg,3.183604970000488,"['31: snowboard', '0: person', '0: person', '0: person', '0: person', '0: person', '30: skis', '30: skis', '30: skis']","[31, 0, 0, 0, 0, 0, 30, 30, 30]","[0.8584509, 0.85571903, 0.75530595, 0.7514954, 0.721168, 0.64147806, 0.5286823, 0.43508753, 0.31256437]","[[540.66, 297.36, 50.25, 112.54], [318.87, 255.75, 47.64, 121.19], [401.29, 255.43, 11.84, 29.77], [371.69, 256.95, 28.62, 55.44], [354.87, 259.44, 17.96, 54.43], [410.41, 256.27, 10.24, 28.17], [293.48, 356.65, 79.86, 29.25], [398.98, 282.25, 20.57, 4.45], [385.04, 306.66, 26.66, 5.81]]"
2126,/home/pi/sambashare/BacArbeit/cocoval2017/000000232649.jpg,3.1793519650000235,"['61: toilet', '0: person', '41: cup', '71: sink']","[61, 0, 41, 71]","[0.91416544, 0.9013048, 0.8124588, 0.80349696]","[[238.1, 319.68, 136.87, 179.55], [3.24, 1, 88.51, 105.42], [56.37, 205.81, 26.12, 47.76], [1, 233.11, 206.43, 149.49]]"
2127,/home/pi/sambashare/BacArbeit/cocoval2017/000000088269.jpg,3.175630132999686,"['44: spoon', '45: bowl']","[44, 45]","[0.9288949, 0.77611536]","[[342.8, 19.11, 242.57, 127.98], [19.72, 2.15, 505.88, 313.26]]"
2128,/home/pi/sambashare/BacArbeit/cocoval2017/000000519688.jpg,3.191052667000804,"['16: dog', '0: person']","[16, 0]","[0.8157026, 0.60380965]","[[1.41, 314.2, 323.98, 325.01], [142.41, 35.42, 378.59, 599.39]]"
2129,/home/pi/sambashare/BacArbeit/cocoval2017/000000435003.jpg,3.1807252769995102,"['63: laptop', '66: keyboard', '56: chair', '62: tv', '62: tv', '64: mouse', '66: keyboard', '67: cell phone', '67: cell phone']","[63, 66, 56, 62, 62, 64, 66, 67, 67]","[0.95416385, 0.9412386, 0.92366445, 0.88747746, 0.8687857, 0.7341864, 0.5481171, 0.513793, 0.33231866]","[[1, 194.38, 239.1, 163.84], [250.87, 244.63, 154.44, 44.19], [235.46, 190.48, 404.54, 236.52], [176.36, 114.21, 159.47, 118.62], [335.06, 133.01, 85.3, 88.44], [432.39, 249.64, 33.81, 15.49], [49.17, 269.27, 156.68, 62.23], [453.45, 196.79, 22.18, 36.4], [503.49, 219.08, 18.05, 28.15]]"
2130,/home/pi/sambashare/BacArbeit/cocoval2017/000000558114.jpg,3.192471059000127,"['0: person', '0: person', '0: person', '0: person', '0: person', '0: person', '0: person', '27: tie', '0: person', '0: person', '0: person', '0: person', '0: person', '0: person', '0: person']","[0, 0, 0, 0, 0, 0, 0, 27, 0, 0, 0, 0, 0, 0, 0]","[0.92781484, 0.8977302, 0.8930334, 0.88543105, 0.87861073, 0.54799813, 0.44768366, 0.40770268, 0.4029592, 0.31723794, 0.30758038, 0.2958246, 0.28845543, 0.28805566, 0.25391176]","[[315.38, 183.63, 170.37, 294.54], [1, 170.95, 83.26, 308.83], [253.61, 178.23, 136.05, 282.98], [549.39, 155.08, 90.16, 312.94], [458.58, 165.74, 104.14, 300.73], [535.26, 457.17, 40.64, 22.54], [354.9, 460.36, 52.22, 19.3], [302.29, 221.42, 12.43, 37.76], [272.89, 216.74, 25.4, 39.26], [554.08, 164.05, 28.3, 37.69], [581.18, 143.34, 27.54, 36.27], [196.93, 237.26, 32.43, 39.51], [594.11, 437.15, 45.51, 42.45], [265.63, 197.24, 31.78, 32.76], [221.22, 197.26, 21.96, 41.68]]"
2131,/home/pi/sambashare/BacArbeit/cocoval2017/000000344816.jpg,3.1839191550006944,['6: train'],[6],[0.7483859],"[[149.36, 40.32, 360.2, 340.52]]"
2132,/home/pi/sambashare/BacArbeit/cocoval2017/000000000785.jpg,3.1829557940000086,"['0: person', '30: skis']","[0, 30]","[0.9274912, 0.7528885]","[[279.58, 42.9, 218.27, 349.97], [209.47, 362.85, 403.04, 36.73]]"
2133,/home/pi/sambashare/BacArbeit/cocoval2017/000000174018.jpg,3.177726387999428,"['77: teddy bear', '77: teddy bear']","[77, 77]","[0.7178492, 0.54837674]","[[2.5, 12.94, 223.94, 316.02], [100.34, 1.04, 399.58, 348.71]]"
2134,/home/pi/sambashare/BacArbeit/cocoval2017/000000013659.jpg,3.1828735690005487,"['0: person', '41: cup', '56: chair', '56: chair', '56: chair', '63: laptop', '56: chair', '63: laptop', '0: person', '0: person', '62: tv', '56: chair', '56: chair', '73: book', '56: chair', '26: handbag', '60: dining table', '63: laptop', '0: person', '62: tv', '66: keyboard', '39: bottle', '39: bottle', '66: keyboard', '60: dining table', '0: person', '73: book', '62: tv']","[0, 41, 56, 56, 56, 63, 56, 63, 0, 0, 62, 56, 56, 73, 56, 26, 60, 63, 0, 62, 66, 39, 39, 66, 60, 0, 73, 62]","[0.94038826, 0.89530164, 0.8892291, 0.8819295, 0.8779147, 0.8671006, 0.85898715, 0.8446323, 0.843296, 0.8400806, 0.821092, 0.81451994, 0.7919969, 0.72441757, 0.59102464, 0.5788813, 0.5516505, 0.47064814, 0.4391737, 0.40846732, 0.3823733, 0.37465185, 0.3557869, 0.3184692, 0.3014994, 0.2760254, 0.25997368, 0.2530593]","[[156.93, 217.97, 221.18, 261.24], [87.04, 322.03, 29.97, 48.93], [306.67, 145.11, 82.77, 124.61], [364.6, 288.56, 124.21, 175.09], [189.03, 126.17, 75.47, 66.32], [97.05, 251.42, 103.42, 82.95], [478.46, 173.45, 104.75, 148.17], [50.75, 344.9, 146.88, 118.61], [405.33, 10.52, 88.98, 141.26], [333.21, 93.27, 123.03, 170.23], [194.36, 78.03, 40.59, 38.32], [375.65, 415.77, 44.88, 63.72], [288.83, 217.41, 40.02, 93.27], [147.66, 332.72, 78.0, 37.44], [41.85, 175.01, 47.25, 26.96], [610.55, 303.35, 29.07, 70.64], [382.1, 150.62, 187.84, 131.28], [185.22, 197.75, 105.48, 94.62], [517.2, 72.5, 122.49, 225.42], [339.23, 91.48, 44.2, 36.9], [112.48, 404.0, 76.05, 47.77], [35.6, 420.28, 38.32, 59.72], [469.21, 143.93, 10.84, 20.28], [132.48, 302.63, 52.13, 28.27], [378.59, 148.59, 190.76, 41.4], [569.33, 153.36, 70.49, 146.89], [1, 439.01, 34.82, 40.72], [1, 235.02, 7.73, 54.64]]"
2135,/home/pi/sambashare/BacArbeit/cocoval2017/000000409358.jpg,3.182335847000104,"['61: toilet', '71: sink']","[61, 71]","[0.775644, 0.31012815]","[[80.41, 391.96, 228.82, 218.28], [314.0, 345.4, 297.17, 79.63]]"
2136,/home/pi/sambashare/BacArbeit/cocoval2017/000000166642.jpg,3.1821312479996777,"['20: elephant', '20: elephant', '20: elephant']","[20, 20, 20]","[0.8482077, 0.36397058, 0.350902]","[[58.19, 61.69, 483.7, 264.44], [1.23, 284.93, 181.42, 193.98], [171.68, 271.08, 463.08, 208.53]]"
2137,/home/pi/sambashare/BacArbeit/cocoval2017/000000303908.jpg,3.18770661400049,"['13: bench', '8: boat', '8: boat']","[13, 8, 8]","[0.8458758, 0.7003628, 0.31418556]","[[93.28, 201.03, 522.51, 224.75], [347.11, 60.02, 53.66, 21.58], [268.32, 65.43, 88.07, 17.75]]"
2138,/home/pi/sambashare/BacArbeit/cocoval2017/000000562121.jpg,3.187379201999647,"['22: zebra', '22: zebra', '22: zebra', '22: zebra', '22: zebra']","[22, 22, 22, 22, 22]","[0.8010604, 0.75336075, 0.61838984, 0.38441515, 0.25676125]","[[92.95, 228.59, 67.43, 60.67], [364.11, 198.53, 121.17, 207.3], [319.65, 215.43, 90.04, 178.26], [1, 286.97, 6.91, 50.48], [1, 255.44, 9.37, 83.37]]"
2139,/home/pi/sambashare/BacArbeit/cocoval2017/000000217285.jpg,3.1906605069998477,"['0: person', '0: person', '0: person', '35: baseball glove', '34: baseball bat', '0: person', '56: chair', '56: chair', '29: frisbee', '56: chair', '56: chair', '0: person', '0: person', '56: chair', '56: chair', '0: person', '0: person', '56: chair', '56: chair', '0: person', '56: chair', '0: person', '0: person', '0: person', '0: person']","[0, 0, 0, 35, 34, 0, 56, 56, 29, 56, 56, 0, 0, 56, 56, 0, 0, 56, 56, 0, 56, 0, 0, 0, 0]","[0.9291395, 0.9282389, 0.8684517, 0.8113832, 0.65924907, 0.64497167, 0.57691777, 0.5531197, 0.54151326, 0.53267497, 0.5252112, 0.49134573, 0.49089843, 0.4459691, 0.39861587, 0.39317057, 0.3886847, 0.38230985, 0.35479727, 0.3317766, 0.32349476, 0.32238963, 0.3222527, 0.3024811, 0.25855082]","[[373.68, 212.69, 102.93, 213.75], [260.78, 160.65, 112.36, 252.87], [509.9, 168.49, 75.0, 257.78], [408.59, 321.29, 37.67, 36.15], [321.32, 127.8, 23.26, 68.89], [131.17, 170.25, 56.84, 60.29], [457.27, 100.83, 37.6, 22.44], [559.16, 104.77, 37.37, 22.0], [591.56, 303.52, 47.68, 15.2], [525.94, 103.96, 35.45, 22.09], [491.11, 102.56, 37.29, 21.78], [236.71, 173.67, 46.61, 52.44], [576.71, 184.64, 52.9, 85.86], [594.52, 104.02, 36.36, 25.01], [593.88, 88.18, 34.78, 21.11], [27.49, 156.37, 62.52, 73.28], [362.7, 82.82, 78.36, 38.57], [528.14, 85.78, 34.91, 17.45], [560.05, 87.28, 35.89, 18.05], [175.7, 49.46, 47.37, 64.52], [626.98, 89.08, 12.48, 20.23], [240.24, 49.76, 72.19, 65.32], [133.62, 70.73, 42.08, 41.55], [463.67, 46.56, 56.66, 57.78], [308.75, 75.68, 43.93, 41.91]]"
2140,/home/pi/sambashare/BacArbeit/cocoval2017/000000165336.jpg,3.1760687129999496,"['23: giraffe', '23: giraffe', '22: zebra']","[23, 23, 22]","[0.9439505, 0.9433502, 0.6138846]","[[208.11, 175.4, 150.19, 235.49], [309.79, 135.49, 168.95, 279.4], [160.76, 330.03, 62.32, 58.35]]"
2141,/home/pi/sambashare/BacArbeit/cocoval2017/000000189451.jpg,3.173493274000066,"['43: knife', '55: cake', '42: fork', '42: fork']","[43, 55, 42, 42]","[0.9064714, 0.7893671, 0.7050442, 0.37907994]","[[213.52, 1, 108.77, 215.48], [311.88, 30.32, 228.04, 274.41], [96.89, 1, 130.13, 186.14], [147.56, 1, 36.84, 103.28]]"
2142,/home/pi/sambashare/BacArbeit/cocoval2017/000000193743.jpg,3.191390644999956,"['0: person', '38: tennis racket', '0: person', '0: person', '0: person', '38: tennis racket']","[0, 38, 0, 0, 0, 38]","[0.93320924, 0.7369039, 0.668497, 0.36591107, 0.33592528, 0.3263643]","[[116.12, 45.45, 286.63, 588.85], [374.98, 372.24, 14.59, 162.96], [370.41, 1, 55.49, 42.85], [340.48, 614.71, 78.83, 25.04], [93.06, 602.33, 228.37, 37.24], [140.44, 91.9, 55.22, 40.35]]"
2143,/home/pi/sambashare/BacArbeit/cocoval2017/000000164115.jpg,3.1859312870001304,"['37: surfboard', '13: bench']","[37, 13]","[0.90458226, 0.26265207]","[[117.84, 201.52, 214.14, 209.79], [1, 172.77, 254.04, 217.18]]"
2144,/home/pi/sambashare/BacArbeit/cocoval2017/000000402118.jpg,3.1849754249997204,"['0: person', '31: snowboard']","[0, 31]","[0.94093627, 0.9310593]","[[185.43, 66.22, 303.19, 240.93], [207.15, 269.94, 323.54, 64.85]]"
2145,/home/pi/sambashare/BacArbeit/cocoval2017/000000500565.jpg,3.181830338000509,"['79: toothbrush', '0: person', '0: person', '26: handbag']","[79, 0, 0, 26]","[0.82285935, 0.62467504, 0.33215246, 0.31996349]","[[375.96, 301.14, 107.5, 81.7], [334.28, 85.09, 304.68, 379.17], [1, 2.32, 629.82, 462.69], [34.22, 329.73, 359.22, 135.54]]"
2146,/home/pi/sambashare/BacArbeit/cocoval2017/000000005477.jpg,3.1744667229995684,"['4: airplane', '4: airplane']","[4, 4]","[0.8083285, 0.73249567]","[[11.39, 105.4, 622.01, 183.41], [40.88, 249.65, 82.69, 25.16]]"
2147,/home/pi/sambashare/BacArbeit/cocoval2017/000000087476.jpg,3.1896366200007833,"['0: person', '0: person', '0: person', '37: surfboard', '36: skateboard', '0: person', '0: person', '0: person', '0: person', '24: backpack', '0: person', '63: laptop']","[0, 0, 0, 37, 36, 0, 0, 0, 0, 24, 0, 63]","[0.94356763, 0.8863832, 0.88416785, 0.86981547, 0.8490553, 0.8305392, 0.8255908, 0.73706794, 0.6643274, 0.46248597, 0.43337443, 0.4259428]","[[125.82, 255.71, 200.69, 365.67], [148.16, 2.47, 82.59, 132.96], [33.43, 41.18, 68.01, 90.57], [147.6, 105.93, 95.65, 52.55], [119.21, 567.58, 252.47, 72.21], [127.6, 40.55, 51.56, 91.82], [365.37, 63.18, 36.23, 88.86], [353.53, 98.25, 73.0, 384.9], [345.4, 66.91, 22.79, 80.89], [396.1, 145.75, 30.87, 71.33], [137.92, 40.33, 235.88, 546.97], [49.38, 91.06, 50.1, 40.31]]"
2148,/home/pi/sambashare/BacArbeit/cocoval2017/000000565853.jpg,3.2007860969997637,"['0: person', '39: bottle', '39: bottle', '62: tv', '39: bottle', '58: potted plant', '28: suitcase', '39: bottle']","[0, 39, 39, 62, 39, 58, 28, 39]","[0.8432068, 0.8144832, 0.79214483, 0.7615103, 0.5446942, 0.52572185, 0.34231576, 0.27667177]","[[153.55, 110.31, 120.79, 224.89], [334.37, 324.52, 27.92, 50.35], [443.06, 323.78, 29.77, 51.1], [255.87, 145.52, 143.67, 83.13], [161.75, 309.99, 25.68, 64.94], [7.75, 66.12, 96.01, 212.96], [24.74, 297.0, 84.34, 50.3], [202.25, 364.31, 18.09, 10.54]]"
2149,/home/pi/sambashare/BacArbeit/cocoval2017/000000548555.jpg,3.1853288089996568,"['52: hot dog', '0: person']","[52, 0]","[0.75285006, 0.35555518]","[[1, 9.32, 595.2, 416.4], [2.44, 1, 413.92, 256.18]]"
2150,/home/pi/sambashare/BacArbeit/cocoval2017/000000349184.jpg,3.18985868999971,"['13: bench', '0: person', '0: person', '0: person', '0: person', '26: handbag', '0: person']","[13, 0, 0, 0, 0, 26, 0]","[0.69700235, 0.6202905, 0.610582, 0.5245862, 0.4949353, 0.4709408, 0.3094246]","[[1, 207.67, 319.48, 406.87], [376.04, 201.24, 13.88, 35.71], [350.64, 203.93, 11.16, 31.21], [203.47, 196.83, 27.65, 34.66], [397.46, 203.92, 13.66, 31.49], [235.69, 284.18, 23.07, 156.25], [1, 122.23, 206.36, 310.16]]"
2151,/home/pi/sambashare/BacArbeit/cocoval2017/000000462629.jpg,3.193317934999868,"['72: refrigerator', '72: refrigerator', '72: refrigerator', '72: refrigerator', '72: refrigerator', '72: refrigerator', '72: refrigerator', '72: refrigerator', '72: refrigerator', '72: refrigerator', '56: chair', '72: refrigerator']","[72, 72, 72, 72, 72, 72, 72, 72, 72, 72, 56, 72]","[0.8572686, 0.83303344, 0.81349295, 0.74884903, 0.69346946, 0.6890247, 0.66745204, 0.50612575, 0.43428096, 0.3617225, 0.31024256, 0.27655864]","[[433.92, 131.89, 127.22, 222.25], [234.39, 133.05, 95.06, 228.25], [69.32, 236.31, 83.84, 114.26], [70.46, 111.8, 89.61, 121.31], [40.65, 159.33, 38.87, 162.2], [29.34, 73.24, 79.88, 83.98], [150.68, 154.76, 86.35, 205.28], [150.04, 153.39, 85.3, 62.22], [476.63, 255.25, 136.96, 164.37], [108.6, 101.2, 105.93, 52.65], [611.94, 231.72, 27.81, 89.86], [234.35, 133.49, 95.8, 73.92]]"
2152,/home/pi/sambashare/BacArbeit/cocoval2017/000000333956.jpg,3.183580703000189,['12: parking meter'],[12],[0.8970325],"[[20.98, 173.05, 191.78, 424.4]]"
2153,/home/pi/sambashare/BacArbeit/cocoval2017/000000276707.jpg,3.1789583689997016,"['2: car', '1: bicycle', '0: person', '1: bicycle', '1: bicycle', '0: person']","[2, 1, 0, 1, 1, 0]","[0.80879986, 0.79075664, 0.6352436, 0.51374984, 0.4933608, 0.25353622]","[[1, 449.95, 109.18, 29.56], [76.85, 175.42, 70.73, 44.57], [624.18, 409.08, 15.42, 69.85], [160.19, 129.91, 82.93, 46.93], [108.97, 76.06, 80.39, 45.52], [49.71, 117.16, 53.86, 61.27]]"
2154,/home/pi/sambashare/BacArbeit/cocoval2017/000000154644.jpg,3.1791103229998043,"['40: wine glass', '0: person', '67: cell phone', '0: person']","[40, 0, 67, 0]","[0.71869165, 0.6761828, 0.66442114, 0.40579706]","[[1, 88.67, 56.69, 348.21], [1.05, 50.41, 497.03, 443.33], [219.48, 164.87, 112.78, 63.97], [375.71, 80.32, 123.94, 325.4]]"
2155,/home/pi/sambashare/BacArbeit/cocoval2017/000000050165.jpg,3.1783295920004093,['6: train'],[6],[0.7641472],"[[118.06, 235.79, 332.82, 89.64]]"
2156,/home/pi/sambashare/BacArbeit/cocoval2017/000000511384.jpg,3.186049066999658,"['29: frisbee', '0: person', '0: person']","[29, 0, 0]","[0.95554394, 0.9074407, 0.6054593]","[[102.87, 57.37, 112.96, 132.29], [369.45, 513.15, 37.41, 84.18], [80.45, 1, 39.84, 46.5]]"
2157,/home/pi/sambashare/BacArbeit/cocoval2017/000000202228.jpg,3.176895478000006,"['0: person', '41: cup', '71: sink']","[0, 41, 71]","[0.8753161, 0.41315556, 0.29385698]","[[132.23, 170.99, 182.3, 305.61], [95.64, 559.48, 30.66, 59.23], [30.27, 591.85, 333.94, 48.15]]"
2158,/home/pi/sambashare/BacArbeit/cocoval2017/000000424135.jpg,3.192309672999727,[],[],[],[]
2159,/home/pi/sambashare/BacArbeit/cocoval2017/000000146498.jpg,3.1715596460007873,['2: car'],[2],[0.30426323],"[[131.37, 271.8, 12.81, 5.75]]"
2160,/home/pi/sambashare/BacArbeit/cocoval2017/000000126226.jpg,3.196459861999756,"['0: person', '0: person', '41: cup', '0: person', '24: backpack', '35: baseball glove', '13: bench', '0: person']","[0, 0, 41, 0, 24, 35, 13, 0]","[0.8004693, 0.75522983, 0.71151334, 0.6017796, 0.551125, 0.53303933, 0.35911626, 0.270677]","[[18.73, 1, 190.0, 269.38], [1, 127.83, 83.55, 211.2], [198.94, 272.79, 127.15, 84.5], [101.12, 1, 215.89, 237.83], [27.46, 234.13, 77.56, 82.57], [191.73, 113.69, 49.24, 52.75], [149.3, 134.34, 288.27, 345.66], [114.85, 1, 99.21, 130.02]]"
2161,/home/pi/sambashare/BacArbeit/cocoval2017/000000137294.jpg,3.1772672649995,"['0: person', '0: person']","[0, 0]","[0.8965019, 0.39442506]","[[263.85, 150.55, 366.36, 272.45], [434.05, 199.83, 73.92, 173.58]]"
2162,/home/pi/sambashare/BacArbeit/cocoval2017/000000289938.jpg,3.184621428000355,"['2: car', '12: parking meter', '25: umbrella', '0: person', '0: person', '2: car', '2: car', '9: traffic light', '0: person']","[2, 12, 25, 0, 0, 2, 2, 9, 0]","[0.8425272, 0.6765168, 0.6154971, 0.60421026, 0.39730075, 0.29544556, 0.2768789, 0.2639013, 0.25748134]","[[562.26, 216.09, 77.3, 58.79], [439.1, 232.08, 11.79, 20.68], [2.14, 116.69, 207.39, 69.63], [375.43, 217.5, 11.19, 25.05], [85.41, 213.44, 9.55, 18.63], [1, 216.37, 69.13, 23.01], [1, 215.9, 44.99, 10.95], [367.03, 200.38, 9.93, 9.81], [322.66, 216.02, 16.57, 33.64]]"
2163,/home/pi/sambashare/BacArbeit/cocoval2017/000000474021.jpg,3.1925738210002237,"['0: person', '0: person', '65: remote', '0: person', '65: remote', '65: remote', '73: book', '73: book', '73: book', '73: book', '65: remote', '73: book', '73: book']","[0, 0, 65, 0, 65, 65, 73, 73, 73, 73, 65, 73, 73]","[0.90731466, 0.79945225, 0.7573085, 0.715805, 0.46663585, 0.42938456, 0.3217302, 0.312262, 0.30580387, 0.3026956, 0.26271227, 0.260646, 0.25594047]","[[16.36, 81.26, 209.7, 293.06], [179.53, 260.78, 101.34, 113.85], [261.19, 266.63, 21.12, 27.29], [246.04, 29.15, 253.01, 342.56], [83.14, 201.72, 25.67, 16.46], [166.86, 167.21, 20.93, 43.45], [279.01, 200.09, 25.14, 21.88], [285.66, 177.39, 22.94, 22.02], [312.43, 183.18, 24.83, 22.41], [318.36, 160.86, 24.55, 21.94], [171.5, 166.53, 14.83, 16.94], [294.32, 133.37, 24.94, 21.88], [289.9, 156.63, 24.66, 20.01]]"
2164,/home/pi/sambashare/BacArbeit/cocoval2017/000000157767.jpg,3.183771687999979,"['0: person', '0: person', '0: person', '0: person', '0: person', '0: person', '0: person', '0: person', '45: bowl', '60: dining table', '0: person', '41: cup', '0: person', '24: backpack', '26: handbag', '0: person', '41: cup', '26: handbag', '24: backpack', '0: person', '67: cell phone', '26: handbag']","[0, 0, 0, 0, 0, 0, 0, 0, 45, 60, 0, 41, 0, 24, 26, 0, 41, 26, 24, 0, 67, 26]","[0.9331577, 0.90503854, 0.8928032, 0.88692814, 0.8859346, 0.800488, 0.768943, 0.75850856, 0.73585683, 0.6246354, 0.61009324, 0.5995638, 0.57831323, 0.50961936, 0.5040552, 0.49524897, 0.4903088, 0.4443278, 0.35872108, 0.30613425, 0.2988332, 0.2898658]","[[192.57, 144.36, 124.3, 281.28], [328.8, 158.85, 94.75, 110.06], [468.99, 158.02, 95.16, 267.01], [77.72, 180.43, 62.71, 194.08], [555.5, 59.63, 84.36, 364.89], [449.62, 167.66, 37.11, 111.52], [1, 190.69, 44.17, 203.72], [131.4, 184.67, 49.66, 161.07], [376.37, 270.18, 29.24, 14.77], [310.57, 265.24, 217.09, 161.09], [391.24, 178.73, 28.26, 39.16], [395.56, 257.82, 18.65, 13.37], [174.6, 193.68, 29.12, 118.26], [54.44, 231.29, 40.62, 68.49], [32.45, 277.13, 44.43, 46.89], [30.72, 198.89, 48.72, 174.45], [336.58, 270.72, 16.36, 15.95], [1, 261.31, 36.44, 40.21], [555.4, 276.56, 46.03, 70.2], [536.18, 192.8, 26.8, 40.7], [294.13, 233.43, 21.27, 13.21], [189.11, 316.18, 49.51, 89.37]]"
2165,/home/pi/sambashare/BacArbeit/cocoval2017/000000164363.jpg,3.1732485159991484,['74: clock'],[74],[0.89609724],"[[64.85, 4.41, 503.44, 511.77]]"
2166,/home/pi/sambashare/BacArbeit/cocoval2017/000000155291.jpg,3.1757988780000233,['15: cat'],[15],[0.73728037],"[[33.31, 82.57, 548.09, 263.82]]"
2167,/home/pi/sambashare/BacArbeit/cocoval2017/000000028452.jpg,3.1850372540002354,"['39: bottle', '72: refrigerator']","[39, 72]","[0.85214233, 0.52613753]","[[280.61, 161.9, 28.9, 78.83], [2.49, 41.89, 476.66, 589.84]]"
2168,/home/pi/sambashare/BacArbeit/cocoval2017/000000370900.jpg,3.191582335000021,"['77: teddy bear', '77: teddy bear']","[77, 77]","[0.63303494, 0.26746172]","[[277.04, 25.13, 345.25, 451.22], [133.72, 36.04, 193.28, 277.62]]"
2169,/home/pi/sambashare/BacArbeit/cocoval2017/000000127955.jpg,3.202327525000328,"['21: bear', '21: bear']","[21, 21]","[0.4510445, 0.3382449]","[[1, 96.28, 362.53, 312.56], [20.4, 30.69, 616.52, 383.49]]"
2170,/home/pi/sambashare/BacArbeit/cocoval2017/000000104572.jpg,3.1901290959995094,"['71: sink', '71: sink', '71: sink', '71: sink', '71: sink', '61: toilet']","[71, 71, 71, 71, 71, 61]","[0.9058392, 0.82545346, 0.7815777, 0.54199815, 0.42878336, 0.30975762]","[[90.24, 291.74, 144.71, 76.31], [1, 361.19, 83.25, 57.36], [371.48, 204.21, 45.78, 19.82], [392.95, 197.29, 39.97, 18.31], [409.58, 193.01, 32.15, 16.45], [448.48, 202.41, 20.57, 23.2]]"
2171,/home/pi/sambashare/BacArbeit/cocoval2017/000000119911.jpg,3.1849029250006424,"['0: person', '36: skateboard', '2: car', '2: car', '2: car', '2: car']","[0, 36, 2, 2, 2, 2]","[0.91655564, 0.90749466, 0.8517243, 0.75569963, 0.4653885, 0.44142944]","[[274.63, 96.87, 149.41, 216.06], [274.49, 301.55, 106.89, 34.9], [104.34, 63.9, 28.45, 16.25], [146.33, 60.78, 25.38, 13.28], [86.22, 65.44, 16.22, 12.33], [128.85, 65.25, 18.68, 8.25]]"
2172,/home/pi/sambashare/BacArbeit/cocoval2017/000000031118.jpg,3.1862437630006752,"['74: clock', '2: car', '74: clock', '0: person', '0: person', '0: person', '0: person', '0: person', '2: car', '0: person', '26: handbag']","[74, 2, 74, 0, 0, 0, 0, 0, 2, 0, 26]","[0.8694659, 0.8591876, 0.8576286, 0.7693407, 0.76852113, 0.743808, 0.6506681, 0.61594844, 0.5031145, 0.3283004, 0.2513997]","[[329.17, 104.41, 19.38, 23.13], [73.2, 343.08, 26.44, 20.38], [301.94, 103.73, 15.84, 25.12], [579.47, 344.5, 15.61, 39.54], [495.75, 344.65, 22.28, 42.85], [558.38, 342.87, 16.52, 42.49], [630.31, 348.82, 9.43, 39.16], [594.59, 346.9, 12.96, 37.71], [90.39, 341.58, 16.39, 14.04], [597.46, 347.32, 8.92, 17.69], [495.91, 349.99, 17.62, 22.28]]"
2173,/home/pi/sambashare/BacArbeit/cocoval2017/000000516316.jpg,3.192642777000401,"['22: zebra', '22: zebra']","[22, 22]","[0.9466039, 0.9313433]","[[429.46, 270.77, 109.19, 67.08], [107.37, 273.36, 135.48, 81.07]]"
2174,/home/pi/sambashare/BacArbeit/cocoval2017/000000333402.jpg,3.1944745310001963,"['0: person', '5: bus', '2: car', '0: person', '5: bus', '0: person', '24: backpack']","[0, 5, 2, 0, 5, 0, 24]","[0.9234233, 0.68129706, 0.63357556, 0.47253564, 0.4305718, 0.309418, 0.3058181]","[[474.11, 170.06, 88.81, 222.59], [100.24, 51.0, 428.5, 322.21], [1, 253.97, 67.75, 42.48], [232.1, 170.49, 63.89, 73.92], [1, 123.95, 111.67, 176.09], [483.51, 192.71, 52.13, 169.1], [488.94, 231.4, 26.01, 78.31]]"
2175,/home/pi/sambashare/BacArbeit/cocoval2017/000000462614.jpg,3.2006709229999615,"['61: toilet', '71: sink', '58: potted plant', '39: bottle', '71: sink', '61: toilet']","[61, 71, 58, 39, 71, 61]","[0.9173708, 0.8612176, 0.7978559, 0.58944523, 0.54289854, 0.25038934]","[[13.98, 285.85, 157.61, 182.04], [405.62, 243.32, 121.73, 63.02], [132.5, 247.06, 95.09, 79.86], [624.72, 252.35, 9.56, 24.1], [560.16, 266.63, 79.3, 48.86], [145.4, 456.21, 127.62, 27.0]]"
2176,/home/pi/sambashare/BacArbeit/cocoval2017/000000092091.jpg,3.1888239709996924,"['77: teddy bear', '56: chair', '0: person', '79: toothbrush', '57: couch', '62: tv', '57: couch', '56: chair']","[77, 56, 0, 79, 57, 62, 57, 56]","[0.93461245, 0.8972344, 0.88786525, 0.8723822, 0.75683576, 0.5125926, 0.37894163, 0.34275654]","[[425.54, 242.26, 213.68, 144.67], [1, 140.79, 198.18, 256.19], [248.91, 162.89, 197.53, 315.15], [382.88, 247.78, 71.0, 66.73], [1, 372.28, 218.68, 106.92], [175.86, 127.1, 149.19, 98.43], [284.39, 128.33, 347.09, 350.77], [65.38, 136.13, 78.56, 105.08]]"
2177,/home/pi/sambashare/BacArbeit/cocoval2017/000000494863.jpg,3.1881964200001676,"['6: train', '6: train', '6: train']","[6, 6, 6]","[0.6716401, 0.56318676, 0.45383197]","[[5.62, 233.73, 190.37, 100.47], [184.0, 121.45, 455.45, 240.3], [1, 203.56, 23.86, 111.12]]"
2178,/home/pi/sambashare/BacArbeit/cocoval2017/000000323709.jpg,3.1921233559996836,['4: airplane'],[4],[0.8857487],"[[61.81, 129.61, 407.01, 128.6]]"
2179,/home/pi/sambashare/BacArbeit/cocoval2017/000000091615.jpg,3.196239083999899,"['68: microwave', '69: oven', '71: sink', '75: vase', '45: bowl', '56: chair']","[68, 69, 71, 75, 45, 56]","[0.938333, 0.89865476, 0.85995334, 0.81878597, 0.6737567, 0.59353894]","[[475.54, 36.9, 150.13, 84.59], [448.68, 142.12, 164.99, 229.53], [78.64, 242.51, 154.9, 81.43], [265.78, 127.93, 22.61, 35.08], [336.3, 164.8, 32.53, 13.68], [1, 155.8, 27.32, 42.8]]"
2180,/home/pi/sambashare/BacArbeit/cocoval2017/000000080949.jpg,3.1814666299997043,"['15: cat', '39: bottle', '63: laptop', '41: cup', '62: tv']","[15, 39, 63, 41, 62]","[0.8253843, 0.52748865, 0.4707812, 0.3732372, 0.29793188]","[[8.96, 134.3, 628.68, 227.9], [554.0, 1, 82.7, 153.82], [1, 7.71, 27.93, 187.76], [524.81, 1.49, 46.85, 71.54], [90.47, 1, 439.33, 177.69]]"
2181,/home/pi/sambashare/BacArbeit/cocoval2017/000000460147.jpg,3.1798472649998075,"['2: car', '2: car', '2: car', '2: car', '7: truck', '2: car', '2: car', '2: car', '2: car', '5: bus', '2: car', '7: truck', '2: car', '2: car', '2: car', '7: truck', '2: car', '2: car', '2: car', '7: truck', '2: car', '0: person', '2: car', '2: car', '2: car']","[2, 2, 2, 2, 7, 2, 2, 2, 2, 5, 2, 7, 2, 2, 2, 7, 2, 2, 2, 7, 2, 0, 2, 2, 2]","[0.92809224, 0.92315876, 0.9086018, 0.8847168, 0.8771491, 0.86815023, 0.8393416, 0.8226277, 0.8027182, 0.7891076, 0.77655137, 0.7567609, 0.715273, 0.674213, 0.60744697, 0.585484, 0.5646902, 0.5215177, 0.3774471, 0.3352107, 0.33270067, 0.31613028, 0.2928725, 0.2808786, 0.2782427]","[[236.01, 291.97, 62.06, 67.4], [535.62, 268.22, 104.07, 107.42], [534.66, 219.63, 75.08, 52.86], [481.06, 197.3, 48.18, 30.42], [471.44, 227.22, 79.48, 61.67], [413.52, 173.39, 25.13, 19.32], [460.1, 181.77, 30.43, 26.11], [1, 237.37, 92.28, 53.26], [282.41, 193.39, 28.93, 24.91], [429.42, 146.91, 25.95, 28.63], [620.4, 253.32, 19.31, 49.04], [569.04, 166.77, 48.07, 32.88], [445.16, 170.13, 23.83, 19.06], [326.96, 192.19, 59.69, 43.82], [302.8, 172.42, 15.95, 13.28], [323.13, 210.94, 114.12, 160.59], [321.06, 171.7, 43.15, 32.51], [337.67, 215.95, 88.93, 73.57], [326.95, 153.25, 13.42, 12.58], [1, 41.87, 179.31, 240.31], [315.87, 159.73, 13.29, 14.43], [412.0, 163.39, 8.36, 14.2], [338.98, 148.66, 12.0, 11.43], [331.38, 164.41, 20.42, 7.38], [465.26, 162.53, 18.72, 15.13]]"
2182,/home/pi/sambashare/BacArbeit/cocoval2017/000000161128.jpg,3.19270493699878,"['2: car', '2: car', '7: truck', '2: car', '0: person', '2: car', '0: person', '0: person', '2: car', '2: car', '2: car']","[2, 2, 7, 2, 0, 2, 0, 0, 2, 2, 2]","[0.92567503, 0.879482, 0.81047994, 0.7626916, 0.5297195, 0.5213744, 0.5155421, 0.4718086, 0.4584793, 0.3611117, 0.26691806]","[[1, 392.54, 48.76, 46.45], [269.59, 388.13, 46.95, 28.16], [199.8, 356.55, 38.22, 83.19], [1, 398.51, 8.1, 57.39], [106.41, 387.56, 8.19, 29.07], [230.97, 378.22, 11.62, 27.18], [98.57, 386.97, 8.31, 29.8], [358.9, 385.52, 7.18, 23.38], [1, 378.36, 24.42, 18.78], [144.23, 383.75, 8.91, 6.33], [43.5, 380.56, 32.14, 35.97]]"
2183,/home/pi/sambashare/BacArbeit/cocoval2017/000000466085.jpg,3.196425307000027,"['71: sink', '41: cup', '71: sink']","[71, 41, 71]","[0.8869746, 0.42022455, 0.26068208]","[[229.6, 395.89, 195.75, 168.68], [142.09, 412.25, 27.07, 42.59], [15.0, 445.8, 56.34, 88.31]]"
2184,/home/pi/sambashare/BacArbeit/cocoval2017/000000162732.jpg,3.1816846129986516,"['0: person', '0: person', '0: person', '0: person', '32: sports ball', '0: person']","[0, 0, 0, 0, 32, 0]","[0.9309245, 0.91632706, 0.888254, 0.8764052, 0.8509933, 0.6924194]","[[227.17, 28.95, 221.52, 397.12], [17.29, 20.48, 131.16, 402.06], [110.85, 32.88, 150.91, 393.35], [534.35, 15.33, 104.39, 409.31], [76.06, 171.17, 71.63, 66.46], [209.64, 36.53, 102.43, 383.71]]"
2185,/home/pi/sambashare/BacArbeit/cocoval2017/000000553094.jpg,3.179952464000962,['4: airplane'],[4],[0.8266512],"[[166.45, 45.6, 286.79, 355.49]]"
2186,/home/pi/sambashare/BacArbeit/cocoval2017/000000077460.jpg,3.1745190619985806,"['0: person', '0: person', '0: person', '33: kite', '33: kite', '0: person', '33: kite', '33: kite', '33: kite', '0: person', '33: kite', '33: kite', '33: kite', '0: person', '33: kite', '33: kite', '33: kite', '37: surfboard', '33: kite', '33: kite', '33: kite', '0: person', '33: kite', '33: kite', '0: person', '0: person', '33: kite']","[0, 0, 0, 33, 33, 0, 33, 33, 33, 0, 33, 33, 33, 0, 33, 33, 33, 37, 33, 33, 33, 0, 33, 33, 0, 0, 33]","[0.8678366, 0.8650771, 0.8113787, 0.6933433, 0.6771215, 0.65993, 0.6559563, 0.6405703, 0.62427473, 0.6056001, 0.5883688, 0.58184004, 0.5794172, 0.55263996, 0.53486884, 0.5108733, 0.46269643, 0.4001209, 0.39831525, 0.3939341, 0.39045373, 0.36989775, 0.35286704, 0.35103738, 0.3077324, 0.27873778, 0.25830114]","[[67.68, 549.37, 21.93, 51.12], [99.73, 554.54, 16.12, 53.86], [368.81, 558.86, 10.84, 40.15], [353.16, 534.3, 10.2, 17.19], [331.23, 398.92, 19.71, 13.69], [274.47, 571.02, 10.86, 29.97], [310.26, 317.61, 15.45, 10.64], [76.51, 418.53, 9.54, 7.23], [185.72, 481.51, 9.28, 9.9], [152.27, 572.86, 10.55, 29.41], [113.23, 185.78, 8.15, 10.99], [400.42, 316.28, 11.22, 20.29], [377.96, 456.75, 12.47, 16.92], [351.69, 559.3, 7.98, 22.46], [309.79, 318.08, 16.4, 24.45], [394.01, 480.96, 6.31, 9.39], [46.49, 497.48, 9.34, 6.38], [358.62, 595.14, 35.31, 12.9], [88.55, 296.08, 14.37, 11.66], [265.63, 473.82, 8.59, 8.36], [232.35, 531.75, 6.81, 7.04], [192.41, 554.9, 5.73, 21.23], [24.95, 522.02, 12.13, 7.15], [179.12, 466.71, 8.52, 7.61], [313.51, 563.44, 5.39, 16.6], [157.57, 552.67, 6.04, 19.8], [233.99, 509.52, 5.37, 13.26]]"
2187,/home/pi/sambashare/BacArbeit/cocoval2017/000000484296.jpg,3.174480752999443,"['22: zebra', '22: zebra']","[22, 22]","[0.95512205, 0.91719794]","[[23.45, 46.44, 282.5, 272.58], [381.98, 216.82, 210.71, 147.93]]"
2188,/home/pi/sambashare/BacArbeit/cocoval2017/000000223747.jpg,3.1827716560001136,"['15: cat', '15: cat']","[15, 15]","[0.39574337, 0.33373678]","[[1, 8.66, 490.09, 359.86], [244.91, 98.09, 178.62, 201.36]]"
2189,/home/pi/sambashare/BacArbeit/cocoval2017/000000263966.jpg,3.1862773909997486,"['17: horse', '18: sheep']","[17, 18]","[0.72971374, 0.59519684]","[[201.9, 49.46, 212.06, 366.52], [472.65, 176.5, 110.05, 64.23]]"
2190,/home/pi/sambashare/BacArbeit/cocoval2017/000000234366.jpg,3.188082849001148,"['74: clock', '74: clock']","[74, 74]","[0.81466895, 0.75580907]","[[222.57, 225.45, 49.31, 52.25], [276.56, 226.44, 15.86, 50.8]]"
2191,/home/pi/sambashare/BacArbeit/cocoval2017/000000041488.jpg,3.177921686001355,[],[],[],[]
2192,/home/pi/sambashare/BacArbeit/cocoval2017/000000148957.jpg,3.1840033949993085,"['54: donut', '54: donut', '54: donut', '54: donut', '54: donut', '54: donut']","[54, 54, 54, 54, 54, 54]","[0.96040696, 0.9595442, 0.9566425, 0.9512941, 0.9285426, 0.8382078]","[[428.91, 231.64, 192.91, 204.85], [242.82, 201.54, 207.09, 193.53], [47.86, 272.5, 215.56, 187.0], [403.17, 55.04, 179.13, 188.01], [67.17, 105.51, 186.66, 167.78], [234.36, 73.19, 169.37, 142.44]]"
2193,/home/pi/sambashare/BacArbeit/cocoval2017/000000177714.jpg,3.18656762899991,"['42: fork', '45: bowl']","[42, 45]","[0.5587703, 0.25486925]","[[555.31, 77.58, 84.1, 87.52], [12.94, 5.77, 626.43, 400.67]]"
2194,/home/pi/sambashare/BacArbeit/cocoval2017/000000556158.jpg,3.1837978010007646,"['0: person', '30: skis']","[0, 30]","[0.9300198, 0.7260473]","[[155.89, 144.71, 129.01, 296.38], [177.02, 419.75, 86.28, 43.53]]"
2195,/home/pi/sambashare/BacArbeit/cocoval2017/000000312586.jpg,3.1895496729994193,"['21: bear', '21: bear', '21: bear']","[21, 21, 21]","[0.9516446, 0.90175945, 0.72653663]","[[180.74, 240.23, 257.17, 144.18], [534.12, 42.44, 56.85, 45.36], [386.37, 121.76, 60.64, 34.2]]"
2196,/home/pi/sambashare/BacArbeit/cocoval2017/000000092177.jpg,3.179660331999912,"['55: cake', '44: spoon', '43: knife']","[55, 44, 43]","[0.62659854, 0.5215497, 0.29910564]","[[137.94, 121.68, 370.49, 426.21], [401.03, 427.88, 139.22, 138.09], [183.08, 231.12, 163.75, 60.57]]"
2197,/home/pi/sambashare/BacArbeit/cocoval2017/000000489014.jpg,3.184724601000198,"['8: boat', '16: dog']","[8, 16]","[0.79507697, 0.7620306]","[[35.54, 3.72, 513.51, 378.58], [311.08, 229.33, 85.51, 44.76]]"
2198,/home/pi/sambashare/BacArbeit/cocoval2017/000000420069.jpg,3.1790915500005212,"['0: person', '0: person', '0: person', '0: person', '0: person', '0: person', '0: person', '29: frisbee', '34: baseball bat', '0: person']","[0, 0, 0, 0, 0, 0, 0, 29, 34, 0]","[0.9245689, 0.9026216, 0.8880417, 0.84573793, 0.8222881, 0.7764889, 0.74443096, 0.71216595, 0.64788693, 0.6135312]","[[60.79, 150.95, 96.55, 304.95], [298.25, 177.19, 48.94, 131.9], [513.13, 186.51, 22.44, 55.04], [227.56, 186.55, 13.26, 28.6], [580.87, 197.39, 14.37, 24.63], [408.69, 190.81, 11.07, 25.58], [569.28, 200.93, 7.57, 15.36], [372.17, 303.66, 18.28, 4.44], [309.77, 161.67, 26.52, 46.16], [276.44, 188.68, 9.3, 13.34]]"
2199,/home/pi/sambashare/BacArbeit/cocoval2017/000000185250.jpg,3.171782663999693,"['16: dog', '0: person', '29: frisbee', '29: frisbee', '0: person', '0: person']","[16, 0, 29, 29, 0, 0]","[0.95286274, 0.9352851, 0.93482065, 0.72877216, 0.31720996, 0.31399557]","[[167.4, 387.69, 110.53, 181.13], [115.51, 199.59, 102.77, 288.34], [124.76, 61.47, 41.28, 42.54], [122.35, 362.78, 10.13, 39.05], [1, 346.67, 10.52, 76.0], [1, 347.85, 12.18, 276.91]]"
2200,/home/pi/sambashare/BacArbeit/cocoval2017/000000079014.jpg,3.174502931000461,['0: person'],[0],[0.5865597],"[[69.21, 90.48, 220.46, 360.75]]"
2201,/home/pi/sambashare/BacArbeit/cocoval2017/000000342128.jpg,3.1925928889995703,"['56: chair', '56: chair', '38: tennis racket', '56: chair', '0: person', '0: person', '56: chair', '0: person', '0: person', '0: person', '0: person', '0: person', '0: person', '0: person', '0: person', '0: person', '56: chair']","[56, 56, 38, 56, 0, 0, 56, 0, 0, 0, 0, 0, 0, 0, 0, 0, 56]","[0.9068206, 0.8881855, 0.88095796, 0.8781022, 0.8707103, 0.81453204, 0.75641507, 0.7531893, 0.72869164, 0.7256615, 0.687012, 0.66587234, 0.5795225, 0.49919674, 0.4267441, 0.36372313, 0.3560259]","[[327.1, 224.68, 70.85, 98.16], [420.29, 230.41, 67.53, 123.16], [96.36, 137.93, 59.04, 137.93], [55.46, 211.63, 54.03, 86.72], [100.05, 18.2, 303.17, 578.84], [271.16, 89.82, 27.67, 65.46], [1, 228.23, 16.09, 91.0], [337.37, 149.02, 40.29, 80.93], [45.0, 152.14, 47.0, 71.49], [309.14, 148.14, 32.85, 79.59], [299.01, 90.69, 24.44, 66.76], [1, 158.6, 42.57, 61.73], [461.95, 186.43, 25.85, 92.66], [470.11, 136.2, 17.79, 61.27], [283.63, 152.02, 22.42, 51.21], [24.87, 159.45, 21.29, 47.5], [466.17, 235.11, 21.42, 44.46]]"
2202,/home/pi/sambashare/BacArbeit/cocoval2017/000000239857.jpg,3.1819023119987833,"['29: frisbee', '0: person', '0: person', '56: chair', '56: chair', '56: chair', '56: chair', '56: chair', '56: chair', '56: chair', '56: chair', '0: person', '0: person', '0: person', '56: chair']","[29, 0, 0, 56, 56, 56, 56, 56, 56, 56, 56, 0, 0, 0, 56]","[0.9126963, 0.91048145, 0.8383485, 0.8237995, 0.809079, 0.7642755, 0.7622275, 0.74838877, 0.7332993, 0.70447135, 0.68224186, 0.677075, 0.6642146, 0.64025843, 0.35901597]","[[274.79, 141.44, 27.93, 17.57], [277.28, 117.18, 89.13, 153.99], [4.66, 130.2, 37.93, 93.85], [133.68, 175.62, 29.4, 35.03], [194.19, 175.37, 27.86, 34.78], [107.57, 175.44, 29.13, 36.47], [166.7, 175.76, 28.58, 34.65], [246.08, 171.03, 19.32, 37.22], [54.08, 175.59, 27.09, 35.62], [28.37, 170.97, 27.72, 42.26], [81.39, 175.19, 26.1, 36.69], [69.85, 134.25, 28.87, 45.91], [221.91, 169.36, 30.02, 41.32], [28.88, 126.85, 25.91, 46.13], [164.5, 166.35, 23.31, 6.75]]"
2203,/home/pi/sambashare/BacArbeit/cocoval2017/000000178469.jpg,3.1952805330001866,"['41: cup', '63: laptop', '73: book', '73: book', '62: tv', '73: book', '73: book', '73: book']","[41, 63, 73, 73, 62, 73, 73, 73]","[0.9006596, 0.8749936, 0.5395643, 0.4755987, 0.40057537, 0.40001413, 0.36807504, 0.26823798]","[[461.38, 165.5, 81.13, 87.52], [90.9, 77.4, 460.29, 327.57], [511.22, 288.54, 128.78, 138.34], [101.88, 28.24, 25.29, 30.33], [506.01, 24.36, 35.84, 57.43], [83.21, 30.1, 17.96, 29.43], [76.67, 29.61, 16.26, 30.21], [75.3, 28.97, 8.66, 31.26]]"
2204,/home/pi/sambashare/BacArbeit/cocoval2017/000000563702.jpg,3.1879507889989327,"['7: truck', '7: truck', '0: person', '7: truck']","[7, 7, 0, 7]","[0.8660389, 0.8428281, 0.8400401, 0.59478325]","[[74.91, 219.74, 158.14, 68.31], [1, 224.62, 84.14, 45.16], [218.94, 246.16, 20.92, 56.36], [249.89, 173.54, 373.49, 135.69]]"
2205,/home/pi/sambashare/BacArbeit/cocoval2017/000000161925.jpg,3.1845509439990565,"['0: person', '0: person', '25: umbrella', '61: toilet', '7: truck']","[0, 0, 25, 61, 7]","[0.9415222, 0.859979, 0.7431847, 0.30827752, 0.27590698]","[[240.93, 100.27, 182.15, 534.1], [7.58, 100.99, 178.06, 539.01], [137.72, 91.85, 30.98, 160.31], [467.3, 512.57, 12.51, 126.82], [2.0, 102.73, 471.9, 521.05]]"
2206,/home/pi/sambashare/BacArbeit/cocoval2017/000000157124.jpg,3.179957693000688,['71: sink'],[71],[0.7715679],"[[14.89, 127.47, 367.07, 180.12]]"
2207,/home/pi/sambashare/BacArbeit/cocoval2017/000000226883.jpg,3.1854496109990578,['17: horse'],[17],[0.90665656],"[[477.23, 191.07, 93.16, 121.99]]"
2208,/home/pi/sambashare/BacArbeit/cocoval2017/000000554291.jpg,3.179406958999607,"['75: vase', '56: chair', '42: fork']","[75, 56, 42]","[0.6172035, 0.50310165, 0.48049036]","[[179.73, 51.99, 330.4, 362.42], [451.84, 40.07, 187.2, 198.3], [593.76, 300.54, 45.97, 59.74]]"
2209,/home/pi/sambashare/BacArbeit/cocoval2017/000000149375.jpg,3.1732444419994863,"['0: person', '36: skateboard', '0: person', '0: person', '0: person', '36: skateboard']","[0, 36, 0, 0, 0, 36]","[0.9273836, 0.92340606, 0.8292342, 0.81283957, 0.7464106, 0.478468]","[[208.67, 42.36, 179.52, 322.15], [217.41, 298.44, 106.64, 85.28], [120.32, 149.39, 29.07, 47.78], [513.46, 141.13, 25.32, 75.55], [88.5, 139.11, 20.7, 60.16], [516.82, 196.99, 26.61, 19.46]]"
2210,/home/pi/sambashare/BacArbeit/cocoval2017/000000233033.jpg,3.1882866739997553,"['56: chair', '56: chair', '56: chair', '60: dining table', '56: chair', '41: cup', '58: potted plant', '25: umbrella', '58: potted plant', '25: umbrella', '41: cup', '56: chair']","[56, 56, 56, 60, 56, 41, 58, 25, 58, 25, 41, 56]","[0.9219481, 0.8934533, 0.8642454, 0.7916588, 0.74170655, 0.6054913, 0.5637199, 0.52348506, 0.5180008, 0.48517358, 0.28908584, 0.26325583]","[[340.53, 305.56, 124.97, 161.97], [220.94, 354.77, 120.97, 124.78], [126.11, 310.54, 99.06, 149.55], [228.13, 330.66, 156.73, 41.96], [175.34, 298.4, 55.33, 86.55], [287.69, 335.72, 27.2, 19.41], [507.82, 345.93, 41.0, 60.98], [133.75, 98.63, 338.07, 88.67], [1, 307.45, 75.33, 104.32], [133.51, 97.17, 337.95, 239.57], [294.4, 325.42, 26.7, 22.12], [227.98, 323.94, 94.29, 16.88]]"
2211,/home/pi/sambashare/BacArbeit/cocoval2017/000000482436.jpg,3.190988753000056,"['0: person', '0: person', '45: bowl', '0: person', '72: refrigerator', '41: cup', '72: refrigerator']","[0, 0, 45, 0, 72, 41, 72]","[0.9327207, 0.59060663, 0.5426915, 0.5202514, 0.3880224, 0.3415947, 0.28001162]","[[78.03, 103.07, 186.72, 289.14], [302.29, 146.0, 86.79, 101.65], [344.62, 220.59, 54.19, 25.58], [289.33, 145.24, 120.01, 242.99], [333.41, 72.71, 92.84, 164.23], [271.54, 223.67, 15.26, 15.24], [260.72, 80.74, 71.66, 153.28]]"
2212,/home/pi/sambashare/BacArbeit/cocoval2017/000000375493.jpg,3.177680651000628,"['0: person', '16: dog', '16: dog', '19: cow', '10: fire hydrant']","[0, 16, 16, 19, 10]","[0.9027363, 0.8373003, 0.8079385, 0.7218264, 0.69754964]","[[254.83, 34.77, 116.32, 434.79], [167.37, 312.08, 82.96, 46.75], [162.51, 263.75, 67.88, 26.2], [1, 261.81, 21.27, 35.17], [349.26, 289.44, 76.99, 106.85]]"
2213,/home/pi/sambashare/BacArbeit/cocoval2017/000000432553.jpg,3.1907123040000442,"['16: dog', '16: dog', '0: person', '1: bicycle']","[16, 16, 0, 1]","[0.9547684, 0.79308456, 0.51600957, 0.32667875]","[[1, 196.39, 214.4, 273.72], [1, 216.25, 107.98, 82.36], [207.19, 4.32, 218.93, 515.32], [78.62, 82.74, 64.96, 182.02]]"
2214,/home/pi/sambashare/BacArbeit/cocoval2017/000000276024.jpg,3.1782862119998754,"['17: horse', '17: horse', '17: horse', '17: horse', '0: person', '0: person', '17: horse', '17: horse', '17: horse']","[17, 17, 17, 17, 0, 0, 17, 17, 17]","[0.9036821, 0.89571685, 0.8814472, 0.8556066, 0.8327022, 0.80427855, 0.7221588, 0.70184845, 0.5339011]","[[138.44, 271.93, 47.12, 89.31], [353.07, 272.05, 47.14, 85.53], [493.35, 260.21, 48.17, 95.5], [247.49, 262.26, 43.77, 105.43], [235.89, 204.59, 52.42, 112.34], [482.13, 202.0, 64.71, 102.21], [286.26, 292.01, 25.88, 62.42], [189.6, 300.04, 25.59, 60.68], [59.37, 272.88, 38.78, 68.98]]"
2215,/home/pi/sambashare/BacArbeit/cocoval2017/000000147338.jpg,3.1882506149995606,"['7: truck', '10: fire hydrant', '2: car', '2: car', '2: car']","[7, 10, 2, 2, 2]","[0.9000234, 0.8704838, 0.66870826, 0.6546673, 0.5796399]","[[1, 77.03, 190.3, 134.07], [114.63, 84.31, 247.11, 480.83], [406.75, 16.67, 72.92, 62.94], [1, 99.94, 46.3, 19.73], [199.75, 44.5, 278.81, 182.77]]"
2216,/home/pi/sambashare/BacArbeit/cocoval2017/000000476215.jpg,3.192168967998441,"['0: person', '17: horse', '17: horse']","[0, 17, 17]","[0.8778874, 0.7163753, 0.46193904]","[[277.39, 95.3, 37.43, 103.65], [15.69, 67.37, 251.11, 151.75], [10.77, 65.83, 100.36, 155.43]]"
2217,/home/pi/sambashare/BacArbeit/cocoval2017/000000034873.jpg,3.1758667419999256,"['56: chair', '56: chair', '45: bowl', '39: bottle', '56: chair', '39: bottle']","[56, 56, 45, 39, 56, 39]","[0.8203188, 0.812688, 0.78731894, 0.597951, 0.5754591, 0.5541379]","[[544.27, 177.99, 60.8, 94.62], [483.41, 171.64, 45.31, 48.93], [410.61, 194.51, 38.32, 20.55], [122.23, 181.0, 27.18, 44.87], [492.59, 213.68, 68.41, 48.98], [158.56, 181.94, 18.34, 37.62]]"
2218,/home/pi/sambashare/BacArbeit/cocoval2017/000000463522.jpg,3.1706464899998537,"['17: horse', '0: person', '0: person', '0: person', '0: person', '0: person', '0: person', '1: bicycle', '17: horse', '0: person', '0: person', '0: person', '0: person']","[17, 0, 0, 0, 0, 0, 0, 1, 17, 0, 0, 0, 0]","[0.91033655, 0.78986615, 0.7449721, 0.5553738, 0.52785605, 0.41515356, 0.40655386, 0.38503298, 0.35919538, 0.32306814, 0.29491547, 0.28011027, 0.2501408]","[[23.76, 190.73, 362.06, 288.8], [522.07, 228.96, 23.81, 56.7], [615.14, 232.16, 21.92, 53.05], [475.15, 239.93, 6.94, 13.95], [511.95, 232.11, 15.6, 44.86], [543.99, 232.94, 20.18, 44.98], [481.99, 239.89, 8.0, 14.51], [522.73, 270.66, 42.45, 43.02], [1, 218.23, 85.6, 259.62], [446.98, 237.34, 7.52, 14.5], [605.46, 236.32, 10.7, 22.85], [589.34, 246.52, 15.55, 25.68], [548.6, 260.0, 18.43, 28.62]]"
2219,/home/pi/sambashare/BacArbeit/cocoval2017/000000242411.jpg,3.189999329000784,"['74: clock', '2: car', '0: person', '0: person', '9: traffic light', '2: car', '7: truck', '0: person', '2: car']","[74, 2, 0, 0, 9, 2, 7, 0, 2]","[0.8196931, 0.74520814, 0.69359803, 0.6111096, 0.5966841, 0.5642575, 0.5196068, 0.29861343, 0.27284038]","[[155.09, 243.18, 54.61, 59.92], [20.09, 576.09, 80.89, 63.49], [1, 588.72, 39.95, 51.25], [233.78, 584.48, 63.16, 55.2], [31.96, 503.06, 12.06, 21.12], [89.89, 608.47, 72.83, 31.42], [159.51, 522.61, 171.81, 113.47], [1, 589.17, 16.03, 50.35], [280.81, 599.54, 142.84, 40.2]]"
2220,/home/pi/sambashare/BacArbeit/cocoval2017/000000577735.jpg,3.180783497000448,"['75: vase', '58: potted plant']","[75, 58]","[0.9210493, 0.4486293]","[[393.96, 256.23, 102.71, 191.94], [6.05, 3.73, 589.44, 451.02]]"
2221,/home/pi/sambashare/BacArbeit/cocoval2017/000000018150.jpg,3.171944342999268,"['0: person', '39: bottle', '0: person', '59: bed']","[0, 39, 0, 59]","[0.88335836, 0.86654973, 0.8238598, 0.49277413]","[[2.01, 9.79, 391.31, 449.26], [274.58, 230.89, 34.0, 56.34], [367.4, 30.43, 270.69, 447.05], [218.38, 82.14, 95.89, 159.95]]"
2222,/home/pi/sambashare/BacArbeit/cocoval2017/000000082715.jpg,3.1827859059994807,"['0: person', '37: surfboard']","[0, 37]","[0.92162913, 0.8146661]","[[171.18, 119.43, 133.57, 86.04], [260.12, 70.66, 73.12, 108.36]]"
2223,/home/pi/sambashare/BacArbeit/cocoval2017/000000005503.jpg,3.175002346000838,"['61: toilet', '0: person', '0: person', '0: person']","[61, 0, 0, 0]","[0.7087643, 0.6753177, 0.29890892, 0.280321]","[[5.65, 4.37, 268.44, 477.26], [1, 362.02, 92.43, 137.06], [175.86, 385.09, 85.11, 114.42], [202.83, 1, 129.22, 181.29]]"
2224,/home/pi/sambashare/BacArbeit/cocoval2017/000000229747.jpg,3.1895817370004806,['4: airplane'],[4],[0.9557009],"[[175.03, 192.8, 243.6, 151.16]]"
2225,/home/pi/sambashare/BacArbeit/cocoval2017/000000222458.jpg,3.192272571999638,"['13: bench', '13: bench', '0: person', '13: bench', '0: person', '0: person', '0: person', '0: person']","[13, 13, 0, 13, 0, 0, 0, 0]","[0.9268525, 0.897165, 0.87576675, 0.8747665, 0.83325976, 0.8059886, 0.77836865, 0.7219938]","[[233.07, 259.92, 142.98, 85.37], [485.76, 245.44, 67.27, 45.19], [449.86, 194.96, 35.05, 87.17], [591.58, 235.81, 44.1, 32.99], [586.57, 207.29, 13.51, 31.49], [599.27, 205.75, 14.6, 33.24], [511.06, 206.72, 12.81, 26.36], [533.07, 210.93, 10.41, 18.85]]"
2226,/home/pi/sambashare/BacArbeit/cocoval2017/000000125936.jpg,3.182194482000341,"['0: person', '0: person', '0: person', '0: person', '72: refrigerator', '0: person', '46: banana', '39: bottle', '39: bottle', '39: bottle', '39: bottle', '39: bottle', '46: banana', '39: bottle', '39: bottle', '39: bottle', '39: bottle', '39: bottle', '39: bottle']","[0, 0, 0, 0, 72, 0, 46, 39, 39, 39, 39, 39, 46, 39, 39, 39, 39, 39, 39]","[0.88998234, 0.8704345, 0.8698731, 0.7225911, 0.58958346, 0.5892468, 0.4848362, 0.47685105, 0.44912577, 0.42500335, 0.42069453, 0.41194585, 0.36636984, 0.32649183, 0.2765028, 0.2729438, 0.272838, 0.259734, 0.25021562]","[[268.75, 115.04, 102.42, 127.48], [1, 97.47, 145.47, 224.83], [402.85, 65.01, 96.97, 260.48], [94.77, 132.5, 122.96, 140.67], [312.74, 38.36, 112.68, 172.88], [150.43, 122.92, 41.76, 59.04], [275.87, 261.63, 152.33, 65.26], [388.86, 57.35, 13.85, 35.24], [348.73, 59.19, 13.37, 32.97], [373.55, 58.15, 16.44, 34.34], [360.64, 59.84, 11.0, 32.23], [370.42, 59.55, 12.02, 32.65], [201.73, 211.25, 116.31, 47.2], [380.95, 58.46, 13.77, 34.14], [369.61, 115.8, 9.9, 16.95], [398.69, 140.27, 8.15, 16.51], [288.71, 81.54, 14.84, 22.93], [380.23, 138.72, 8.81, 18.39], [325.62, 70.32, 7.96, 21.42]]"
2227,/home/pi/sambashare/BacArbeit/cocoval2017/000000046497.jpg,3.1814727270011645,"['16: dog', '0: person', '0: person', '17: horse']","[16, 0, 0, 17]","[0.8643032, 0.8527278, 0.66822284, 0.30351958]","[[16.78, 256.26, 90.01, 75.58], [185.93, 110.12, 183.05, 221.32], [424.33, 253.23, 75.16, 78.13], [94.57, 293.72, 272.91, 38.04]]"
2228,/home/pi/sambashare/BacArbeit/cocoval2017/000000218424.jpg,3.188603062000766,"['22: zebra', '22: zebra']","[22, 22]","[0.8733377, 0.7098759]","[[73.16, 90.11, 228.08, 321.88], [232.57, 91.76, 299.07, 301.28]]"
2229,/home/pi/sambashare/BacArbeit/cocoval2017/000000400161.jpg,3.1806697390002228,"['65: remote', '0: person', '73: book']","[65, 0, 73]","[0.8396766, 0.45664942, 0.2589507]","[[435.04, 72.88, 87.4, 104.96], [165.02, 1, 223.89, 96.29], [158.31, 39.2, 14.82, 56.69]]"
2230,/home/pi/sambashare/BacArbeit/cocoval2017/000000500663.jpg,3.188356692000525,"['19: cow', '19: cow', '19: cow', '19: cow']","[19, 19, 19, 19]","[0.87694734, 0.80673367, 0.7881599, 0.57742697]","[[289.19, 354.52, 37.3, 24.45], [539.73, 321.71, 20.63, 14.69], [397.43, 340.34, 20.56, 13.46], [441.43, 323.55, 10.35, 7.28]]"
2231,/home/pi/sambashare/BacArbeit/cocoval2017/000000167540.jpg,3.1798357070001657,['4: airplane'],[4],[0.85544795],"[[165.49, 81.48, 322.39, 250.06]]"
2232,/home/pi/sambashare/BacArbeit/cocoval2017/000000143572.jpg,3.1865275720010686,"['0: person', '38: tennis racket', '0: person', '0: person', '0: person', '0: person', '0: person', '0: person', '0: person', '0: person', '0: person', '0: person', '56: chair', '0: person', '0: person', '56: chair', '56: chair', '0: person']","[0, 38, 0, 0, 0, 0, 0, 0, 0, 0, 0, 0, 56, 0, 0, 56, 56, 0]","[0.8583151, 0.796539, 0.75383985, 0.7106653, 0.5551022, 0.5104303, 0.47380406, 0.46335238, 0.38780037, 0.37498754, 0.34169278, 0.33720562, 0.33154872, 0.3262958, 0.27837545, 0.27416092, 0.27182174, 0.25396943]","[[540.52, 257.37, 50.24, 118.87], [149.84, 199.88, 85.68, 45.04], [481.71, 220.03, 31.32, 24.7], [214.4, 169.18, 205.34, 254.2], [42.1, 255.18, 37.24, 35.35], [494.45, 145.37, 33.55, 59.53], [524.27, 145.93, 43.95, 57.74], [380.16, 214.78, 43.33, 27.75], [69.77, 234.56, 34.99, 39.24], [1, 269.79, 61.94, 153.08], [154.08, 255.0, 68.88, 57.0], [580.62, 225.53, 28.76, 22.03], [221.73, 204.27, 28.8, 14.51], [471.91, 145.74, 27.57, 57.6], [605.34, 149.26, 34.66, 57.28], [112.79, 279.1, 27.35, 11.83], [37.1, 230.93, 23.24, 9.87], [262.2, 137.82, 31.09, 32.74]]"
2233,/home/pi/sambashare/BacArbeit/cocoval2017/000000069138.jpg,3.18682692999937,"['9: traffic light', '2: car']","[9, 2]","[0.90611696, 0.8591942]","[[97.74, 130.06, 157.38, 418.22], [34.15, 231.28, 71.38, 124.44]]"
2234,/home/pi/sambashare/BacArbeit/cocoval2017/000000177383.jpg,3.1828689339999983,"['6: train', '59: bed', '6: train']","[6, 59, 6]","[0.74154687, 0.69670784, 0.27333227]","[[8.48, 57.63, 374.25, 436.57], [1, 379.08, 32.78, 257.7], [370.56, 325.49, 53.98, 42.03]]"
2235,/home/pi/sambashare/BacArbeit/cocoval2017/000000416343.jpg,3.1833920380013296,"['37: surfboard', '0: person', '0: person', '56: chair', '56: chair', '72: refrigerator', '73: book', '73: book', '0: person', '73: book']","[37, 0, 0, 56, 56, 72, 73, 73, 0, 73]","[0.9261725, 0.92451227, 0.89802074, 0.7556016, 0.68190455, 0.6292783, 0.4388867, 0.4094123, 0.39275843, 0.35380793]","[[13.92, 11.65, 197.13, 628.35], [264.27, 259.54, 162.14, 379.76], [189.07, 253.15, 119.35, 376.29], [1, 380.41, 58.78, 258.38], [247.79, 386.02, 47.67, 196.2], [158.63, 52.2, 195.85, 252.68], [391.29, 143.5, 23.69, 89.08], [409.56, 143.08, 17.36, 91.04], [368.93, 585.7, 57.4, 53.35], [374.11, 145.12, 22.1, 86.39]]"
2236,/home/pi/sambashare/BacArbeit/cocoval2017/000000537812.jpg,3.182292242998301,"['61: toilet', '39: bottle', '39: bottle']","[61, 39, 39]","[0.8185452, 0.37172118, 0.2588581]","[[40.9, 82.78, 204.73, 396.19], [283.75, 51.0, 17.52, 46.47], [297.65, 54.2, 12.17, 41.86]]"
2237,/home/pi/sambashare/BacArbeit/cocoval2017/000000355169.jpg,3.186545364000267,['74: clock'],[74],[0.8916448],"[[237.17, 104.02, 78.51, 86.27]]"
2238,/home/pi/sambashare/BacArbeit/cocoval2017/000000162543.jpg,3.1980289370003447,"['19: cow', '17: horse', '19: cow', '19: cow']","[19, 17, 19, 19]","[0.81508446, 0.7873695, 0.7482635, 0.683626]","[[208.34, 159.92, 76.34, 106.33], [279.05, 160.39, 67.81, 100.8], [332.24, 161.54, 84.48, 76.51], [459.88, 133.04, 41.03, 75.83]]"
2239,/home/pi/sambashare/BacArbeit/cocoval2017/000000428218.jpg,3.1784289780007384,"['0: person', '0: person', '29: frisbee', '38: tennis racket']","[0, 0, 29, 38]","[0.93620884, 0.89994997, 0.7364835, 0.7118084]","[[565.81, 205.61, 72.62, 154.64], [70.51, 194.25, 38.02, 108.12], [289.01, 208.33, 22.4, 13.49], [116.62, 449.08, 206.38, 30.53]]"
2240,/home/pi/sambashare/BacArbeit/cocoval2017/000000395180.jpg,3.1840015859997948,"['0: person', '0: person', '0: person', '0: person', '0: person', '0: person', '1: bicycle', '8: boat', '67: cell phone', '0: person', '0: person']","[0, 0, 0, 0, 0, 0, 1, 8, 67, 0, 0]","[0.91441035, 0.7636711, 0.7194619, 0.7111307, 0.6965617, 0.6463274, 0.6387777, 0.5140559, 0.5063875, 0.36946708, 0.33021608]","[[27.61, 128.51, 136.01, 308.28], [446.9, 188.21, 12.41, 14.83], [476.19, 188.29, 14.88, 15.55], [494.49, 188.06, 13.03, 16.88], [462.82, 187.94, 13.28, 16.11], [508.92, 191.42, 13.84, 14.78], [57.35, 263.44, 65.67, 182.55], [409.59, 199.42, 137.84, 17.02], [141.99, 204.02, 10.42, 5.11], [446.8, 188.48, 27.6, 14.72], [493.93, 189.67, 27.71, 15.63]]"
2241,/home/pi/sambashare/BacArbeit/cocoval2017/000000513484.jpg,3.1787796349999553,"['21: bear', '18: sheep']","[21, 18]","[0.84718406, 0.36985946]","[[10.43, 19.47, 490.57, 404.11], [1, 1, 275.35, 126.25]]"
2242,/home/pi/sambashare/BacArbeit/cocoval2017/000000369503.jpg,3.1937616810009786,"['0: person', '71: sink']","[0, 71]","[0.7610931, 0.6459379]","[[388.28, 1.02, 110.7, 372.28], [262.68, 148.21, 136.21, 17.45]]"
2243,/home/pi/sambashare/BacArbeit/cocoval2017/000000121153.jpg,3.1903291860016907,[],[],[],[]
2244,/home/pi/sambashare/BacArbeit/cocoval2017/000000547336.jpg,3.1872946479998063,"['0: person', '73: book', '10: fire hydrant']","[0, 73, 10]","[0.7512754, 0.3440514, 0.304263]","[[98.49, 24.54, 371.48, 415.37], [117.84, 183.69, 157.47, 120.85], [456.74, 155.33, 182.41, 324.67]]"
2245,/home/pi/sambashare/BacArbeit/cocoval2017/000000519611.jpg,3.1776801590003743,['21: bear'],[21],[0.9641261],"[[146.06, 108.66, 361.62, 271.46]]"
2246,/home/pi/sambashare/BacArbeit/cocoval2017/000000557501.jpg,3.175927487000081,"['71: sink', '71: sink']","[71, 71]","[0.8907954, 0.86350137]","[[330.1, 261.46, 97.39, 59.0], [416.21, 259.22, 101.85, 56.11]]"
2247,/home/pi/sambashare/BacArbeit/cocoval2017/000000270122.jpg,3.1724494640002376,['0: person'],[0],[0.72458965],"[[306.87, 177.59, 32.39, 51.48]]"
2248,/home/pi/sambashare/BacArbeit/cocoval2017/000000308545.jpg,3.191320818999884,"['0: person', '17: horse', '17: horse', '17: horse', '0: person', '17: horse', '0: person']","[0, 17, 17, 17, 0, 17, 0]","[0.9223858, 0.7394196, 0.6783281, 0.6403112, 0.47085258, 0.35448542, 0.3140929]","[[170.39, 30.01, 272.39, 396.99], [511.29, 294.41, 127.97, 132.06], [194.9, 229.69, 170.24, 196.33], [404.97, 294.26, 127.42, 132.01], [507.67, 157.36, 132.11, 203.3], [617.87, 402.01, 21.81, 24.74], [503.14, 234.89, 44.06, 105.36]]"
2249,/home/pi/sambashare/BacArbeit/cocoval2017/000000545100.jpg,3.1860261889996764,"['0: person', '67: cell phone', '0: person', '2: car', '0: person', '2: car', '2: car', '67: cell phone']","[0, 67, 0, 2, 0, 2, 2, 67]","[0.9386198, 0.8322194, 0.7681953, 0.5791229, 0.52387094, 0.5176526, 0.40372208, 0.3045145]","[[388.31, 117.47, 178.17, 307.42], [430.24, 134.79, 23.33, 35.63], [142.99, 332.44, 28.04, 58.48], [276.6, 236.16, 34.88, 12.51], [101.17, 327.72, 19.26, 59.4], [565.1, 248.69, 50.05, 20.26], [167.77, 226.61, 36.57, 20.58], [464.93, 154.29, 13.1, 27.92]]"
2250,/home/pi/sambashare/BacArbeit/cocoval2017/000000263969.jpg,3.1923651070010237,"['0: person', '55: cake', '43: knife', '0: person', '27: tie', '0: person']","[0, 55, 43, 0, 27, 0]","[0.8739805, 0.80642235, 0.7934904, 0.5260176, 0.5059123, 0.41948918]","[[227.12, 58.33, 403.63, 547.99], [80.5, 456.9, 169.66, 152.57], [160.38, 441.31, 81.21, 32.21], [525.98, 602.0, 31.97, 7.73], [409.11, 202.1, 34.31, 81.72], [1, 536.9, 28.05, 72.53]]"
2251,/home/pi/sambashare/BacArbeit/cocoval2017/000000166165.jpg,3.1803873730004852,"['0: person', '38: tennis racket', '0: person', '38: tennis racket']","[0, 38, 0, 38]","[0.94559586, 0.86101323, 0.85120195, 0.3414422]","[[87.39, 334.22, 99.94, 236.9], [324.08, 93.43, 216.8, 171.82], [264.41, 25.92, 236.08, 284.75], [159.67, 341.13, 18.13, 78.39]]"
2252,/home/pi/sambashare/BacArbeit/cocoval2017/000000566923.jpg,3.1878699059998326,"['0: person', '0: person', '0: person', '0: person', '0: person', '10: fire hydrant', '0: person', '0: person', '0: person', '0: person', '0: person']","[0, 0, 0, 0, 0, 10, 0, 0, 0, 0, 0]","[0.8841038, 0.87599546, 0.8602789, 0.8482213, 0.75866127, 0.67810434, 0.6557219, 0.57574326, 0.5408026, 0.2686674, 0.2658332]","[[206.79, 13.78, 129.38, 239.53], [71.21, 1, 88.71, 196.03], [108.37, 1.82, 142.84, 294.93], [138.34, 19.87, 433.98, 402.62], [17.27, 1.81, 47.63, 109.4], [81.25, 328.35, 208.56, 97.04], [57.54, 1, 65.07, 131.07], [1, 1, 23.83, 90.67], [558.37, 118.48, 81.01, 303.77], [444.49, 21.59, 138.42, 191.21], [443.99, 21.57, 71.05, 104.54]]"
2253,/home/pi/sambashare/BacArbeit/cocoval2017/000000523033.jpg,3.186517225998614,"['0: person', '0: person', '0: person']","[0, 0, 0]","[0.82339853, 0.818151, 0.5774334]","[[564.67, 189.31, 25.55, 16.74], [29.36, 162.17, 11.74, 12.45], [286.81, 175.59, 18.09, 14.25]]"
2254,/home/pi/sambashare/BacArbeit/cocoval2017/000000437898.jpg,3.1979597359986656,"['72: refrigerator', '71: sink', '69: oven', '41: cup', '41: cup', '44: spoon', '39: bottle', '44: spoon', '69: oven', '75: vase', '43: knife', '44: spoon']","[72, 71, 69, 41, 41, 44, 39, 44, 69, 75, 43, 44]","[0.90962833, 0.86108583, 0.8406171, 0.80912954, 0.8083684, 0.5179031, 0.49135885, 0.422806, 0.37296462, 0.28401622, 0.2558558, 0.25119868]","[[233.6, 127.17, 156.23, 251.58], [1, 253.37, 121.17, 54.61], [336.51, 199.89, 205.07, 225.71], [11.99, 332.68, 45.77, 49.32], [572.98, 270.11, 25.84, 28.47], [533.35, 210.23, 18.91, 36.11], [19.19, 252.09, 10.76, 21.19], [600.18, 249.78, 11.23, 18.29], [337.27, 260.78, 109.91, 166.22], [540.28, 243.03, 21.2, 32.49], [395.06, 193.03, 11.92, 20.69], [549.24, 197.05, 11.75, 21.47]]"
2255,/home/pi/sambashare/BacArbeit/cocoval2017/000000056545.jpg,3.1962547740004084,['14: bird'],[14],[0.8901193],"[[132.49, 34.49, 239.3, 601.81]]"
2256,/home/pi/sambashare/BacArbeit/cocoval2017/000000310622.jpg,3.187652696000441,[],[],[],[]
2257,/home/pi/sambashare/BacArbeit/cocoval2017/000000315492.jpg,3.180888499999128,"['16: dog', '55: cake', '29: frisbee']","[16, 55, 29]","[0.8453412, 0.6132489, 0.38052553]","[[160.06, 146.38, 181.33, 314.46], [19.17, 360.08, 122.36, 150.0], [80.63, 134.04, 88.03, 77.81]]"
2258,/home/pi/sambashare/BacArbeit/cocoval2017/000000488592.jpg,3.179355542000849,"['1: bicycle', '0: person', '0: person', '0: person', '0: person', '0: person', '25: umbrella', '26: handbag', '1: bicycle', '1: bicycle', '62: tv', '0: person', '1: bicycle', '1: bicycle', '0: person']","[1, 0, 0, 0, 0, 0, 25, 26, 1, 1, 62, 0, 1, 1, 0]","[0.8542134, 0.8460716, 0.76715136, 0.61788064, 0.5918353, 0.5821607, 0.57889533, 0.5405388, 0.5367878, 0.5140523, 0.4472072, 0.4094859, 0.35231683, 0.30733958, 0.26955184]","[[1, 480.0, 101.17, 78.89], [267.55, 431.47, 43.38, 115.36], [218.07, 436.26, 8.48, 31.2], [253.84, 432.17, 9.65, 39.77], [241.0, 433.93, 10.46, 37.29], [105.2, 409.65, 21.66, 26.22], [253.9, 410.07, 56.67, 19.77], [266.84, 461.97, 21.23, 35.86], [168.49, 452.97, 33.94, 36.93], [272.01, 479.78, 41.38, 86.38], [26.48, 190.32, 41.73, 42.88], [261.66, 434.8, 9.29, 36.1], [181.6, 455.18, 28.14, 30.59], [195.26, 459.32, 14.78, 25.55], [234.35, 433.9, 8.56, 28.17]]"
2259,/home/pi/sambashare/BacArbeit/cocoval2017/000000294162.jpg,3.1821165090004797,"['64: mouse', '63: laptop']","[64, 63]","[0.9482294, 0.9333366]","[[336.84, 415.54, 131.86, 119.9], [52.54, 75.96, 342.79, 379.02]]"
2260,/home/pi/sambashare/BacArbeit/cocoval2017/000000097988.jpg,3.1869740359998104,"['0: person', '0: person', '13: bench', '13: bench', '0: person', '0: person', '0: person', '0: person', '0: person', '0: person', '1: bicycle', '0: person', '0: person', '0: person', '0: person', '0: person', '0: person', '0: person', '0: person', '0: person', '0: person', '0: person', '13: bench', '0: person']","[0, 0, 13, 13, 0, 0, 0, 0, 0, 0, 1, 0, 0, 0, 0, 0, 0, 0, 0, 0, 0, 0, 13, 0]","[0.9425184, 0.89985496, 0.8630363, 0.8303692, 0.8109292, 0.790327, 0.76838243, 0.7282368, 0.717444, 0.68885356, 0.60501623, 0.5951908, 0.58953846, 0.5498825, 0.5236932, 0.51430076, 0.4594407, 0.4209451, 0.39304483, 0.3456119, 0.3184021, 0.29847965, 0.258245, 0.25097272]","[[197.57, 214.92, 116.63, 376.54], [31.98, 233.23, 71.82, 205.73], [318.71, 313.38, 137.83, 57.85], [90.08, 282.83, 50.06, 40.9], [442.82, 241.19, 29.17, 85.4], [1, 234.84, 43.84, 203.48], [346.04, 281.76, 35.17, 86.37], [181.64, 241.6, 26.25, 83.48], [469.92, 243.54, 23.04, 82.84], [378.35, 288.11, 40.1, 81.16], [5.0, 329.89, 164.3, 93.3], [563.0, 260.53, 15.68, 44.16], [396.01, 248.05, 21.11, 59.84], [371.14, 241.15, 23.82, 65.04], [98.26, 245.74, 17.92, 37.7], [286.43, 232.96, 23.94, 66.33], [146.7, 269.43, 10.06, 25.01], [302.01, 239.73, 20.38, 49.26], [424.7, 254.1, 17.71, 43.95], [10.61, 238.92, 28.68, 61.14], [83.32, 244.03, 13.49, 33.45], [322.61, 247.46, 12.7, 33.84], [308.78, 284.26, 31.45, 24.06], [330.04, 257.52, 19.86, 25.88]]"
2261,/home/pi/sambashare/BacArbeit/cocoval2017/000000314264.jpg,3.1860143470003095,"['0: person', '75: vase']","[0, 75]","[0.89090466, 0.52606434]","[[86.81, 10.23, 282.32, 626.58], [335.44, 158.88, 55.81, 123.13]]"
2262,/home/pi/sambashare/BacArbeit/cocoval2017/000000058539.jpg,3.1916883189987857,"['0: person', '0: person', '27: tie', '0: person', '2: car', '0: person', '2: car', '0: person', '0: person', '9: traffic light', '2: car', '9: traffic light']","[0, 0, 27, 0, 2, 0, 2, 0, 0, 9, 2, 9]","[0.91990465, 0.8906779, 0.88450575, 0.8746249, 0.69627285, 0.695476, 0.642649, 0.57605207, 0.34741947, 0.29032627, 0.28366804, 0.27481046]","[[220.24, 60.55, 311.39, 359.89], [49.0, 34.02, 171.39, 384.5], [305.62, 223.67, 47.53, 195.81], [1, 37.56, 83.96, 379.3], [412.21, 139.2, 227.76, 280.86], [433.89, 116.31, 45.38, 56.6], [567.55, 42.27, 71.86, 102.12], [206.53, 85.0, 51.49, 60.14], [247.77, 90.55, 41.03, 35.81], [486.77, 1, 46.45, 57.75], [1, 88.49, 97.81, 80.03], [450.25, 1, 35.76, 55.55]]"
2263,/home/pi/sambashare/BacArbeit/cocoval2017/000000405195.jpg,3.193533301999196,"['0: person', '0: person', '74: clock', '54: donut', '54: donut', '54: donut', '54: donut', '54: donut', '54: donut', '54: donut', '54: donut', '54: donut', '54: donut', '54: donut', '54: donut', '54: donut', '54: donut', '54: donut', '54: donut']","[0, 0, 74, 54, 54, 54, 54, 54, 54, 54, 54, 54, 54, 54, 54, 54, 54, 54, 54]","[0.8145609, 0.7732675, 0.7132714, 0.53260165, 0.5211787, 0.4982792, 0.49720702, 0.46726018, 0.46573207, 0.4514288, 0.3840444, 0.341159, 0.31878266, 0.31803337, 0.2779405, 0.2715098, 0.26976404, 0.26719895, 0.26261565]","[[358.81, 177.65, 86.05, 31.26], [595.04, 225.55, 44.4, 248.58], [394.21, 111.26, 23.34, 24.5], [227.84, 302.41, 52.96, 29.76], [197.05, 318.4, 51.85, 33.51], [249.0, 323.07, 52.13, 33.23], [184.25, 302.33, 45.87, 21.27], [88.73, 332.55, 61.79, 36.34], [73.26, 312.91, 55.59, 33.43], [81.04, 263.24, 48.84, 27.91], [442.3, 301.83, 42.6, 25.88], [127.6, 258.12, 49.73, 27.95], [468.38, 289.41, 30.68, 15.11], [135.46, 311.62, 59.81, 27.07], [517.08, 293.46, 30.23, 24.22], [544.65, 292.17, 33.65, 21.98], [96.28, 355.87, 73.53, 40.45], [496.15, 302.2, 32.57, 19.97], [174.72, 252.8, 46.42, 28.45]]"
2264,/home/pi/sambashare/BacArbeit/cocoval2017/000000060052.jpg,3.183140158000242,"['34: baseball bat', '0: person']","[34, 0]","[0.4373093, 0.2709095]","[[284.41, 126.07, 180.77, 300.43], [4.24, 1, 409.04, 425.25]]"
2265,/home/pi/sambashare/BacArbeit/cocoval2017/000000219440.jpg,3.184995245999744,"['19: cow', '19: cow', '19: cow', '19: cow']","[19, 19, 19, 19]","[0.9333746, 0.929506, 0.78342927, 0.4677871]","[[2.07, 133.41, 336.78, 292.31], [229.43, 144.91, 397.35, 279.9], [593.21, 151.11, 29.93, 15.33], [495.54, 169.66, 143.99, 254.07]]"
2266,/home/pi/sambashare/BacArbeit/cocoval2017/000000379842.jpg,3.190086516999145,"['65: remote', '27: tie', '73: book']","[65, 27, 73]","[0.82964104, 0.44761577, 0.2544111]","[[367.7, 3.64, 199.56, 344.73], [2.64, 1.18, 294.64, 357.07], [275.57, 1, 64.3, 358.09]]"
2267,/home/pi/sambashare/BacArbeit/cocoval2017/000000414261.jpg,3.182831692000036,['21: bear'],[21],[0.6058732],"[[179.49, 65.58, 460.16, 331.7]]"
2268,/home/pi/sambashare/BacArbeit/cocoval2017/000000544519.jpg,3.1946931019992917,"['79: toothbrush', '0: person']","[79, 0]","[0.71865004, 0.4937699]","[[173.69, 248.28, 214.81, 43.42], [3.94, 2.07, 634.26, 422.82]]"
2269,/home/pi/sambashare/BacArbeit/cocoval2017/000000200162.jpg,3.1754922559994156,"['6: train', '9: traffic light', '9: traffic light', '9: traffic light', '9: traffic light', '9: traffic light', '9: traffic light']","[6, 9, 9, 9, 9, 9, 9]","[0.8992831, 0.7311829, 0.71538, 0.5513026, 0.45966628, 0.34569862, 0.30238256]","[[3.21, 151.03, 577.0, 187.27], [477.0, 1.31, 35.86, 66.12], [314.66, 1, 30.02, 47.34], [102.93, 1, 28.59, 33.13], [315.73, 53.98, 26.45, 29.15], [588.19, 57.04, 21.15, 14.15], [209.62, 160.74, 11.67, 20.24]]"
2270,/home/pi/sambashare/BacArbeit/cocoval2017/000000089880.jpg,3.1729312669995124,"['17: horse', '16: dog']","[17, 16]","[0.9343034, 0.9109402]","[[147.68, 16.46, 149.12, 169.46], [254.82, 42.54, 165.95, 152.66]]"
2271,/home/pi/sambashare/BacArbeit/cocoval2017/000000336356.jpg,3.1748746409994055,"['0: person', '42: fork', '40: wine glass', '43: knife', '40: wine glass', '0: person', '56: chair', '39: bottle', '60: dining table', '0: person', '56: chair', '42: fork', '43: knife', '0: person']","[0, 42, 40, 43, 40, 0, 56, 39, 60, 0, 56, 42, 43, 0]","[0.9329748, 0.9267659, 0.9080376, 0.9073391, 0.86480445, 0.85739446, 0.6421504, 0.5791725, 0.5758572, 0.47584626, 0.4517501, 0.3554614, 0.28450254, 0.27652943]","[[120.45, 16.82, 230.7, 296.92], [373.53, 432.87, 53.47, 162.98], [57.26, 276.83, 72.72, 136.28], [352.69, 435.08, 27.9, 157.52], [299.92, 311.99, 84.69, 148.51], [1, 26.1, 130.0, 255.09], [375.3, 148.69, 51.57, 164.98], [320.7, 232.39, 63.89, 90.1], [103.32, 157.41, 33.1, 53.25], [310.08, 80.6, 25.96, 48.03], [1, 258.48, 61.08, 70.71], [187.0, 308.66, 76.53, 30.53], [34.76, 333.22, 25.68, 49.35], [127.79, 71.41, 55.48, 119.22]]"
2272,/home/pi/sambashare/BacArbeit/cocoval2017/000000575500.jpg,3.1849794360005035,['46: banana'],[46],[0.8790903],"[[90.45, 113.06, 127.07, 194.64]]"
2273,/home/pi/sambashare/BacArbeit/cocoval2017/000000516677.jpg,3.186664041999393,"['0: person', '0: person', '0: person', '30: skis', '0: person', '0: person', '0: person', '30: skis', '24: backpack', '0: person', '30: skis', '24: backpack', '24: backpack', '24: backpack', '30: skis', '30: skis', '30: skis']","[0, 0, 0, 30, 0, 0, 0, 30, 24, 0, 30, 24, 24, 24, 30, 30, 30]","[0.91344535, 0.90284985, 0.8790182, 0.8392643, 0.8081098, 0.80734545, 0.7914178, 0.78101933, 0.77101094, 0.6903881, 0.6818963, 0.64648926, 0.58758664, 0.5345793, 0.50440145, 0.48152065, 0.31819254]","[[451.46, 150.63, 49.16, 161.22], [323.34, 258.65, 130.11, 130.4], [137.91, 200.03, 43.86, 95.77], [1, 348.46, 153.72, 46.52], [181.26, 196.75, 39.97, 101.03], [316.23, 164.33, 51.6, 129.24], [270.73, 193.32, 43.75, 112.31], [66.06, 318.06, 148.0, 26.39], [199.95, 202.76, 22.76, 38.68], [389.13, 234.38, 50.68, 59.71], [214.52, 281.66, 60.7, 30.78], [553.55, 306.31, 75.73, 56.66], [157.72, 208.05, 22.09, 33.03], [510.99, 348.64, 107.7, 42.37], [168.49, 284.93, 64.86, 22.05], [125.94, 286.35, 65.03, 18.77], [499.88, 281.62, 39.12, 27.74]]"
2274,/home/pi/sambashare/BacArbeit/cocoval2017/000000221872.jpg,3.1958920409997518,"['45: bowl', '45: bowl', '45: bowl', '45: bowl', '42: fork', '45: bowl']","[45, 45, 45, 45, 42, 45]","[0.9367117, 0.8823559, 0.85227877, 0.7428009, 0.32531673, 0.30353078]","[[34.55, 1, 350.4, 193.0], [14.75, 191.68, 386.28, 224.34], [393.3, 167.63, 222.5, 258.19], [381.4, 1, 195.31, 178.54], [577.41, 22.47, 53.39, 240.12], [272.88, 417.44, 165.82, 9.45]]"
2275,/home/pi/sambashare/BacArbeit/cocoval2017/000000287347.jpg,3.188676329998998,"['41: cup', '0: person', '0: person', '39: bottle', '62: tv', '39: bottle', '53: pizza', '67: cell phone', '67: cell phone', '45: bowl', '63: laptop', '45: bowl', '40: wine glass', '39: bottle', '39: bottle', '45: bowl', '60: dining table']","[41, 0, 0, 39, 62, 39, 53, 67, 67, 45, 63, 45, 40, 39, 39, 45, 60]","[0.94168854, 0.91358584, 0.8631632, 0.8378037, 0.8237912, 0.7981721, 0.79034406, 0.6962097, 0.6949749, 0.6391673, 0.63890797, 0.4805979, 0.42841354, 0.40281636, 0.34754524, 0.29887185, 0.27423948]","[[175.56, 487.62, 106.38, 152.23], [70.93, 55.11, 260.04, 462.7], [173.32, 104.18, 113.21, 213.18], [394.35, 268.13, 32.29, 121.45], [1, 240.19, 35.83, 56.18], [420.67, 272.09, 39.24, 116.37], [204.84, 391.22, 152.73, 47.68], [110.08, 531.91, 70.79, 57.67], [444.66, 523.62, 33.27, 49.45], [288.2, 304.89, 33.07, 18.55], [1, 578.53, 105.58, 61.12], [74.78, 590.26, 109.01, 49.48], [453.82, 133.06, 23.5, 32.85], [353.6, 319.11, 34.51, 54.77], [463.56, 265.95, 14.38, 45.85], [353.54, 365.37, 42.15, 26.13], [13.65, 339.07, 456.96, 297.98]]"
2276,/home/pi/sambashare/BacArbeit/cocoval2017/000000113720.jpg,3.1666661059989565,"['0: person', '42: fork', '42: fork', '39: bottle', '53: pizza', '41: cup', '41: cup', '0: person', '0: person', '41: cup', '60: dining table', '42: fork', '0: person', '60: dining table', '56: chair', '53: pizza', '55: cake', '39: bottle', '43: knife', '39: bottle', '39: bottle']","[0, 42, 42, 39, 53, 41, 41, 0, 0, 41, 60, 42, 0, 60, 56, 53, 55, 39, 43, 39, 39]","[0.9305629, 0.9096585, 0.89174426, 0.88726395, 0.83546144, 0.82071686, 0.81813926, 0.76246405, 0.74969864, 0.7401783, 0.5438171, 0.51773036, 0.4946259, 0.47905177, 0.4700281, 0.46218958, 0.45321283, 0.35477263, 0.34588993, 0.317346, 0.28938773]","[[196.78, 60.12, 204.64, 192.81], [1, 340.68, 116.37, 72.52], [64.43, 338.36, 160.39, 87.64], [80.4, 118.81, 38.22, 97.65], [269.25, 266.94, 282.34, 119.37], [281.96, 214.08, 42.91, 69.29], [195.6, 204.17, 58.01, 120.66], [377.08, 14.64, 215.41, 308.32], [522.6, 106.57, 116.86, 114.04], [145.31, 170.12, 30.6, 48.04], [4.42, 201.08, 618.96, 222.95], [402.11, 278.73, 89.59, 10.5], [1.05, 2.09, 115.49, 301.84], [588.37, 209.79, 51.3, 75.63], [581.96, 210.94, 21.01, 60.38], [40.81, 212.93, 157.06, 59.05], [119.45, 324.53, 102.72, 59.76], [621.35, 207.23, 18.52, 33.45], [322.5, 245.92, 18.46, 27.37], [128.35, 173.46, 34.28, 48.04], [242.4, 215.5, 48.74, 93.52]]"
2277,/home/pi/sambashare/BacArbeit/cocoval2017/000000328117.jpg,3.1847381020015746,"['54: donut', '54: donut', '54: donut', '54: donut', '54: donut', '54: donut', '54: donut', '54: donut', '54: donut', '54: donut', '0: person', '71: sink']","[54, 54, 54, 54, 54, 54, 54, 54, 54, 54, 0, 71]","[0.9082629, 0.8935461, 0.8844382, 0.8732458, 0.8515934, 0.8246073, 0.74106437, 0.61204135, 0.5785165, 0.49094674, 0.48204762, 0.25645673]","[[329.27, 451.4, 99.05, 97.67], [238.18, 424.13, 83.44, 75.55], [159.0, 395.48, 72.09, 80.81], [172.63, 456.96, 88.74, 97.99], [243.3, 493.82, 106.25, 88.1], [315.83, 329.13, 73.31, 68.4], [243.2, 363.17, 90.59, 69.57], [89.74, 281.92, 91.6, 78.88], [244.76, 302.19, 75.33, 57.99], [183.56, 278.08, 66.57, 47.77], [387.21, 259.06, 21.85, 20.57], [377.81, 44.83, 101.81, 96.49]]"
2278,/home/pi/sambashare/BacArbeit/cocoval2017/000000539962.jpg,3.1926332250004634,"['0: person', '56: chair', '56: chair', '0: person', '56: chair', '56: chair', '56: chair', '56: chair', '56: chair', '56: chair', '56: chair', '56: chair', '56: chair', '36: skateboard', '14: bird', '25: umbrella']","[0, 56, 56, 0, 56, 56, 56, 56, 56, 56, 56, 56, 56, 36, 14, 25]","[0.752335, 0.63528913, 0.60247344, 0.4779179, 0.45606658, 0.43699196, 0.42130145, 0.3705768, 0.35818517, 0.34228125, 0.3370263, 0.3313341, 0.3246796, 0.29206586, 0.28169614, 0.27719563]","[[53.53, 250.97, 14.02, 27.76], [50.7, 278.6, 20.13, 24.53], [34.32, 279.27, 17.76, 28.64], [74.16, 255.72, 16.21, 33.57], [1, 282.21, 21.65, 29.28], [90.12, 277.65, 15.45, 19.14], [20.37, 281.41, 17.55, 28.92], [174.48, 271.44, 14.74, 22.96], [106.34, 275.94, 19.31, 19.17], [102.58, 276.59, 14.72, 19.38], [149.79, 271.12, 22.3, 14.67], [77.28, 275.94, 16.02, 20.63], [562.91, 393.16, 76.28, 86.24], [1, 364.45, 5.74, 11.31], [470.52, 1, 36.7, 15.83], [1, 206.75, 67.1, 31.88]]"
2279,/home/pi/sambashare/BacArbeit/cocoval2017/000000125472.jpg,3.1926275989990245,"['0: person', '36: skateboard']","[0, 36]","[0.9004475, 0.87877697]","[[87.59, 1, 310.57, 485.09], [1, 492.47, 285.4, 91.13]]"
2280,/home/pi/sambashare/BacArbeit/cocoval2017/000000250758.jpg,3.183906352000122,"['22: zebra', '22: zebra']","[22, 22]","[0.9637701, 0.9243092]","[[122.77, 115.36, 403.57, 278.68], [20.04, 160.3, 74.65, 47.38]]"
2281,/home/pi/sambashare/BacArbeit/cocoval2017/000000167067.jpg,3.18871604099877,"['27: tie', '0: person']","[27, 0]","[0.8440113, 0.4830805]","[[192.38, 283.04, 135.93, 64.13], [1, 1.44, 374, 497.19]]"
2282,/home/pi/sambashare/BacArbeit/cocoval2017/000000320425.jpg,3.1771708140004193,"['23: giraffe', '23: giraffe', '23: giraffe', '23: giraffe', '23: giraffe', '23: giraffe', '23: giraffe']","[23, 23, 23, 23, 23, 23, 23]","[0.91523916, 0.88026595, 0.85974216, 0.8497564, 0.81798613, 0.6236279, 0.3455924]","[[338.47, 365.06, 95.76, 114.29], [392.02, 178.02, 191.19, 205.33], [28.16, 171.22, 132.67, 149.18], [294.29, 112.15, 169.88, 359.35], [178.31, 160.48, 137.55, 224.99], [174.87, 188.44, 37.71, 186.19], [607.7, 425.41, 31.81, 54.06]]"
2283,/home/pi/sambashare/BacArbeit/cocoval2017/000000498747.jpg,3.2031330019999587,"['39: bottle', '0: person', '0: person', '67: cell phone', '0: person', '0: person', '0: person', '0: person']","[39, 0, 0, 67, 0, 0, 0, 0]","[0.84061486, 0.81494373, 0.7076067, 0.6122965, 0.60590523, 0.56204677, 0.4170513, 0.29231438]","[[107.29, 418.24, 65.88, 61.54], [119.62, 25.89, 406.71, 453.4], [469.45, 33.57, 169.63, 441.97], [267.62, 158.92, 34.16, 79.77], [2.51, 4.11, 131.56, 471.72], [485.58, 60.33, 48.31, 93.65], [355.75, 1, 144.98, 173.76], [83.49, 28.19, 64.11, 432.45]]"
2284,/home/pi/sambashare/BacArbeit/cocoval2017/000000542127.jpg,3.1984540289995493,"['30: skis', '0: person', '0: person', '30: skis', '0: person', '0: person', '0: person', '0: person', '0: person', '0: person', '0: person']","[30, 0, 0, 30, 0, 0, 0, 0, 0, 0, 0]","[0.88841385, 0.88016814, 0.8424177, 0.80203533, 0.45070782, 0.43728322, 0.43088654, 0.34425285, 0.28899387, 0.28899375, 0.25318325]","[[193.3, 63.72, 61.97, 56.51], [214.25, 84.98, 42.1, 56.35], [328.22, 140.13, 60.82, 49.98], [312.06, 114.55, 42.6, 79.51], [192.81, 377.9, 23.57, 24.96], [227.48, 361.48, 10.93, 10.13], [284.29, 344.83, 27.09, 31.52], [106.12, 334.85, 11.34, 14.94], [202.14, 386.18, 26.04, 25.9], [213.16, 392.8, 28.41, 31.67], [304.96, 345.62, 21.09, 31.64]]"
2285,/home/pi/sambashare/BacArbeit/cocoval2017/000000243989.jpg,3.172760373001438,"['0: person', '0: person', '0: person', '36: skateboard', '0: person', '0: person', '0: person', '0: person', '0: person']","[0, 0, 0, 36, 0, 0, 0, 0, 0]","[0.9011033, 0.88672245, 0.87356275, 0.86437476, 0.8327168, 0.7491234, 0.70831674, 0.40685353, 0.31118774]","[[394.15, 356.29, 75.76, 81.31], [150.58, 69.8, 221.08, 368.2], [310.01, 192.94, 142.73, 244.49], [117.51, 246.74, 161.05, 190.46], [87.23, 175.09, 109.5, 262.34], [480.25, 333.51, 19.45, 103.75], [31.46, 404.95, 52.32, 32.79], [15.66, 424.97, 27.21, 12.89], [1, 364.33, 12.69, 44.58]]"
2286,/home/pi/sambashare/BacArbeit/cocoval2017/000000098261.jpg,3.1834778350003035,"['14: bird', '14: bird']","[14, 14]","[0.8146484, 0.7285169]","[[18.03, 28.7, 196.76, 101.96], [193.13, 65.64, 126.87, 147.94]]"
2287,/home/pi/sambashare/BacArbeit/cocoval2017/000000126110.jpg,3.1848652330008917,"['0: person', '0: person', '0: person', '5: bus']","[0, 0, 0, 5]","[0.73823196, 0.5444227, 0.53801996, 0.26668924]","[[1, 151.56, 62.49, 88.19], [155.31, 131.35, 40.88, 33.4], [261.21, 102.59, 31.26, 87.89], [2.79, 1, 301.8, 239]]"
2288,/home/pi/sambashare/BacArbeit/cocoval2017/000000234807.jpg,3.1854769399997167,"['17: horse', '17: horse', '17: horse']","[17, 17, 17]","[0.9378002, 0.92663646, 0.88508195]","[[510.93, 168.67, 127.94, 292.58], [130.75, 221.52, 85.53, 188.45], [1.37, 237.12, 85.32, 54.02]]"
2289,/home/pi/sambashare/BacArbeit/cocoval2017/000000163290.jpg,3.1840889869999955,"['22: zebra', '23: giraffe']","[22, 23]","[0.95122546, 0.39154202]","[[32.07, 439.15, 200.44, 150.27], [262.43, 304.68, 49.48, 205.84]]"
2290,/home/pi/sambashare/BacArbeit/cocoval2017/000000320706.jpg,3.190762555999754,"['39: bottle', '75: vase', '49: orange']","[39, 75, 49]","[0.3308003, 0.3046514, 0.25348058]","[[93.94, 458.46, 242.1, 181.03], [8.14, 86.26, 366.3, 451.12], [456.48, 525.16, 23.48, 78.38]]"
2291,/home/pi/sambashare/BacArbeit/cocoval2017/000000509260.jpg,3.181869332000133,"['62: tv', '73: book', '73: book', '73: book', '73: book', '73: book', '73: book']","[62, 73, 73, 73, 73, 73, 73]","[0.9458144, 0.43564183, 0.34144843, 0.2808227, 0.271097, 0.26121527, 0.25769475]","[[27.43, 201.39, 213.54, 173.1], [267.6, 282.33, 20.72, 63.8], [254.85, 287.91, 18.87, 57.58], [306.13, 292.86, 25.18, 53.87], [294.65, 288.83, 27.31, 57.83], [280.87, 288.62, 23.22, 57.6], [309.85, 117.78, 16.27, 56.04]]"
2292,/home/pi/sambashare/BacArbeit/cocoval2017/000000350833.jpg,3.1812271580001834,"['71: sink', '61: toilet', '61: toilet']","[71, 61, 61]","[0.8852913, 0.8154612, 0.5683859]","[[1, 351.84, 111.2, 127.03], [142.55, 248.23, 162.64, 167.66], [232.7, 310.29, 72.04, 106.28]]"
2293,/home/pi/sambashare/BacArbeit/cocoval2017/000000138979.jpg,3.1916658520003693,"['0: person', '0: person', '5: bus', '7: truck', '26: handbag', '0: person', '0: person', '0: person', '0: person']","[0, 0, 5, 7, 26, 0, 0, 0, 0]","[0.87173027, 0.8561301, 0.84927523, 0.8233641, 0.5747445, 0.50253904, 0.48671514, 0.3971844, 0.33000413]","[[74.86, 215.98, 50.9, 109.28], [45.85, 226.81, 46.64, 149.2], [88.89, 83.08, 549.79, 314.53], [317.93, 179.99, 320.35, 245.63], [46.89, 250.39, 38.2, 57.34], [187.55, 185.58, 47.76, 52.73], [294.08, 188.84, 48.07, 47.76], [167.36, 364.77, 61.26, 28.83], [183.21, 203.76, 15.5, 20.84]]"
2294,/home/pi/sambashare/BacArbeit/cocoval2017/000000433774.jpg,3.183548608998535,"['12: parking meter', '9: traffic light', '2: car', '12: parking meter', '2: car', '0: person', '0: person', '2: car']","[12, 9, 2, 12, 2, 0, 0, 2]","[0.8425213, 0.80854857, 0.6864053, 0.67209965, 0.45152083, 0.34883147, 0.34666613, 0.344963]","[[441.65, 107.7, 119.25, 246.33], [97.22, 61.36, 8.27, 15.99], [30.18, 130.52, 36.8, 13.75], [413.13, 109.97, 48.85, 210.89], [53.9, 131.02, 16.68, 11.6], [127.87, 129.49, 9.69, 8.05], [143.82, 128.21, 11.52, 12.06], [67.0, 128.96, 19.84, 11.08]]"
2295,/home/pi/sambashare/BacArbeit/cocoval2017/000000069213.jpg,3.1843169149997266,"['0: person', '0: person', '0: person', '3: motorcycle', '27: tie', '0: person']","[0, 0, 0, 3, 27, 0]","[0.92739373, 0.8877639, 0.76212364, 0.553087, 0.5172651, 0.3056631]","[[65.57, 16.77, 215.78, 395.08], [281.8, 11.59, 234.73, 408.81], [619.62, 59.46, 20.11, 73.7], [482.27, 103.9, 121.4, 174.02], [149.73, 161.66, 22.44, 66.27], [497.32, 44.12, 15.61, 37.13]]"
2296,/home/pi/sambashare/BacArbeit/cocoval2017/000000091779.jpg,3.179691286999514,"['41: cup', '41: cup', '55: cake', '41: cup', '56: chair', '55: cake']","[41, 41, 55, 41, 56, 55]","[0.9117351, 0.9059167, 0.82053995, 0.7633631, 0.7122979, 0.44973996]","[[407.56, 1, 95.24, 99.7], [573.26, 76.55, 66.41, 78.24], [213.36, 147.05, 425.4, 332.67], [571.31, 20.76, 68.36, 56.86], [89.01, 1, 244.59, 92.69], [101.75, 104.49, 333.65, 201.98]]"
2297,/home/pi/sambashare/BacArbeit/cocoval2017/000000209757.jpg,3.1672728070006997,"['0: person', '0: person', '0: person', '36: skateboard', '0: person', '2: car', '13: bench']","[0, 0, 0, 36, 0, 2, 13]","[0.92797977, 0.78115135, 0.70860744, 0.5751731, 0.48186162, 0.4787298, 0.3089847]","[[133.81, 30.01, 220.44, 293.64], [308.15, 170.85, 23.35, 63.77], [383.35, 177.93, 20.19, 40.5], [166.38, 313.98, 132.35, 28.57], [331.22, 178.53, 10.71, 37.09], [255.87, 175.21, 37.96, 31.96], [45.92, 218.41, 22.14, 15.52]]"
2298,/home/pi/sambashare/BacArbeit/cocoval2017/000000286708.jpg,3.174244837000515,['15: cat'],[15],[0.5351362],"[[8.19, 6.88, 631.81, 472.57]]"
2299,/home/pi/sambashare/BacArbeit/cocoval2017/000000340930.jpg,3.195516255998882,['76: scissors'],[76],[0.3210876],"[[1, 68.56, 347.31, 400.64]]"
2300,/home/pi/sambashare/BacArbeit/cocoval2017/000000428111.jpg,3.1801949790005892,"['0: person', '36: skateboard']","[0, 36]","[0.9101802, 0.74548113]","[[80.36, 86.05, 95.46, 114.5], [75.78, 172.56, 47.62, 29.74]]"
2301,/home/pi/sambashare/BacArbeit/cocoval2017/000000185950.jpg,3.1748304669999925,"['0: person', '36: skateboard', '0: person', '0: person', '0: person', '0: person', '0: person']","[0, 36, 0, 0, 0, 0, 0]","[0.92962253, 0.8851734, 0.55851376, 0.45707962, 0.43182266, 0.42708933, 0.4066448]","[[64.03, 57.34, 198.72, 260.34], [152.16, 307.73, 45.32, 48.3], [124.79, 61.44, 34.09, 51.37], [311.59, 80.61, 18.67, 48.15], [168.38, 79.48, 24.17, 32.82], [250.36, 68.41, 33.57, 59.16], [285.17, 67.21, 26.6, 60.61]]"
2302,/home/pi/sambashare/BacArbeit/cocoval2017/000000242287.jpg,3.179479125999933,['1: bicycle'],[1],[0.93064773],"[[17.37, 384.31, 294.78, 239.16]]"
2303,/home/pi/sambashare/BacArbeit/cocoval2017/000000058655.jpg,3.1920680969997193,"['74: clock', '58: potted plant', '13: bench', '58: potted plant', '58: potted plant', '58: potted plant']","[74, 58, 13, 58, 58, 58]","[0.8526531, 0.748534, 0.7439136, 0.63125896, 0.39419302, 0.30985084]","[[226.03, 131.23, 122.84, 76.02], [44.46, 454.81, 48.8, 130.93], [255.44, 547.98, 67.98, 54.34], [223.93, 535.08, 30.48, 67.14], [141.0, 480.42, 25.69, 50.08], [224.22, 454.89, 29.32, 149.86]]"
2304,/home/pi/sambashare/BacArbeit/cocoval2017/000000334530.jpg,3.1851843819986243,"['0: person', '37: surfboard']","[0, 37]","[0.92232513, 0.7792972]","[[203.88, 141.78, 107.95, 117.54], [252.29, 225.32, 119.92, 51.72]]"
2305,/home/pi/sambashare/BacArbeit/cocoval2017/000000310862.jpg,3.1901366759993834,"['27: tie', '0: person']","[27, 0]","[0.90909606, 0.6893855]","[[192.44, 335.29, 115.77, 243.84], [3.17, 2.86, 586.64, 603.22]]"
2306,/home/pi/sambashare/BacArbeit/cocoval2017/000000347456.jpg,3.184327787001166,"['20: elephant', '20: elephant']","[20, 20]","[0.94434214, 0.9402869]","[[460.29, 146.43, 165.41, 134.87], [384.41, 200.86, 120.59, 85.82]]"
2307,/home/pi/sambashare/BacArbeit/cocoval2017/000000279887.jpg,3.195901351999055,"['3: motorcycle', '3: motorcycle', '3: motorcycle', '3: motorcycle', '3: motorcycle', '3: motorcycle', '0: person']","[3, 3, 3, 3, 3, 3, 0]","[0.83515936, 0.79798484, 0.77791125, 0.59611845, 0.35189828, 0.32864347, 0.31493074]","[[1, 161.54, 129.32, 90.53], [550.23, 128.6, 89.38, 109.65], [416.92, 111.59, 142.64, 137.05], [120.4, 94.41, 364.38, 207.28], [102.38, 157.68, 69.76, 80.66], [152.65, 240.3, 372.64, 186.03], [617.01, 353.44, 22.81, 72.7]]"
2308,/home/pi/sambashare/BacArbeit/cocoval2017/000000042102.jpg,3.1753386210002645,"['27: tie', '0: person', '26: handbag']","[27, 0, 26]","[0.8502399, 0.7665414, 0.601338]","[[121.78, 115.15, 20.39, 147.19], [10.65, 1, 235.08, 629.7], [10.89, 363.54, 54.65, 203.12]]"
2309,/home/pi/sambashare/BacArbeit/cocoval2017/000000089761.jpg,3.191579388001628,"['61: toilet', '61: toilet']","[61, 61]","[0.9244124, 0.27603891]","[[135.55, 315.85, 254.17, 313.43], [9.01, 1, 436.53, 623.13]]"
2310,/home/pi/sambashare/BacArbeit/cocoval2017/000000438269.jpg,3.191072356999939,['14: bird'],[14],[0.75561416],"[[46.67, 286.48, 215.57, 237.3]]"
2311,/home/pi/sambashare/BacArbeit/cocoval2017/000000332318.jpg,3.1859249900007853,"['19: cow', '19: cow', '19: cow', '19: cow', '19: cow', '19: cow', '19: cow', '19: cow', '19: cow', '19: cow', '19: cow', '19: cow', '19: cow', '19: cow', '19: cow', '19: cow', '19: cow', '19: cow', '19: cow', '7: truck']","[19, 19, 19, 19, 19, 19, 19, 19, 19, 19, 19, 19, 19, 19, 19, 19, 19, 19, 19, 7]","[0.667121, 0.6465629, 0.6406664, 0.61502767, 0.57520646, 0.5499246, 0.54689026, 0.52823097, 0.51948154, 0.4987874, 0.4792798, 0.47806782, 0.44787732, 0.44593376, 0.41072044, 0.3258455, 0.32535115, 0.29160044, 0.27841714, 0.2737128]","[[62.52, 390.27, 20.2, 8.67], [121.16, 394.51, 13.95, 7.12], [90.46, 389.08, 13.63, 6.98], [105.72, 386.86, 16.25, 8.28], [177.59, 384.82, 10.9, 9.34], [6.78, 392.53, 11.97, 10.49], [260.63, 381.14, 9.21, 12.52], [247.69, 371.39, 18.74, 14.55], [211.3, 386.2, 14.7, 8.96], [351.84, 372.49, 12.65, 9.99], [228.34, 381.02, 15.62, 13.74], [200.23, 371.02, 10.54, 12.58], [1, 393.97, 14.7, 9.16], [281.97, 369.32, 8.01, 12.01], [159.04, 380.17, 15.99, 7.45], [316.1, 378.38, 14.21, 5.82], [247.92, 385.66, 12.38, 7.15], [67.0, 373.0, 10.76, 13.73], [1, 393.81, 6.76, 9.14], [392.61, 386.27, 115.0, 39.13]]"
2312,/home/pi/sambashare/BacArbeit/cocoval2017/000000263679.jpg,3.1940397449998272,"['0: person', '0: person', '33: kite', '0: person', '0: person', '0: person', '0: person', '0: person', '0: person', '0: person']","[0, 0, 33, 0, 0, 0, 0, 0, 0, 0]","[0.92306596, 0.9040048, 0.8946959, 0.4822709, 0.47200415, 0.42457563, 0.34213254, 0.3196041, 0.27246538, 0.2646711]","[[466.02, 168.44, 58.5, 149.06], [124.94, 221.71, 59.81, 113.49], [105.87, 62.6, 194.19, 264.6], [233.99, 272.8, 21.32, 7.51], [298.4, 256.39, 8.55, 16.42], [326.56, 258.32, 10.92, 16.19], [310.5, 258.18, 28.2, 17.37], [1, 227.13, 8.73, 55.43], [627.45, 233.04, 4.98, 8.13], [347.08, 262.42, 10.03, 11.8]]"
2313,/home/pi/sambashare/BacArbeit/cocoval2017/000000364297.jpg,3.1744985389996145,"['15: cat', '62: tv', '63: laptop']","[15, 62, 63]","[0.76022047, 0.5274752, 0.4161121]","[[6.43, 83.83, 633.28, 328.79], [1.71, 2.31, 333.67, 207.66], [2.92, 259.04, 531.3, 167.28]]"
2314,/home/pi/sambashare/BacArbeit/cocoval2017/000000236914.jpg,3.1761929160002182,"['39: bottle', '77: teddy bear', '77: teddy bear']","[39, 77, 77]","[0.94113797, 0.8268347, 0.68347687]","[[485.9, 100.93, 132.78, 298.58], [20.27, 20.68, 289.17, 409.72], [271.21, 105.78, 226.09, 252.94]]"
2315,/home/pi/sambashare/BacArbeit/cocoval2017/000000214753.jpg,3.2007838130011805,"['17: horse', '17: horse', '0: person', '0: person']","[17, 17, 0, 0]","[0.9171628, 0.8891395, 0.87514246, 0.87064767]","[[322.43, 164.81, 152.29, 155.12], [250.56, 190.7, 65.27, 116.17], [358.27, 114.69, 60.72, 134.85], [226.35, 127.02, 70.51, 121.22]]"
2316,/home/pi/sambashare/BacArbeit/cocoval2017/000000140203.jpg,3.1926292829994054,"['0: person', '5: bus', '0: person', '0: person', '0: person', '56: chair', '56: chair', '16: dog', '0: person']","[0, 5, 0, 0, 0, 56, 56, 16, 0]","[0.8672517, 0.8193288, 0.4071189, 0.39515075, 0.38406792, 0.33911455, 0.29479903, 0.28640327, 0.28232577]","[[488.78, 14.1, 100.16, 236.1], [18.98, 7.03, 482.32, 403.47], [15.29, 18.99, 21.53, 48.28], [1, 110.4, 43.53, 303.1], [1, 39.06, 22.31, 99.72], [390.24, 41.07, 93.75, 40.64], [72.45, 44.91, 105.93, 39.23], [400.1, 219.45, 64.67, 22.99], [1, 21.71, 28.84, 63.8]]"
2317,/home/pi/sambashare/BacArbeit/cocoval2017/000000292488.jpg,3.1830079360006494,"['0: person', '67: cell phone', '0: person']","[0, 67, 0]","[0.92882067, 0.8761369, 0.3134239]","[[76.7, 68.46, 344.15, 355.82], [343.73, 110.52, 28.16, 79.12], [505.97, 290.09, 133.29, 135.11]]"
2318,/home/pi/sambashare/BacArbeit/cocoval2017/000000524850.jpg,3.1979782890011847,"['5: bus', '0: person', '0: person', '0: person', '0: person', '0: person', '0: person', '0: person', '0: person', '0: person', '28: suitcase', '0: person', '0: person', '0: person', '4: airplane', '26: handbag', '0: person', '0: person', '26: handbag', '26: handbag', '26: handbag', '37: surfboard', '16: dog', '0: person', '0: person', '26: handbag', '24: backpack', '24: backpack']","[5, 0, 0, 0, 0, 0, 0, 0, 0, 0, 28, 0, 0, 0, 4, 26, 0, 0, 26, 26, 26, 37, 16, 0, 0, 26, 24, 24]","[0.8494705, 0.78271115, 0.7672064, 0.76517236, 0.764176, 0.7520847, 0.74667645, 0.74543214, 0.69623536, 0.66988415, 0.66753167, 0.6674281, 0.6488104, 0.6460079, 0.6394589, 0.60736215, 0.59736866, 0.55426985, 0.44038713, 0.42479172, 0.40598613, 0.39987922, 0.3615502, 0.34727228, 0.33367243, 0.299261, 0.2653193, 0.26424757]","[[308.78, 85.1, 190.79, 90.46], [268.2, 145.28, 19.22, 45.2], [459.82, 171.58, 38.45, 64.59], [428.51, 169.58, 31.85, 57.21], [289.24, 129.22, 15.18, 39.98], [123.31, 112.09, 13.95, 25.38], [136.26, 106.07, 13.73, 26.43], [389.1, 168.35, 25.93, 51.36], [348.18, 163.9, 28.84, 58.8], [298.84, 153.64, 19.47, 54.07], [293.49, 197.77, 14.23, 20.59], [177.81, 103.89, 10.44, 22.44], [232.61, 120.17, 18.89, 28.63], [155.76, 100.81, 10.59, 24.86], [1.32, 40.9, 261.12, 276.38], [363.82, 196.55, 16.73, 21.67], [166.48, 102.63, 10.76, 27.33], [216.23, 114.51, 15.44, 29.5], [402.37, 175.49, 12.11, 17.59], [267.62, 156.87, 8.83, 15.72], [343.84, 194.86, 12.75, 20.03], [482.22, 291.07, 17.45, 27.6], [458.66, 212.97, 13.78, 15.97], [412.77, 152.58, 24.1, 50.79], [337.01, 116.65, 11.58, 36.47], [482.97, 182.36, 15.61, 29.42], [214.64, 117.89, 7.19, 10.6], [442.7, 226.75, 37.81, 74.37]]"
2319,/home/pi/sambashare/BacArbeit/cocoval2017/000000293474.jpg,3.1816954990008526,"['10: fire hydrant', '0: person', '0: person']","[10, 0, 0]","[0.92383665, 0.8174477, 0.3305937]","[[210.55, 148.53, 80.57, 129.97], [420.92, 17.23, 52.2, 140.34], [286.91, 1, 46.15, 120.32]]"
2320,/home/pi/sambashare/BacArbeit/cocoval2017/000000039914.jpg,3.189475115001187,"['0: person', '0: person', '0: person', '33: kite', '0: person', '0: person', '0: person', '0: person', '0: person', '0: person', '0: person']","[0, 0, 0, 33, 0, 0, 0, 0, 0, 0, 0]","[0.9331579, 0.8467623, 0.7653198, 0.7021021, 0.6241942, 0.5161553, 0.49838382, 0.459344, 0.38325056, 0.3500208, 0.30093047]","[[53.9, 208.75, 272.21, 360.7], [256.96, 299.09, 51.09, 228.04], [405.82, 224.36, 8.18, 13.69], [254.46, 272.26, 168.35, 118.42], [457.23, 221.96, 8.04, 9.41], [417.18, 216.75, 5.04, 8.78], [440.23, 219.87, 12.76, 13.17], [384.94, 220.44, 7.79, 18.95], [473.75, 215.27, 6.67, 13.96], [106.75, 218.16, 6.83, 16.44], [121.31, 214.95, 6.46, 19.32]]"
2321,/home/pi/sambashare/BacArbeit/cocoval2017/000000455716.jpg,3.1806105289997504,"['3: motorcycle', '3: motorcycle', '3: motorcycle']","[3, 3, 3]","[0.78058696, 0.754134, 0.57885724]","[[1, 38.48, 167.89, 233.03], [3.77, 9.23, 629.77, 401.99], [1, 62.59, 62.36, 112.07]]"
2322,/home/pi/sambashare/BacArbeit/cocoval2017/000000163057.jpg,3.181190962999608,"['0: person', '0: person', '33: kite', '0: person', '33: kite', '33: kite', '0: person', '0: person', '0: person', '0: person', '0: person', '0: person', '33: kite', '33: kite', '0: person', '0: person', '0: person', '0: person', '33: kite']","[0, 0, 33, 0, 33, 33, 0, 0, 0, 0, 0, 0, 33, 33, 0, 0, 0, 0, 33]","[0.8794969, 0.82738763, 0.80907506, 0.7705595, 0.71686524, 0.70960176, 0.686327, 0.6607034, 0.52045035, 0.47791898, 0.4333054, 0.42947218, 0.42831108, 0.42516392, 0.41460705, 0.36914268, 0.33250874, 0.3252755, 0.2705213]","[[38.71, 245.48, 59.95, 133.66], [313.14, 268.63, 22.98, 54.0], [144.65, 146.78, 29.92, 13.17], [445.58, 256.6, 26.62, 66.38], [617.11, 18.82, 13.88, 18.14], [344.07, 159.98, 13.99, 11.88], [424.37, 266.45, 23.14, 46.56], [242.84, 264.81, 16.69, 42.75], [488.44, 262.62, 17.33, 42.09], [134.77, 267.09, 13.02, 36.68], [218.11, 264.36, 20.81, 41.88], [151.48, 266.46, 15.16, 38.72], [457.74, 138.2, 41.85, 38.94], [457.3, 138.86, 103.65, 90.59], [331.66, 265.48, 14.26, 38.16], [406.23, 268.4, 9.6, 24.88], [279.98, 271.69, 12.38, 21.33], [586.98, 265.16, 9.26, 25.17], [610.45, 253.94, 15.47, 8.55]]"
2323,/home/pi/sambashare/BacArbeit/cocoval2017/000000248400.jpg,3.184904734000156,"['45: bowl', '0: person', '27: tie']","[45, 0, 27]","[0.8857234, 0.82546836, 0.3401]","[[553.68, 274.67, 85.95, 60.93], [5.92, 10.26, 243.07, 413.79], [52.39, 181.66, 40.21, 143.77]]"
2324,/home/pi/sambashare/BacArbeit/cocoval2017/000000567898.jpg,3.186833982999815,"['45: bowl', '45: bowl', '75: vase']","[45, 45, 75]","[0.75346553, 0.56884784, 0.3171253]","[[76.37, 213.48, 248.96, 239.89], [184.55, 1, 272.6, 250.06], [322.55, 210.93, 255.1, 241.21]]"
2325,/home/pi/sambashare/BacArbeit/cocoval2017/000000497568.jpg,3.185170388998813,"['0: person', '4: airplane', '0: person']","[0, 4, 0]","[0.77167916, 0.72142863, 0.6861802]","[[34.2, 282.97, 28.83, 59.37], [1, 78.8, 636.24, 295.19], [56.9, 294.85, 18.54, 50.45]]"
2326,/home/pi/sambashare/BacArbeit/cocoval2017/000000328959.jpg,3.1862473170003796,['61: toilet'],[61],[0.91095155],"[[24.49, 276.62, 168.67, 223.38]]"
2327,/home/pi/sambashare/BacArbeit/cocoval2017/000000378454.jpg,3.1779577739998786,"['29: frisbee', '0: person']","[29, 0]","[0.93970513, 0.92652243]","[[134.78, 327.46, 45.99, 37.25], [49.75, 223.9, 241.85, 140.87]]"
2328,/home/pi/sambashare/BacArbeit/cocoval2017/000000458768.jpg,3.1908315010005026,"['57: couch', '71: sink', '69: oven', '56: chair', '69: oven', '58: potted plant', '56: chair', '69: oven', '68: microwave']","[57, 71, 69, 56, 69, 58, 56, 69, 68]","[0.87644047, 0.84029335, 0.8362731, 0.69005495, 0.56003034, 0.43818057, 0.43347332, 0.42925993, 0.41328436]","[[48.5, 254.98, 153.25, 94.48], [202.75, 330.38, 104.38, 39.0], [468.55, 294.8, 170.92, 52.26], [281.39, 230.62, 25.4, 21.5], [409.41, 247.14, 18.89, 48.33], [140.16, 237.85, 24.38, 22.22], [318.73, 228.31, 27.69, 23.42], [410.63, 221.69, 17.08, 30.88], [410.9, 207.37, 16.05, 13.89]]"
2329,/home/pi/sambashare/BacArbeit/cocoval2017/000000058111.jpg,3.1773766389997036,"['15: cat', '73: book', '73: book', '73: book']","[15, 73, 73, 73]","[0.76916486, 0.34443542, 0.3258139, 0.30829984]","[[16.25, 15.76, 477.01, 474.24], [1, 26.07, 146.76, 29.27], [1, 54.06, 115.43, 28.73], [1, 1, 87.12, 20.9]]"
2330,/home/pi/sambashare/BacArbeit/cocoval2017/000000286182.jpg,3.1856049899997743,"['45: bowl', '45: bowl', '45: bowl', '0: person', '39: bottle', '42: fork', '44: spoon', '60: dining table', '56: chair', '39: bottle', '56: chair', '42: fork', '44: spoon', '56: chair', '44: spoon', '56: chair', '39: bottle', '39: bottle', '39: bottle', '44: spoon', '39: bottle']","[45, 45, 45, 0, 39, 42, 44, 60, 56, 39, 56, 42, 44, 56, 44, 56, 39, 39, 39, 44, 39]","[0.92480993, 0.9200146, 0.9015997, 0.8438061, 0.8101888, 0.72459567, 0.66433996, 0.59780705, 0.57343566, 0.52422154, 0.48309985, 0.48070633, 0.44599247, 0.37489122, 0.36289263, 0.33146754, 0.31818333, 0.29994488, 0.29775295, 0.29344115, 0.26193738]","[[148.53, 335.28, 65.76, 57.09], [263.86, 429.05, 120.38, 113.28], [143.68, 471.51, 106.29, 95.19], [217.29, 94.57, 140.8, 215.43], [191.43, 201.25, 39.91, 88.04], [91.85, 457.12, 94.64, 21.82], [138.68, 257.19, 51.07, 62.62], [5.45, 241.51, 470.11, 385.46], [304.98, 142.98, 100.6, 184.28], [211.33, 99.29, 17.08, 35.13], [323.09, 107.92, 154.46, 230.39], [269.84, 371.37, 94.82, 24.73], [224.07, 332.92, 84.6, 54.84], [1, 288.24, 97.38, 160.94], [227.49, 356.09, 138.01, 39.85], [388.71, 305.63, 89.04, 123.98], [152.46, 196.4, 20.57, 41.68], [207.93, 380.68, 44.17, 68.27], [91.16, 196.0, 20.49, 39.04], [353.57, 351.97, 25.81, 20.71], [125.47, 193.92, 25.45, 43.39]]"
2331,/home/pi/sambashare/BacArbeit/cocoval2017/000000209222.jpg,3.1909351750000496,"['0: person', '0: person', '13: bench', '0: person', '0: person', '2: car', '0: person', '0: person', '0: person', '0: person', '0: person', '7: truck', '0: person', '26: handbag', '0: person', '28: suitcase', '0: person']","[0, 0, 13, 0, 0, 2, 0, 0, 0, 0, 0, 7, 0, 26, 0, 28, 0]","[0.8999898, 0.8717362, 0.76768804, 0.7064052, 0.6841718, 0.6753817, 0.6436015, 0.62005866, 0.61959904, 0.537811, 0.53777087, 0.4855062, 0.4246244, 0.40404314, 0.40034163, 0.38263547, 0.27838027]","[[408.21, 194.81, 174.35, 180.0], [107.22, 107.71, 46.51, 86.03], [470.81, 257.02, 119.45, 137.15], [199.04, 122.37, 26.86, 48.12], [402.21, 106.66, 16.38, 36.53], [367.95, 107.42, 42.15, 25.36], [454.48, 121.41, 37.26, 43.56], [168.47, 135.6, 29.11, 40.66], [438.67, 119.4, 25.73, 36.44], [214.67, 122.97, 23.28, 45.07], [482.34, 124.63, 34.53, 44.85], [293.0, 101.4, 59.25, 29.33], [413.05, 112.83, 19.56, 37.85], [492.28, 277.21, 61.77, 46.74], [430.23, 119.17, 18.55, 32.27], [574.52, 341.79, 64.86, 84.6], [186.21, 135.2, 24.93, 38.15]]"
2332,/home/pi/sambashare/BacArbeit/cocoval2017/000000329827.jpg,3.188827261001279,"['0: person', '30: skis', '30: skis', '15: cat']","[0, 30, 30, 15]","[0.89831966, 0.3919985, 0.35736454, 0.26735982]","[[349.17, 225.17, 101.96, 111.62], [310.98, 310.23, 91.49, 50.66], [312.19, 310.13, 202.8, 51.52], [2.72, 1, 272.01, 220.53]]"
2333,/home/pi/sambashare/BacArbeit/cocoval2017/000000492937.jpg,3.1856927139997424,"['0: person', '1: bicycle']","[0, 1]","[0.88296145, 0.69409126]","[[353.26, 22.45, 96.16, 324.99], [81.81, 24.06, 393.82, 575.79]]"
2334,/home/pi/sambashare/BacArbeit/cocoval2017/000000292225.jpg,3.1884364240013383,"['0: person', '0: person', '14: bird', '38: tennis racket']","[0, 0, 14, 38]","[0.75476134, 0.6608096, 0.32817936, 0.32813293]","[[64.76, 131.67, 34.46, 44.47], [230.91, 152.62, 14.22, 22.08], [294.68, 1, 25.13, 27.3], [97.63, 144.91, 13.82, 12.93]]"
2335,/home/pi/sambashare/BacArbeit/cocoval2017/000000227478.jpg,3.1824205810007697,"['0: person', '13: bench', '13: bench', '26: handbag', '14: bird', '13: bench', '0: person']","[0, 13, 13, 26, 14, 13, 0]","[0.93111396, 0.84594923, 0.7654879, 0.43390307, 0.39611274, 0.34013966, 0.33981693]","[[17.68, 148.44, 306.98, 304.43], [63.14, 27.96, 152.04, 56.35], [188.88, 245.46, 164.05, 233.24], [139.6, 291.12, 47.87, 21.68], [362.93, 82.85, 15.43, 20.19], [48.29, 150.17, 142.35, 149.29], [145.52, 19.41, 33.4, 19.8]]"
2336,/home/pi/sambashare/BacArbeit/cocoval2017/000000173799.jpg,3.1817078109997965,"['20: elephant', '0: person', '0: person', '20: elephant', '20: elephant', '20: elephant', '20: elephant', '20: elephant', '20: elephant', '20: elephant', '20: elephant', '20: elephant', '20: elephant', '20: elephant', '20: elephant', '20: elephant', '20: elephant', '20: elephant', '20: elephant', '20: elephant', '20: elephant', '20: elephant']","[20, 0, 0, 20, 20, 20, 20, 20, 20, 20, 20, 20, 20, 20, 20, 20, 20, 20, 20, 20, 20, 20]","[0.91729736, 0.9057387, 0.8979635, 0.8846942, 0.88388777, 0.8696229, 0.85706276, 0.81781006, 0.80847853, 0.7683284, 0.7682297, 0.74958384, 0.7072117, 0.70702, 0.65101904, 0.6261989, 0.5661073, 0.44725356, 0.4087991, 0.36693043, 0.30691546, 0.2931054]","[[60.17, 162.74, 78.4, 63.01], [155.34, 199.49, 114.68, 277.73], [5.45, 172.79, 178.14, 341.02], [276.65, 176.04, 101.4, 77.41], [237.54, 258.59, 233.23, 155.2], [518.45, 166.63, 61.29, 61.76], [532.22, 224.52, 93.3, 72.08], [226.34, 166.65, 47.34, 64.08], [361.48, 214.34, 135.11, 48.65], [237.81, 257.4, 89.05, 55.82], [472.37, 172.9, 64.81, 49.05], [67.13, 134.17, 75.69, 38.09], [341.56, 231.86, 59.99, 51.67], [452.74, 239.61, 58.73, 87.22], [469.46, 196.14, 57.44, 31.12], [484.41, 218.11, 54.32, 77.52], [423.84, 180.04, 31.89, 29.07], [337.54, 223.78, 109.51, 55.07], [410.56, 202.02, 58.76, 19.8], [309.06, 175.29, 71.03, 27.99], [464.55, 191.85, 26.05, 20.55], [373.91, 199.15, 35.67, 17.14]]"
2337,/home/pi/sambashare/BacArbeit/cocoval2017/000000378284.jpg,3.1874011999989307,"['42: fork', '0: person', '55: cake', '43: knife', '56: chair']","[42, 0, 55, 43, 56]","[0.85942227, 0.77457815, 0.72023624, 0.6198962, 0.3576286]","[[541.51, 272.14, 97.92, 114.68], [102.32, 1, 425.49, 121.69], [74.09, 109.18, 439.45, 230.15], [469.24, 58.37, 140.08, 137.41], [1.88, 1, 106.83, 115.58]]"
2338,/home/pi/sambashare/BacArbeit/cocoval2017/000000571313.jpg,3.201134707000165,"['59: bed', '66: keyboard', '64: mouse', '56: chair', '62: tv', '56: chair', '73: book', '60: dining table', '73: book']","[59, 66, 64, 56, 62, 56, 73, 60, 73]","[0.9031987, 0.8817101, 0.8028096, 0.73081, 0.64663965, 0.493151, 0.32091582, 0.28947464, 0.2703396]","[[330.41, 429.36, 148.63, 208.07], [8.89, 347.36, 112.48, 48.28], [130.59, 335.76, 24.44, 19.68], [1.07, 534.48, 169.28, 105.23], [1, 172.91, 91.01, 195.21], [466.24, 276.24, 13.57, 83.34], [136.58, 267.2, 79.24, 31.95], [334.89, 306.82, 96.96, 114.75], [140.68, 291.46, 90.13, 28.75]]"
2339,/home/pi/sambashare/BacArbeit/cocoval2017/000000361238.jpg,3.1906803080000827,"['55: cake', '41: cup', '58: potted plant', '0: person', '63: laptop', '0: person', '41: cup', '39: bottle', '0: person']","[55, 41, 58, 0, 63, 0, 41, 39, 0]","[0.846098, 0.7928854, 0.7838915, 0.78048205, 0.57335955, 0.56267893, 0.48733804, 0.37251157, 0.30378675]","[[59.94, 235.84, 541.8, 227.6], [1, 290.18, 83.68, 109.81], [399.41, 60.83, 70.18, 75.36], [579.53, 22.12, 60.3, 108.16], [547.44, 82.43, 75.33, 49.39], [1, 1.24, 371.26, 307.61], [1, 327.94, 23.55, 149.03], [15.49, 406.41, 62.22, 73.21], [1, 1, 92.23, 33.59]]"
2340,/home/pi/sambashare/BacArbeit/cocoval2017/000000424975.jpg,3.1771499530004803,"['0: person', '0: person', '2: car', '11: stop sign']","[0, 0, 2, 11]","[0.7378583, 0.7086064, 0.5297381, 0.3698519]","[[285.42, 301.46, 28.79, 73.39], [242.99, 305.42, 32.52, 88.58], [545.8, 312.72, 32.96, 37.7], [164.45, 209.6, 37.31, 49.38]]"
2341,/home/pi/sambashare/BacArbeit/cocoval2017/000000040757.jpg,3.187712836999708,"['62: tv', '59: bed', '42: fork', '0: person']","[62, 59, 42, 0]","[0.59983695, 0.40573075, 0.26492357, 0.2646096]","[[1.52, 1.34, 212.57, 157.02], [1, 255.31, 422.91, 360.03], [394.67, 552.76, 30.21, 34.83], [86.06, 273.39, 331.53, 193.94]]"
2342,/home/pi/sambashare/BacArbeit/cocoval2017/000000057238.jpg,3.186252940999111,"['56: chair', '72: refrigerator', '60: dining table', '56: chair']","[56, 72, 60, 56]","[0.92016697, 0.9073685, 0.6550444, 0.42311367]","[[32.32, 187.37, 84.03, 158.18], [164.46, 55.43, 209.59, 443.79], [1, 216.48, 56.82, 144.6], [1, 261.02, 33.21, 111.19]]"
2343,/home/pi/sambashare/BacArbeit/cocoval2017/000000263299.jpg,3.1822172720003437,['6: train'],[6],[0.3971785],"[[100.73, 1.54, 189.66, 329.02]]"
2344,/home/pi/sambashare/BacArbeit/cocoval2017/000000102805.jpg,3.1792384880009195,"['2: car', '29: frisbee', '0: person', '2: car', '7: truck', '2: car', '19: cow', '2: car', '7: truck', '0: person', '7: truck']","[2, 29, 0, 2, 7, 2, 19, 2, 7, 0, 7]","[0.94649875, 0.92054033, 0.9076353, 0.89123505, 0.7684776, 0.70208144, 0.7015261, 0.56246126, 0.39160767, 0.37409577, 0.2772831]","[[377.4, 268.07, 228.62, 69.54], [231.82, 343.74, 116.3, 81.87], [53.02, 80.58, 236.01, 344.67], [344.0, 262.25, 69.08, 25.64], [424.97, 255.97, 69.5, 25.83], [404.01, 261.65, 25.37, 19.53], [506.85, 255.09, 43.14, 17.11], [619.53, 258.71, 20.26, 14.46], [465.97, 249.57, 40.81, 18.28], [544.34, 256.07, 7.28, 15.44], [439.13, 250.7, 71.58, 23.06]]"
2345,/home/pi/sambashare/BacArbeit/cocoval2017/000000244750.jpg,3.175014751001072,"['40: wine glass', '40: wine glass', '40: wine glass', '41: cup', '40: wine glass', '40: wine glass', '0: person', '0: person', '0: person', '0: person', '40: wine glass', '41: cup', '60: dining table', '60: dining table', '40: wine glass', '56: chair', '40: wine glass']","[40, 40, 40, 41, 40, 40, 0, 0, 0, 0, 40, 41, 60, 60, 40, 56, 40]","[0.9349819, 0.9181485, 0.91164964, 0.87740177, 0.7839339, 0.77028126, 0.7543007, 0.72801286, 0.72507083, 0.6143611, 0.4830871, 0.37186155, 0.35707378, 0.3290354, 0.29956707, 0.281427, 0.2623081]","[[225.68, 274.14, 44.99, 130.67], [125.53, 274.72, 45.64, 131.38], [173.48, 274.53, 45.4, 130.98], [9.33, 312.63, 39.62, 92.49], [79.86, 222.74, 22.25, 74.98], [317.45, 220.94, 21.61, 58.63], [344.08, 145.66, 48.62, 140.43], [222.91, 132.06, 97.14, 113.11], [42.43, 140.66, 95.74, 147.16], [92.6, 97.18, 183.44, 190.8], [1, 273.72, 10.77, 113.5], [1, 224.7, 9.97, 19.02], [62.74, 294.71, 42.95, 67.95], [1.32, 357.65, 389.17, 120.81], [47.24, 224.86, 20.32, 18.75], [348.37, 193.5, 23.51, 29.13], [288.36, 221.45, 23.15, 54.54]]"
2346,/home/pi/sambashare/BacArbeit/cocoval2017/000000394940.jpg,3.1872034779989917,"['0: person', '44: spoon', '55: cake', '42: fork']","[0, 44, 55, 42]","[0.7075261, 0.68054134, 0.47996676, 0.47047812]","[[1.04, 69.07, 416.6, 420.8], [43.18, 460.3, 169.41, 57.52], [207.46, 435.63, 103.94, 69.0], [240.56, 432.6, 100.99, 21.96]]"
2347,/home/pi/sambashare/BacArbeit/cocoval2017/000000302882.jpg,3.179501687998709,"['0: person', '67: cell phone']","[0, 67]","[0.90065616, 0.41489172]","[[1, 59.06, 391.83, 338.75], [225.1, 91.44, 98.16, 225.09]]"
2348,/home/pi/sambashare/BacArbeit/cocoval2017/000000358525.jpg,3.1798256609999953,"['63: laptop', '0: person', '56: chair', '28: suitcase']","[63, 0, 56, 28]","[0.9081118, 0.65062535, 0.5778763, 0.5349876]","[[230.27, 289.35, 408.73, 189.43], [9.59, 103.69, 422.58, 369.25], [1, 43.59, 242.21, 278.39], [299.33, 206.91, 234.88, 76.98]]"
2349,/home/pi/sambashare/BacArbeit/cocoval2017/000000403565.jpg,3.178886165998847,"['1: bicycle', '0: person', '39: bottle']","[1, 0, 39]","[0.92568445, 0.8332136, 0.5698331]","[[37.9, 316.62, 316.89, 215.21], [180.87, 229.8, 99.79, 292.97], [163.17, 398.13, 35.4, 40.65]]"
2350,/home/pi/sambashare/BacArbeit/cocoval2017/000000315257.jpg,3.187171596000553,"['45: bowl', '14: bird']","[45, 14]","[0.9262956, 0.8358144]","[[79.7, 372.42, 451.27, 116.79], [62.1, 110.24, 496.57, 297.4]]"
2351,/home/pi/sambashare/BacArbeit/cocoval2017/000000191672.jpg,3.184244027001114,"['0: person', '37: surfboard']","[0, 37]","[0.94148403, 0.8084455]","[[367.22, 153.59, 110.66, 97.67], [395.16, 209.41, 42.51, 75.29]]"
2352,/home/pi/sambashare/BacArbeit/cocoval2017/000000198510.jpg,3.176046618998953,"['0: person', '6: train', '13: bench']","[0, 6, 13]","[0.9135234, 0.64796823, 0.32482558]","[[117.47, 186.26, 388.49, 452.71], [1, 14.04, 247.39, 414.53], [485.11, 404.8, 52.18, 95.21]]"
2353,/home/pi/sambashare/BacArbeit/cocoval2017/000000217753.jpg,3.1839728219983954,['45: bowl'],[45],[0.35423467],"[[1, 244.67, 165.58, 212.35]]"
2354,/home/pi/sambashare/BacArbeit/cocoval2017/000000426376.jpg,3.198819184999593,"['0: person', '31: snowboard', '8: boat', '24: backpack']","[0, 31, 8, 24]","[0.9059055, 0.7074161, 0.5644599, 0.3872201]","[[174.04, 261.39, 91.55, 144.71], [198.67, 385.14, 83.99, 34.02], [388.97, 550.32, 38.33, 89.02], [198.24, 326.85, 32.28, 19.81]]"
2355,/home/pi/sambashare/BacArbeit/cocoval2017/000000116362.jpg,3.2007152830010455,"['45: bowl', '45: bowl']","[45, 45]","[0.78918415, 0.6916697]","[[37.51, 30.28, 548.52, 389.48], [25.33, 401.35, 227.38, 190.43]]"
2356,/home/pi/sambashare/BacArbeit/cocoval2017/000000506454.jpg,3.1806721720004134,"['13: bench', '0: person']","[13, 0]","[0.94998944, 0.278726]","[[210.01, 158.77, 246.13, 126.48], [11.19, 66.97, 29.93, 51.54]]"
2357,/home/pi/sambashare/BacArbeit/cocoval2017/000000397681.jpg,3.178725394000139,"['45: bowl', '42: fork', '55: cake', '0: person', '45: bowl', '75: vase', '51: carrot', '45: bowl', '75: vase', '58: potted plant', '51: carrot', '55: cake', '51: carrot', '58: potted plant', '44: spoon', '51: carrot', '75: vase', '43: knife', '60: dining table', '58: potted plant', '75: vase', '75: vase', '51: carrot', '60: dining table', '2: car', '0: person', '45: bowl']","[45, 42, 55, 0, 45, 75, 51, 45, 75, 58, 51, 55, 51, 58, 44, 51, 75, 43, 60, 58, 75, 75, 51, 60, 2, 0, 45]","[0.8881172, 0.8688747, 0.7984767, 0.7882777, 0.754477, 0.6875424, 0.68637013, 0.6366364, 0.5742753, 0.55627465, 0.5529831, 0.5288789, 0.51672024, 0.4903322, 0.43901083, 0.4338989, 0.3931604, 0.39299062, 0.3662698, 0.35242638, 0.32892275, 0.32562035, 0.31880957, 0.27016965, 0.25903964, 0.2586069, 0.25554475]","[[163.69, 13.75, 91.0, 93.67], [136.08, 71.6, 89.28, 56.26], [287.78, 29.01, 64.68, 63.4], [397.05, 130.28, 113.2, 123.47], [256.49, 39.57, 29.89, 52.93], [473.66, 589.41, 22.04, 17.92], [176.06, 264.0, 40.61, 116.22], [355.06, 42.84, 27.46, 51.69], [435.77, 587.07, 21.65, 20.48], [456.88, 531.29, 54.33, 76.22], [511.63, 128.91, 125.94, 124.97], [1.32, 512.4, 127.72, 123.62], [129.09, 267.65, 31.16, 98.51], [424.18, 532.32, 40.52, 76.67], [512.49, 572.6, 125.13, 61.64], [157.2, 283.82, 24.51, 94.44], [432.66, 571.9, 27.33, 36.13], [512.39, 52.87, 45.61, 74.22], [512.11, 1, 127.5, 126.02], [383.89, 519.62, 44.32, 89.24], [149.52, 472.56, 55.51, 37.27], [464.86, 565.78, 40.37, 45.34], [260.02, 390.15, 122.41, 92.85], [1.88, 384.79, 127.85, 124.2], [130.3, 131.53, 125.9, 124.93], [2.39, 261.56, 125.77, 118.91], [1.83, 130.14, 120.41, 123.07]]"
2358,/home/pi/sambashare/BacArbeit/cocoval2017/000000563267.jpg,3.1847305170012987,"['0: person', '0: person', '39: bottle', '65: remote', '39: bottle', '65: remote', '62: tv', '41: cup', '56: chair']","[0, 0, 39, 65, 39, 65, 62, 41, 56]","[0.8982555, 0.83501756, 0.8084825, 0.64839745, 0.61999166, 0.59069896, 0.54100686, 0.5068475, 0.34378034]","[[242.79, 38.93, 151.6, 335.3], [226.93, 95.91, 60.05, 154.89], [433.7, 209.97, 16.35, 57.01], [247.13, 297.84, 12.77, 19.61], [396.87, 210.73, 15.75, 56.87], [301.11, 289.08, 27.52, 22.32], [457.76, 90.02, 41.97, 104.57], [451.03, 243.5, 16.56, 21.47], [387.59, 176.3, 46.97, 51.44]]"
2359,/home/pi/sambashare/BacArbeit/cocoval2017/000000188906.jpg,3.181346717999986,[],[],[],[]
2360,/home/pi/sambashare/BacArbeit/cocoval2017/000000329041.jpg,3.179018098000597,"['0: person', '28: suitcase', '28: suitcase', '28: suitcase', '28: suitcase', '0: person', '26: handbag', '28: suitcase', '0: person', '28: suitcase', '28: suitcase']","[0, 28, 28, 28, 28, 0, 26, 28, 0, 28, 28]","[0.85731894, 0.8286566, 0.7735926, 0.72170734, 0.6819786, 0.5553793, 0.543418, 0.5283798, 0.4705194, 0.37917683, 0.35544035]","[[92.08, 1, 126.61, 165.8], [73.29, 392.59, 215.11, 168.28], [75.98, 333.69, 202.19, 143.33], [223.88, 203.97, 231.33, 218.44], [76.93, 297.39, 185.02, 104.99], [10.64, 1, 108.22, 195.11], [11.26, 2.13, 43.01, 116.77], [62.41, 212.41, 175.38, 108.3], [259.43, 3.38, 220.57, 627.34], [59.09, 85.03, 247.23, 236.22], [1, 131.42, 62.94, 105.3]]"
2361,/home/pi/sambashare/BacArbeit/cocoval2017/000000458663.jpg,3.1871674550002353,"['56: chair', '71: sink', '69: oven', '56: chair', '56: chair', '56: chair', '56: chair', '56: chair', '60: dining table', '60: dining table']","[56, 71, 69, 56, 56, 56, 56, 56, 60, 60]","[0.88219875, 0.8818802, 0.7881467, 0.77825016, 0.75084025, 0.45198256, 0.38184887, 0.36959085, 0.35866883, 0.29811862]","[[604.97, 258.51, 34.82, 90.33], [96.12, 298.16, 163.26, 64.41], [296.07, 264.1, 121.28, 159.79], [543.59, 252.56, 64.26, 92.81], [496.31, 238.05, 43.01, 83.53], [621.22, 245.3, 18.72, 17.37], [566.07, 240.71, 72.09, 21.91], [525.66, 226.26, 47.21, 29.7], [506.88, 248.78, 133.12, 89.86], [506.0, 249.35, 132.81, 24.21]]"
2362,/home/pi/sambashare/BacArbeit/cocoval2017/000000565877.jpg,3.1823038370002905,"['0: person', '63: laptop']","[0, 63]","[0.697275, 0.43750307]","[[10.05, 66.69, 284.46, 569.3], [33.09, 509.63, 372.16, 129.59]]"
2363,/home/pi/sambashare/BacArbeit/cocoval2017/000000533816.jpg,3.1744541829993977,"['0: person', '0: person', '0: person', '38: tennis racket', '0: person', '0: person', '0: person', '0: person', '38: tennis racket', '0: person', '0: person', '56: chair', '0: person', '0: person', '0: person', '56: chair', '0: person', '56: chair']","[0, 0, 0, 38, 0, 0, 0, 0, 38, 0, 0, 56, 0, 0, 0, 56, 0, 56]","[0.8987494, 0.8604484, 0.79023635, 0.7894582, 0.7473313, 0.6923675, 0.68659914, 0.68619347, 0.6660594, 0.56485134, 0.46280655, 0.40294635, 0.38813177, 0.36014622, 0.32828116, 0.27090108, 0.2610452, 0.25156903]","[[262.75, 122.69, 110.17, 284.84], [399.44, 126.73, 89.23, 294.5], [249.15, 80.69, 54.71, 59.21], [417.41, 327.88, 44.1, 47.49], [443.48, 68.26, 76.4, 91.57], [210.86, 94.05, 42.23, 44.5], [104.28, 136.05, 70.97, 243.4], [448.17, 118.05, 55.53, 109.96], [166.29, 186.32, 44.13, 69.2], [537.12, 65.79, 76.09, 84.88], [505.01, 1, 59.29, 53.22], [319.57, 93.95, 46.85, 43.01], [292.0, 1, 58.25, 74.33], [1, 245.7, 67.6, 180.3], [13.54, 1, 43.46, 58.13], [558.71, 25.07, 47.03, 24.46], [350.55, 1, 71.66, 135.57], [495.14, 67.01, 42.89, 24.31]]"
2364,/home/pi/sambashare/BacArbeit/cocoval2017/000000563653.jpg,3.1750655060004647,"['2: car', '2: car', '2: car', '0: person', '0: person', '2: car', '26: handbag', '2: car', '7: truck', '2: car', '9: traffic light', '26: handbag', '2: car', '2: car', '0: person', '2: car']","[2, 2, 2, 0, 0, 2, 26, 2, 7, 2, 9, 26, 2, 2, 0, 2]","[0.9346776, 0.90269756, 0.8844906, 0.88120604, 0.87902766, 0.8614344, 0.6839845, 0.6624462, 0.66176665, 0.62916124, 0.50541025, 0.42240858, 0.3764122, 0.36337033, 0.29674506, 0.2790517]","[[516.54, 253.67, 101.41, 44.35], [232.9, 253.4, 39.89, 22.94], [180.25, 250.97, 31.41, 26.83], [72.12, 235.73, 35.8, 82.6], [105.39, 240.22, 30.79, 77.84], [297.84, 252.85, 47.45, 26.55], [67.92, 249.3, 15.17, 35.44], [379.21, 250.96, 29.02, 26.08], [338.47, 241.61, 42.55, 34.2], [283.25, 253.06, 24.41, 20.86], [198.25, 215.92, 5.39, 11.08], [102.48, 280.55, 11.53, 24.48], [156.57, 249.31, 16.88, 18.26], [171.64, 249.66, 13.56, 16.26], [626.85, 69.88, 12.74, 15.99], [217.78, 258.64, 12.94, 8.11]]"
2365,/home/pi/sambashare/BacArbeit/cocoval2017/000000481390.jpg,3.19020691500009,"['0: person', '0: person', '0: person', '0: person', '0: person', '0: person', '0: person', '0: person', '0: person', '56: chair', '0: person', '56: chair', '56: chair', '0: person', '0: person', '56: chair', '0: person', '56: chair', '56: chair', '56: chair', '56: chair']","[0, 0, 0, 0, 0, 0, 0, 0, 0, 56, 0, 56, 56, 0, 0, 56, 0, 56, 56, 56, 56]","[0.9310682, 0.92977214, 0.90944004, 0.89707255, 0.88770425, 0.8669659, 0.84643763, 0.6800072, 0.66195244, 0.58071095, 0.5535028, 0.54486924, 0.49184448, 0.43690982, 0.39838007, 0.37338996, 0.32027584, 0.30792922, 0.2956432, 0.28863907, 0.26040363]","[[204.75, 148.49, 130.98, 141.51], [31.88, 302.55, 78.89, 172.76], [25.89, 36.4, 70.71, 160.73], [539.23, 199.13, 69.57, 171.34], [406.56, 292.43, 108.68, 133.07], [439.75, 119.36, 89.21, 141.14], [246.9, 274.35, 124.35, 145.24], [280.43, 269.38, 133.8, 182.7], [339.29, 200.69, 97.68, 140.86], [238.25, 65.25, 32.49, 28.59], [67.49, 4.45, 61.0, 133.33], [268.69, 69.0, 30.7, 27.89], [295.31, 73.73, 33.06, 27.72], [342.6, 63.87, 54.1, 90.11], [398.13, 91.1, 44.82, 71.06], [174.49, 56.47, 41.35, 50.57], [205.73, 8.11, 40.72, 55.07], [323.24, 78.59, 31.29, 22.26], [231.11, 105.32, 28.1, 21.43], [212.91, 60.98, 30.6, 29.22], [254.35, 107.19, 31.16, 25.49]]"
2366,/home/pi/sambashare/BacArbeit/cocoval2017/000000077396.jpg,3.184743335001258,"['15: cat', '62: tv', '15: cat', '63: laptop', '65: remote', '60: dining table', '73: book', '56: chair']","[15, 62, 15, 63, 65, 60, 73, 56]","[0.94464767, 0.932628, 0.9249234, 0.88220584, 0.4008899, 0.3976979, 0.3653445, 0.27121723]","[[240.88, 206.9, 149.12, 152.05], [268.99, 38.96, 224.56, 148.95], [93.8, 346.85, 168.14, 130.15], [141.41, 150.73, 94.78, 65.8], [488.68, 227.98, 24.21, 10.31], [446.59, 312.5, 192.03, 166.39], [560.59, 306.0, 78.48, 52.0], [121.11, 213.44, 131.72, 139.31]]"
2367,/home/pi/sambashare/BacArbeit/cocoval2017/000000343937.jpg,3.1927191959985066,"['0: person', '31: snowboard']","[0, 31]","[0.8705332, 0.5976611]","[[268.78, 19.98, 150.99, 390.92], [332.93, 375.46, 65.32, 46.59]]"
2368,/home/pi/sambashare/BacArbeit/cocoval2017/000000500464.jpg,3.174825468000563,"['41: cup', '71: sink', '41: cup']","[41, 71, 41]","[0.5471445, 0.5440031, 0.26072547]","[[165.81, 62.59, 31.24, 58.9], [1, 222.94, 209.44, 133.22], [276.02, 1, 23.51, 24.82]]"
2369,/home/pi/sambashare/BacArbeit/cocoval2017/000000563603.jpg,3.176473896999596,"['23: giraffe', '23: giraffe', '23: giraffe']","[23, 23, 23]","[0.93617487, 0.9352712, 0.88977367]","[[119.91, 222.97, 107.76, 174.67], [234.53, 208.64, 94.36, 171.39], [176.88, 212.49, 85.62, 168.17]]"
2370,/home/pi/sambashare/BacArbeit/cocoval2017/000000276055.jpg,3.1737061929998163,"['41: cup', '0: person', '39: bottle', '25: umbrella', '56: chair', '60: dining table', '25: umbrella']","[41, 0, 39, 25, 56, 60, 25]","[0.92188054, 0.9066195, 0.71544445, 0.61228687, 0.60828924, 0.26155755, 0.2594526]","[[311.7, 157.88, 54.4, 93.76], [95.81, 40.54, 327.03, 334.13], [429.63, 319.51, 14.3, 39.18], [330.41, 52.02, 168.58, 125.66], [142.68, 341.1, 34.57, 33.81], [374.62, 352.64, 124.72, 21.69], [332.0, 50.11, 168.0, 312.36]]"
2371,/home/pi/sambashare/BacArbeit/cocoval2017/000000033109.jpg,3.1973962239990215,"['7: truck', '5: bus', '2: car', '2: car', '0: person', '5: bus', '2: car', '2: car']","[7, 5, 2, 2, 0, 5, 2, 2]","[0.94816625, 0.91930014, 0.89080685, 0.87111557, 0.7142993, 0.58602285, 0.54415756, 0.43823445]","[[203.4, 96.1, 268.57, 208.86], [518.38, 183.75, 28.76, 30.84], [478.23, 205.27, 31.33, 24.22], [505.24, 204.43, 24.15, 17.08], [86.55, 231.94, 16.78, 41.21], [492.02, 189.37, 19.76, 20.36], [469.8, 206.72, 8.24, 15.04], [170.38, 228.62, 33.51, 9.75]]"
2372,/home/pi/sambashare/BacArbeit/cocoval2017/000000130613.jpg,3.196705758000462,"['14: bird', '14: bird', '14: bird', '75: vase']","[14, 14, 14, 75]","[0.6199734, 0.5849287, 0.40971503, 0.3193927]","[[207.31, 71.41, 293.82, 278.07], [1, 55.59, 262.82, 273.75], [1.21, 1, 310.54, 73.72], [604.59, 125.97, 35.07, 246.76]]"
2373,/home/pi/sambashare/BacArbeit/cocoval2017/000000000285.jpg,3.1842667290002282,['21: bear'],[21],[0.722345],"[[10.89, 79.13, 571.83, 558.93]]"
2374,/home/pi/sambashare/BacArbeit/cocoval2017/000000455085.jpg,3.1725325049992534,"['5: bus', '0: person', '2: car']","[5, 0, 2]","[0.8002852, 0.33142203, 0.2708698]","[[1, 1, 402.1, 639], [242.52, 275.66, 25.11, 55.99], [409.17, 334.17, 17.71, 40.24]]"
2375,/home/pi/sambashare/BacArbeit/cocoval2017/000000486040.jpg,3.171582896000473,"['64: mouse', '41: cup', '63: laptop', '58: potted plant', '63: laptop', '66: keyboard', '73: book']","[64, 41, 63, 58, 63, 66, 73]","[0.89817536, 0.7450858, 0.71656585, 0.6376673, 0.40056974, 0.3782211, 0.25499275]","[[363.7, 399.8, 70.37, 38.59], [357.24, 187.37, 37.73, 51.52], [3.19, 390.46, 382.16, 249.54], [351.17, 131.21, 78.8, 92.1], [1, 244.64, 290.22, 231.81], [177.1, 522.42, 164.98, 116.91], [330.43, 234.97, 149.28, 77.86]]"
2376,/home/pi/sambashare/BacArbeit/cocoval2017/000000289343.jpg,3.188785521000682,"['0: person', '16: dog', '13: bench']","[0, 16, 13]","[0.9143747, 0.84503794, 0.67165947]","[[203.2, 236.94, 60.55, 174.74], [472.65, 392.53, 51.29, 31.61], [1.52, 486.4, 335.45, 118.6]]"
2377,/home/pi/sambashare/BacArbeit/cocoval2017/000000435880.jpg,3.1813695409982756,"['72: refrigerator', '61: toilet', '57: couch', '70: toaster', '39: bottle', '39: bottle', '74: clock']","[72, 61, 57, 70, 39, 39, 74]","[0.9122041, 0.8089936, 0.795309, 0.6546262, 0.63605845, 0.5665695, 0.299376]","[[375.95, 141.65, 185.04, 326.47], [252.63, 303.66, 219.6, 175.71], [1, 403.15, 111.99, 76.24], [605.57, 210.4, 34.22, 31.96], [479.28, 88.22, 16.75, 38.86], [459.39, 89.18, 20.13, 46.6], [34.74, 302.83, 23.4, 21.99]]"
2378,/home/pi/sambashare/BacArbeit/cocoval2017/000000101884.jpg,3.1832571600007213,"['7: truck', '74: clock', '0: person']","[7, 74, 0]","[0.8864394, 0.77255636, 0.3186993]","[[290.32, 360.7, 42.63, 30.13], [466.55, 58.11, 36.18, 31.44], [632.53, 289.31, 7.23, 27.13]]"
2379,/home/pi/sambashare/BacArbeit/cocoval2017/000000036861.jpg,3.1857725489990116,"['12: parking meter', '12: parking meter', '12: parking meter', '12: parking meter']","[12, 12, 12, 12]","[0.9016712, 0.86985034, 0.7655764, 0.7464735]","[[169.97, 39.78, 71.71, 194.18], [90.38, 34.56, 76.54, 196.58], [82.94, 236.65, 10.74, 33.68], [70.78, 235.45, 10.79, 31.18]]"
2380,/home/pi/sambashare/BacArbeit/cocoval2017/000000580197.jpg,3.1721216129990353,"['0: person', '0: person', '0: person', '27: tie', '27: tie']","[0, 0, 0, 27, 27]","[0.91122407, 0.89561576, 0.82943094, 0.7571661, 0.7524662]","[[492.66, 86.04, 146.99, 391.51], [181.07, 306.98, 264.11, 171.98], [63.92, 106.01, 259.03, 373.99], [584.75, 221.23, 47.68, 23.2], [173.15, 224.67, 56.86, 23.24]]"
2381,/home/pi/sambashare/BacArbeit/cocoval2017/000000439994.jpg,3.178252331001204,"['0: person', '0: person', '0: person', '35: baseball glove', '0: person', '0: person', '0: person', '0: person', '0: person', '0: person', '0: person', '0: person', '0: person']","[0, 0, 0, 35, 0, 0, 0, 0, 0, 0, 0, 0, 0]","[0.8996579, 0.89674866, 0.70219547, 0.46556395, 0.42346248, 0.38039705, 0.379509, 0.3627045, 0.3510503, 0.33905032, 0.30200776, 0.2922795, 0.25920716]","[[335.89, 442.26, 64.66, 152.8], [104.54, 417.5, 84.01, 126.02], [387.13, 396.6, 38.51, 59.96], [104.55, 492.22, 17.75, 23.75], [18.42, 1, 24.69, 44.1], [143.5, 384.85, 26.58, 60.55], [279.33, 387.91, 35.46, 59.63], [45.15, 403.71, 30.91, 50.27], [193.42, 386.68, 36.02, 61.11], [42.48, 86.3, 35.92, 77.78], [318.06, 409.76, 38.23, 44.3], [221.29, 386.49, 47.74, 61.23], [125.11, 385.67, 38.04, 60.29]]"
2382,/home/pi/sambashare/BacArbeit/cocoval2017/000000190007.jpg,3.194497471999057,"['0: person', '37: surfboard']","[0, 37]","[0.85946983, 0.7639356]","[[243.82, 152.5, 79.31, 96.08], [281.01, 240.82, 65.92, 31.26]]"
2383,/home/pi/sambashare/BacArbeit/cocoval2017/000000318238.jpg,3.183708852999189,"['16: dog', '16: dog', '16: dog', '0: person']","[16, 16, 16, 0]","[0.8181661, 0.7821646, 0.43557876, 0.2679032]","[[3.66, 295.02, 460.04, 275.5], [162.21, 166.71, 188.71, 182.85], [246.65, 104.96, 111.96, 105.8], [422.47, 1, 55.08, 179.54]]"
2384,/home/pi/sambashare/BacArbeit/cocoval2017/000000128654.jpg,3.1886144489999424,"['29: frisbee', '0: person']","[29, 0]","[0.93698984, 0.8700867]","[[174.35, 274.73, 77.25, 38.74], [76.47, 33.25, 400.53, 337.16]]"
2385,/home/pi/sambashare/BacArbeit/cocoval2017/000000201934.jpg,3.1927874779994454,"['5: bus', '2: car', '2: car', '2: car', '2: car', '0: person']","[5, 2, 2, 2, 2, 0]","[0.9311161, 0.6807824, 0.60571516, 0.55282605, 0.50124973, 0.2978989]","[[1.13, 60.1, 271.16, 238.97], [278.37, 159.52, 27.04, 24.76], [291.57, 156.47, 23.55, 18.32], [262.44, 160.99, 35.64, 32.73], [306.09, 155.11, 15.36, 14.12], [120.59, 124.03, 32.38, 42.3]]"
2386,/home/pi/sambashare/BacArbeit/cocoval2017/000000293390.jpg,3.194375235001644,"['71: sink', '39: bottle', '79: toothbrush', '79: toothbrush', '41: cup', '79: toothbrush']","[71, 39, 79, 79, 41, 79]","[0.84777445, 0.8133879, 0.66200113, 0.58838975, 0.49679053, 0.36046135]","[[192.88, 82.19, 192.33, 57.61], [392.18, 20.06, 26.62, 71.51], [457.37, 8.83, 11.75, 35.72], [469.24, 9.27, 8.94, 35.88], [459.32, 42.57, 44.39, 46.82], [485.92, 6.13, 14.14, 43.8]]"
2387,/home/pi/sambashare/BacArbeit/cocoval2017/000000136355.jpg,3.1768718950006587,"['56: chair', '56: chair', '60: dining table', '72: refrigerator', '75: vase', '58: potted plant', '58: potted plant', '45: bowl', '56: chair', '58: potted plant']","[56, 56, 60, 72, 75, 58, 58, 45, 56, 58]","[0.89421856, 0.86595225, 0.7995735, 0.77083975, 0.7332076, 0.65386, 0.6307229, 0.6164746, 0.58317596, 0.36401057]","[[42.34, 270.92, 155.29, 155.54], [289.25, 241.75, 119.47, 185.25], [72.08, 252.44, 314.05, 173.29], [588.82, 73.79, 50.71, 349.9], [207.64, 234.97, 41.71, 65.0], [510.4, 83.69, 93.78, 70.82], [447.58, 175.68, 77.49, 108.37], [477.08, 289.82, 58.15, 33.15], [180.3, 209.87, 99.3, 55.3], [325.47, 2.65, 240.37, 182.54]]"
2388,/home/pi/sambashare/BacArbeit/cocoval2017/000000184384.jpg,3.178897984998912,"['41: cup', '41: cup', '55: cake', '41: cup', '55: cake', '55: cake']","[41, 41, 55, 41, 55, 55]","[0.8983183, 0.7978215, 0.7515383, 0.4655864, 0.31531113, 0.27362326]","[[1, 1, 127.62, 319.68], [92.36, 3.41, 121.03, 208.67], [150.87, 21.36, 354.86, 455.19], [605.01, 79.08, 34.74, 206.89], [199.09, 350.25, 312.12, 129.48], [403.8, 57.89, 231.3, 107.58]]"
2389,/home/pi/sambashare/BacArbeit/cocoval2017/000000416885.jpg,3.1949351129987917,"['40: wine glass', '42: fork', '40: wine glass', '43: knife', '0: person', '55: cake', '2: car']","[40, 42, 40, 43, 0, 55, 2]","[0.852827, 0.80950737, 0.80304074, 0.7798554, 0.7274665, 0.702556, 0.51258355]","[[59.96, 1, 124.18, 317.44], [388.9, 201.6, 110.76, 45.73], [37.37, 15.97, 67.17, 195.27], [1, 219.86, 26.79, 49.38], [1, 1.27, 41.95, 170.48], [261.04, 255.24, 238.14, 98.51], [173.09, 4.52, 326.25, 135.06]]"
2390,/home/pi/sambashare/BacArbeit/cocoval2017/000000101780.jpg,3.199241340000299,"['23: giraffe', '23: giraffe', '23: giraffe', '23: giraffe']","[23, 23, 23, 23]","[0.9268295, 0.92155385, 0.9120898, 0.8843839]","[[370.34, 220.37, 98.74, 123.34], [1, 261.32, 103.89, 143.86], [1, 308.57, 58.61, 100.79], [73.99, 184.53, 128.69, 338.33]]"
2391,/home/pi/sambashare/BacArbeit/cocoval2017/000000473121.jpg,3.1980382870005997,"['0: person', '30: skis']","[0, 30]","[0.9253188, 0.32021964]","[[302.55, 128.6, 169.05, 93.53], [380.16, 210.72, 101.86, 13.25]]"
2392,/home/pi/sambashare/BacArbeit/cocoval2017/000000151000.jpg,3.1750336089990014,"['0: person', '0: person', '0: person', '0: person', '67: cell phone']","[0, 0, 0, 0, 67]","[0.8596324, 0.8246939, 0.79893845, 0.75427914, 0.599708]","[[136.82, 45.07, 253.61, 378.55], [558.77, 321.24, 49.89, 104.31], [606.28, 380.36, 33.59, 45.18], [452.75, 224.94, 94.87, 201.02], [244.46, 46.83, 55.43, 29.84]]"
2393,/home/pi/sambashare/BacArbeit/cocoval2017/000000147729.jpg,3.1722310189998097,"['0: person', '67: cell phone', '0: person', '0: person', '0: person', '0: person', '0: person', '56: chair', '0: person', '56: chair', '0: person']","[0, 67, 0, 0, 0, 0, 0, 56, 0, 56, 0]","[0.90988517, 0.8823477, 0.75782865, 0.7524987, 0.60007393, 0.49833176, 0.32904318, 0.32630894, 0.30763197, 0.26067215, 0.25130343]","[[1.07, 90.62, 307.48, 282.72], [262.29, 116.31, 42.2, 73.98], [360.21, 104.12, 122.11, 106.43], [304.39, 183.22, 195.12, 191.13], [310.33, 61.86, 79.34, 84.83], [1, 80.3, 163.46, 238.41], [229.76, 92.17, 52.71, 74.72], [112.74, 11.68, 114.35, 86.73], [470.39, 116.27, 29.32, 76.54], [1, 18.17, 54.03, 121.4], [275.65, 141.01, 91.97, 173.88]]"
2394,/home/pi/sambashare/BacArbeit/cocoval2017/000000440475.jpg,3.1803164390003076,"['75: vase', '62: tv', '75: vase', '56: chair', '56: chair', '45: bowl', '57: couch', '56: chair', '75: vase', '56: chair', '58: potted plant', '57: couch', '58: potted plant', '39: bottle', '56: chair', '75: vase', '41: cup', '57: couch']","[75, 62, 75, 56, 56, 45, 57, 56, 75, 56, 58, 57, 58, 39, 56, 75, 41, 57]","[0.8805796, 0.8545685, 0.82115895, 0.6333586, 0.563411, 0.54064876, 0.46791518, 0.46061468, 0.42955297, 0.39695764, 0.39455956, 0.38020095, 0.3304312, 0.32591066, 0.27569017, 0.27472633, 0.25798562, 0.25507867]","[[459.35, 393.55, 55.35, 33.17], [268.53, 178.05, 90.03, 52.84], [592.91, 390.09, 46.89, 36.76], [69.57, 340.58, 98.57, 86.01], [143.62, 231.0, 48.11, 53.39], [72.64, 262.01, 51.49, 18.99], [404.36, 251.06, 184.38, 98.85], [451.3, 235.82, 71.28, 33.61], [185.98, 157.22, 15.7, 18.56], [293.25, 251.95, 111.83, 32.24], [441.12, 340.61, 135.31, 85.35], [174.07, 263.7, 119.39, 34.32], [571.16, 342.25, 68.6, 83.96], [192.34, 182.75, 9.33, 16.93], [519.67, 249.87, 67.95, 100.68], [235.25, 117.27, 19.59, 17.33], [501.92, 255.27, 21.46, 19.11], [404.96, 236.03, 120.72, 45.69]]"
2395,/home/pi/sambashare/BacArbeit/cocoval2017/000000515445.jpg,3.1822424530000717,"['0: person', '0: person', '37: surfboard', '0: person', '37: surfboard', '0: person', '0: person', '0: person', '0: person', '0: person', '0: person', '0: person', '0: person', '0: person', '0: person', '0: person', '0: person']","[0, 0, 37, 0, 37, 0, 0, 0, 0, 0, 0, 0, 0, 0, 0, 0, 0]","[0.8587761, 0.85765517, 0.83465564, 0.82528394, 0.7933258, 0.72166514, 0.4766416, 0.45395356, 0.42820564, 0.42199963, 0.4074184, 0.3974207, 0.37694162, 0.3561553, 0.34484872, 0.34353858, 0.28694552]","[[548.52, 372.48, 20.9, 62.14], [485.47, 380.5, 25.51, 52.62], [511.43, 372.78, 16.42, 61.29], [528.59, 374.75, 21.78, 59.89], [238.83, 390.61, 31.39, 19.84], [247.5, 376.42, 23.4, 59.46], [64.41, 286.59, 8.14, 5.77], [379.63, 287.53, 6.31, 5.47], [408.88, 302.55, 10.02, 6.15], [97.74, 284.82, 7.28, 6.03], [510.65, 282.84, 5.84, 7.48], [47.2, 285.99, 5.77, 4.63], [473.74, 286.57, 6.81, 5.88], [448.96, 299.84, 4.2, 5.41], [303.81, 286.52, 7.54, 6.16], [270.08, 288.85, 5.38, 4.52], [115.61, 289.02, 5.82, 4.19]]"
2396,/home/pi/sambashare/BacArbeit/cocoval2017/000000308165.jpg,3.1831321350000508,"['36: skateboard', '0: person', '25: umbrella']","[36, 0, 25]","[0.8907358, 0.8738962, 0.32204574]","[[169.07, 349.9, 103.69, 40.19], [129.25, 206.54, 148.97, 153.76], [265.3, 295.3, 53.01, 43.34]]"
2397,/home/pi/sambashare/BacArbeit/cocoval2017/000000277584.jpg,3.1857347899986053,"['15: cat', '13: bench']","[15, 13]","[0.77174723, 0.5388492]","[[255.14, 143.47, 148.65, 131.87], [1.54, 129.64, 638.46, 346.86]]"
2398,/home/pi/sambashare/BacArbeit/cocoval2017/000000104603.jpg,3.1811100609993446,['21: bear'],[21],[0.9373576],"[[158.47, 235.54, 120.51, 64.51]]"
2399,/home/pi/sambashare/BacArbeit/cocoval2017/000000349480.jpg,3.179461278999952,"['77: teddy bear', '41: cup', '77: teddy bear', '45: bowl', '0: person', '77: teddy bear', '26: handbag', '43: knife', '43: knife']","[77, 41, 77, 45, 0, 77, 26, 43, 43]","[0.84325033, 0.81448644, 0.7330109, 0.6234609, 0.6148341, 0.47061348, 0.36092204, 0.344596, 0.33174506]","[[28.11, 126.32, 232.94, 238.19], [272.72, 243.16, 38.2, 31.54], [160.58, 1.21, 215.14, 245.51], [324.06, 157.91, 55.06, 30.87], [316.63, 21.63, 307.17, 382.3], [40.78, 251.08, 136.58, 117.46], [200.98, 81.34, 93.58, 145.92], [326.42, 277.07, 16.86, 57.26], [344.34, 272.99, 19.72, 78.89]]"
2400,/home/pi/sambashare/BacArbeit/cocoval2017/000000416758.jpg,3.177080763000049,"['19: cow', '19: cow', '19: cow']","[19, 19, 19]","[0.92653567, 0.89579475, 0.86543804]","[[442.88, 64.01, 195.45, 333.41], [50.17, 84.82, 373.36, 371.4], [396.73, 62.44, 161.3, 254.09]]"
2401,/home/pi/sambashare/BacArbeit/cocoval2017/000000490470.jpg,3.184965704998831,"['8: boat', '8: boat', '8: boat', '8: boat', '8: boat']","[8, 8, 8, 8, 8]","[0.6506431, 0.50386685, 0.4921177, 0.44785884, 0.28612688]","[[1, 244.94, 199.47, 65.79], [380.85, 218.36, 257.88, 74.36], [377.33, 1.26, 259.77, 290.01], [288.18, 235.63, 122.05, 40.58], [285.61, 24.33, 170.2, 253.19]]"
2402,/home/pi/sambashare/BacArbeit/cocoval2017/000000184321.jpg,3.1918020739994972,['6: train'],[6],[0.9053963],"[[161.3, 175.52, 103.69, 104.75]]"
2403,/home/pi/sambashare/BacArbeit/cocoval2017/000000578093.jpg,3.1830310309997003,"['6: train', '13: bench', '0: person', '0: person', '0: person']","[6, 13, 0, 0, 0]","[0.91520685, 0.5592813, 0.5387918, 0.4066416, 0.25252196]","[[1.36, 225.86, 292.6, 179.8], [597.55, 317.63, 41.83, 58.1], [346.54, 298.29, 6.74, 14.4], [391.76, 328.8, 6.79, 6.32], [297.29, 299.59, 8.07, 18.02]]"
2404,/home/pi/sambashare/BacArbeit/cocoval2017/000000078404.jpg,3.185521391000293,"['0: person', '13: bench', '0: person', '0: person']","[0, 13, 0, 0]","[0.89838403, 0.7308991, 0.48099265, 0.371363]","[[217.39, 11.96, 188.16, 314.21], [72.21, 137.08, 329.38, 178.51], [124.9, 15.44, 83.11, 178.16], [165.14, 7.56, 98.44, 185.39]]"
2405,/home/pi/sambashare/BacArbeit/cocoval2017/000000047740.jpg,3.183774089999133,"['0: person', '37: surfboard', '33: kite']","[0, 37, 33]","[0.78589934, 0.5458929, 0.32178873]","[[1, 146.32, 473.94, 212.68], [224.75, 1, 386.3, 195.21], [574.95, 89.21, 64.45, 151.39]]"
2406,/home/pi/sambashare/BacArbeit/cocoval2017/000000441468.jpg,3.1834720129991183,"['10: fire hydrant', '2: car', '2: car', '2: car', '0: person', '0: person', '0: person', '9: traffic light', '0: person', '0: person']","[10, 2, 2, 2, 0, 0, 0, 9, 0, 0]","[0.927987, 0.924882, 0.8965853, 0.8918444, 0.7518117, 0.6201395, 0.39654315, 0.33492154, 0.28779882, 0.25145018]","[[246.23, 374.71, 108.22, 216.23], [209.68, 127.13, 42.54, 39.34], [246.99, 128.66, 20.38, 21.45], [96.67, 136.93, 60.37, 47.15], [368.98, 120.47, 20.83, 64.79], [286.06, 129.32, 4.74, 14.85], [307.6, 127.11, 5.2, 25.46], [308.49, 1, 33.59, 15.58], [302.46, 127.38, 4.8, 21.3], [357.33, 126.21, 6.73, 22.91]]"
2407,/home/pi/sambashare/BacArbeit/cocoval2017/000000200667.jpg,3.1768405180009722,['17: horse'],[17],[0.26561838],"[[177.83, 174.06, 183.73, 143.36]]"
2408,/home/pi/sambashare/BacArbeit/cocoval2017/000000233825.jpg,3.1955101389994525,"['62: tv', '75: vase', '65: remote', '56: chair', '75: vase', '58: potted plant', '56: chair']","[62, 75, 65, 56, 75, 58, 56]","[0.9212406, 0.7817893, 0.67558676, 0.5948356, 0.43330708, 0.32854855, 0.28759357]","[[501.09, 149.49, 138.59, 156.21], [233.43, 293.85, 22.17, 34.0], [289.8, 438.86, 42.3, 11.43], [88.67, 351.95, 121.26, 112.09], [58.33, 310.61, 50.9, 43.38], [205.28, 252.8, 75.68, 74.0], [25.09, 427.09, 187.79, 52.36]]"
2409,/home/pi/sambashare/BacArbeit/cocoval2017/000000409542.jpg,3.182313418999911,"['74: clock', '0: person', '74: clock', '0: person', '0: person', '0: person', '0: person', '0: person', '26: handbag']","[74, 0, 74, 0, 0, 0, 0, 0, 26]","[0.8746445, 0.8388403, 0.8013681, 0.7542601, 0.6929671, 0.6678185, 0.49535123, 0.47643322, 0.28457662]","[[184.83, 104.07, 84.27, 91.13], [252.81, 449.14, 49.7, 144.66], [137.55, 110.86, 30.57, 91.73], [84.46, 439.47, 62.06, 196.38], [305.84, 444.57, 45.35, 131.66], [376.14, 442.69, 27.67, 123.5], [7.86, 462.75, 66.03, 138.7], [411.57, 448.48, 16.3, 96.02], [323.71, 501.89, 16.49, 27.08]]"
2410,/home/pi/sambashare/BacArbeit/cocoval2017/000000226984.jpg,3.1828724200004217,"['69: oven', '56: chair', '39: bottle', '72: refrigerator', '58: potted plant', '45: bowl', '41: cup', '58: potted plant', '39: bottle', '39: bottle', '40: wine glass', '41: cup', '43: knife', '40: wine glass', '43: knife', '43: knife', '39: bottle', '43: knife', '43: knife', '39: bottle']","[69, 56, 39, 72, 58, 45, 41, 58, 39, 39, 40, 41, 43, 40, 43, 43, 39, 43, 43, 39]","[0.92109, 0.8522367, 0.8494222, 0.804312, 0.74551743, 0.65977126, 0.62440556, 0.6156716, 0.5080662, 0.48673117, 0.4729868, 0.47147313, 0.43251726, 0.39502668, 0.39339355, 0.37851325, 0.33733186, 0.33186188, 0.33005637, 0.3286469]","[[283.98, 176.87, 121.14, 172.7], [421.52, 303.53, 47.47, 60.87], [180.66, 212.65, 24.21, 73.2], [473.99, 95.22, 66.83, 308.15], [295.02, 9.03, 95.06, 51.63], [225.9, 29.18, 68.64, 21.76], [173.06, 211.22, 17.03, 13.14], [449.41, 12.39, 66.22, 55.36], [286.83, 157.94, 7.77, 18.28], [301.36, 151.49, 8.79, 24.81], [119.67, 232.84, 23.8, 37.77], [101.38, 228.92, 25.62, 35.41], [172.57, 173.57, 13.68, 18.78], [27.99, 252.99, 30.34, 50.33], [176.98, 186.56, 10.85, 16.97], [166.06, 169.42, 11.87, 17.23], [364.63, 165.33, 8.48, 11.44], [152.74, 184.42, 18.44, 12.28], [162.63, 169.59, 9.11, 15.69], [127.49, 193.97, 28.7, 61.27]]"
2411,/home/pi/sambashare/BacArbeit/cocoval2017/000000130586.jpg,3.1934444479993545,"['0: person', '33: kite']","[0, 33]","[0.952041, 0.94060594]","[[105.04, 216.34, 221.34, 420.79], [18.78, 70.49, 173.44, 206.82]]"
2412,/home/pi/sambashare/BacArbeit/cocoval2017/000000446206.jpg,3.180828628999734,"['5: bus', '6: train', '0: person']","[5, 6, 0]","[0.95136, 0.80106175, 0.547776]","[[10.52, 274.08, 180.74, 96.48], [115.52, 159.57, 522.64, 56.17], [292.88, 371.04, 10.8, 13.73]]"
2413,/home/pi/sambashare/BacArbeit/cocoval2017/000000322968.jpg,3.193484913001157,"['74: clock', '0: person', '58: potted plant', '25: umbrella', '0: person']","[74, 0, 58, 25, 0]","[0.8780851, 0.7697753, 0.69575214, 0.32499206, 0.2574572]","[[232.42, 75.19, 45.13, 39.39], [1, 519.84, 17.74, 78.96], [434.23, 490.43, 45.39, 92.54], [395.38, 496.92, 43.46, 33.41], [47.71, 524.05, 8.3, 14.87]]"
2414,/home/pi/sambashare/BacArbeit/cocoval2017/000000503755.jpg,3.182951184000558,"['38: tennis racket', '0: person']","[38, 0]","[0.91007763, 0.8963977]","[[1, 378.65, 51.03, 259.58], [18.95, 68.69, 459.76, 569.58]]"
2415,/home/pi/sambashare/BacArbeit/cocoval2017/000000531134.jpg,3.1727205740007776,"['0: person', '9: traffic light', '0: person', '0: person', '0: person', '26: handbag', '0: person', '0: person', '25: umbrella', '0: person', '26: handbag', '58: potted plant', '9: traffic light', '58: potted plant', '24: backpack', '9: traffic light']","[0, 9, 0, 0, 0, 26, 0, 0, 25, 0, 26, 58, 9, 58, 24, 9]","[0.8949285, 0.8596576, 0.8344357, 0.8125458, 0.7233761, 0.6416495, 0.6326929, 0.6103379, 0.6031617, 0.58252037, 0.5025634, 0.47869253, 0.4728108, 0.3813577, 0.2941732, 0.25994158]","[[18.81, 425.08, 68.87, 54.57], [170.29, 141.93, 183.12, 338.07], [352.45, 326.01, 43.87, 121.27], [129.56, 308.48, 28.89, 99.84], [392.19, 321.94, 35.83, 102.27], [119.24, 359.87, 22.48, 40.61], [535.36, 224.87, 11.44, 21.82], [423.07, 322.15, 38.25, 117.97], [485.44, 226.19, 34.38, 11.99], [483.16, 238.51, 15.65, 36.29], [33.94, 461.25, 7.65, 18.53], [84.57, 277.57, 30.97, 27.72], [501.62, 200.65, 9.36, 20.0], [130.3, 269.59, 30.83, 28.65], [392.45, 336.96, 18.66, 25.45], [442.23, 187.86, 44.28, 25.64]]"
2416,/home/pi/sambashare/BacArbeit/cocoval2017/000000413247.jpg,3.1741419099998893,"['63: laptop', '64: mouse', '39: bottle', '0: person', '24: backpack']","[63, 64, 39, 0, 24]","[0.94989467, 0.9023067, 0.90171945, 0.5336592, 0.39277616]","[[1, 150.16, 312.94, 229.36], [249.02, 362.41, 66.33, 46.37], [390.43, 184.82, 46.15, 153.0], [444.8, 251.74, 182.35, 64.67], [435.32, 311.64, 204.68, 103.74]]"
2417,/home/pi/sambashare/BacArbeit/cocoval2017/000000187144.jpg,3.186375893999866,"['5: bus', '0: person', '0: person', '0: person', '6: train', '0: person', '24: backpack', '0: person', '24: backpack', '0: person', '6: train', '26: handbag', '0: person']","[5, 0, 0, 0, 6, 0, 24, 0, 24, 0, 6, 26, 0]","[0.95130795, 0.85325867, 0.82131743, 0.7622273, 0.747378, 0.71084523, 0.7107714, 0.6943728, 0.6809922, 0.6140675, 0.43625173, 0.38539842, 0.3625128]","[[1.21, 121.05, 409.52, 263.81], [368.09, 250.21, 29.81, 80.7], [478.09, 245.75, 16.95, 51.16], [399.7, 249.94, 24.69, 75.3], [549.68, 217.87, 88.64, 36.99], [451.27, 237.45, 27.31, 82.34], [368.21, 264.02, 22.86, 29.07], [539.17, 244.1, 10.17, 21.73], [469.0, 248.74, 13.4, 24.82], [417.06, 247.37, 21.81, 70.38], [409.96, 218.66, 228.99, 42.6], [400.17, 258.91, 17.35, 31.35], [437.28, 237.45, 32.34, 73.07]]"
2418,/home/pi/sambashare/BacArbeit/cocoval2017/000000049091.jpg,3.193010894001418,[],[],[],[]
2419,/home/pi/sambashare/BacArbeit/cocoval2017/000000047769.jpg,3.1981509500001266,"['57: couch', '62: tv', '56: chair', '56: chair', '73: book']","[57, 62, 56, 56, 73]","[0.94441986, 0.8770948, 0.7755781, 0.70694387, 0.3205896]","[[1, 266.4, 201.18, 108.35], [380.85, 233.27, 109.55, 140.35], [314.07, 273.45, 72.68, 101.5], [221.03, 267.95, 67.59, 85.8], [228.53, 352.01, 54.5, 22.99]]"
2420,/home/pi/sambashare/BacArbeit/cocoval2017/000000471087.jpg,3.1772436990013375,"['0: person', '27: tie']","[0, 27]","[0.9082064, 0.8973227]","[[21.33, 25.85, 386.51, 470.01], [133.78, 264.68, 72.44, 234.02]]"
2421,/home/pi/sambashare/BacArbeit/cocoval2017/000000451150.jpg,3.1874229419991025,"['54: donut', '54: donut', '54: donut', '54: donut', '54: donut', '54: donut']","[54, 54, 54, 54, 54, 54]","[0.959482, 0.954396, 0.9540135, 0.9537515, 0.9495505, 0.9240545]","[[241.85, 267.99, 191.55, 185.91], [250.35, 448.64, 185.2, 175.84], [11.48, 434.74, 236.48, 204.8], [229.83, 65.93, 200.65, 207.75], [13.99, 238.16, 229.04, 195.29], [1, 18.47, 240.02, 224.9]]"
2422,/home/pi/sambashare/BacArbeit/cocoval2017/000000078420.jpg,3.193119067000225,"['15: cat', '56: chair', '63: laptop']","[15, 56, 63]","[0.86541504, 0.73123676, 0.6394982]","[[295.34, 247.36, 343.95, 231.93], [400.36, 1, 188.91, 154.76], [2.92, 1, 459.68, 476.02]]"
2423,/home/pi/sambashare/BacArbeit/cocoval2017/000000114871.jpg,3.178813024000192,['46: banana'],[46],[0.7071268],"[[181.57, 27.94, 367.1, 339.6]]"
2424,/home/pi/sambashare/BacArbeit/cocoval2017/000000383384.jpg,3.185569997998755,"['0: person', '0: person', '0: person', '0: person', '0: person', '32: sports ball', '34: baseball bat', '35: baseball glove', '0: person', '0: person']","[0, 0, 0, 0, 0, 32, 34, 35, 0, 0]","[0.937969, 0.9194973, 0.911764, 0.9008756, 0.8156522, 0.6978142, 0.68660676, 0.66375303, 0.4685893, 0.2964519]","[[318.04, 68.53, 69.88, 97.9], [395.01, 95.7, 68.78, 66.25], [486.37, 77.57, 81.98, 85.34], [467.89, 194.78, 82.16, 164.45], [286.72, 1, 23.49, 36.18], [184.65, 82.71, 7.74, 4.9], [370.49, 90.47, 27.6, 6.62], [395.34, 106.53, 15.84, 14.65], [28.76, 1, 27.06, 16.02], [81.5, 1, 19.79, 15.06]]"
2425,/home/pi/sambashare/BacArbeit/cocoval2017/000000545129.jpg,3.181399903000056,"['22: zebra', '22: zebra', '22: zebra']","[22, 22, 22]","[0.96568525, 0.93022203, 0.88935035]","[[1, 106.28, 188.38, 171.38], [245.87, 159.97, 156.82, 145.96], [210.0, 108.67, 205.25, 143.8]]"
2426,/home/pi/sambashare/BacArbeit/cocoval2017/000000475484.jpg,3.182262255000751,"['2: car', '2: car', '9: traffic light', '9: traffic light', '0: person', '9: traffic light', '0: person', '0: person', '0: person']","[2, 2, 9, 9, 0, 9, 0, 0, 0]","[0.8576808, 0.8137495, 0.76111215, 0.6403617, 0.56679, 0.43015963, 0.4023472, 0.34582168, 0.29070833]","[[138.59, 327.32, 131.32, 61.49], [361.92, 347.08, 63.92, 48.6], [148.32, 146.09, 44.84, 53.61], [76.97, 1, 49.31, 51.16], [1.22, 322.54, 15.42, 41.11], [6.15, 90.48, 29.72, 33.72], [79.77, 328.59, 10.24, 35.01], [56.67, 329.91, 14.92, 39.49], [15.28, 326.65, 10.68, 28.61]]"
2427,/home/pi/sambashare/BacArbeit/cocoval2017/000000357501.jpg,3.198562536001191,['76: scissors'],[76],[0.413685],"[[24.46, 5.78, 444.27, 468.35]]"
2428,/home/pi/sambashare/BacArbeit/cocoval2017/000000347693.jpg,3.1794925659996807,['13: bench'],[13],[0.35527334],"[[480.14, 307.04, 159.27, 83.84]]"
2429,/home/pi/sambashare/BacArbeit/cocoval2017/000000119038.jpg,3.1857134839992796,"['19: cow', '19: cow', '18: sheep', '19: cow', '18: sheep']","[19, 19, 18, 19, 18]","[0.92029804, 0.9193906, 0.45012674, 0.30846602, 0.30626845]","[[358.13, 207.49, 69.51, 64.55], [510.24, 198.62, 116.43, 125.74], [74.19, 267.05, 18.01, 10.27], [484.88, 235.43, 115.72, 98.0], [1, 255.6, 4.03, 13.8]]"
2430,/home/pi/sambashare/BacArbeit/cocoval2017/000000447465.jpg,3.1905187140000635,"['0: person', '37: surfboard', '0: person', '30: skis']","[0, 37, 0, 30]","[0.83503574, 0.59073037, 0.511974, 0.2761359]","[[261.73, 3.03, 215.2, 420.97], [207.32, 1, 109.92, 409.85], [75.0, 69.58, 138.15, 333.69], [331.24, 387.31, 135.69, 38.25]]"
2431,/home/pi/sambashare/BacArbeit/cocoval2017/000000360661.jpg,3.1926572960001067,"['17: horse', '17: horse', '17: horse', '0: person', '0: person', '0: person', '0: person', '0: person']","[17, 17, 17, 0, 0, 0, 0, 0]","[0.9551577, 0.9524761, 0.92251074, 0.9205476, 0.91551346, 0.86287487, 0.6590456, 0.25032285]","[[82.21, 189.78, 274.42, 167.98], [371.53, 206.15, 248.59, 147.95], [1, 200.76, 79.04, 125.27], [492.82, 180.5, 69.44, 85.37], [217.91, 176.6, 67.37, 81.66], [111.18, 221.66, 33.7, 92.37], [1, 182.51, 21.94, 51.08], [112.93, 220.76, 32.08, 39.61]]"
2432,/home/pi/sambashare/BacArbeit/cocoval2017/000000186873.jpg,3.1957387729999027,"['0: person', '0: person', '0: person', '0: person', '0: person', '0: person', '0: person', '8: boat', '0: person']","[0, 0, 0, 0, 0, 0, 0, 8, 0]","[0.7802929, 0.75905246, 0.6869361, 0.6379453, 0.6186429, 0.6065754, 0.59015536, 0.49060526, 0.38536668]","[[339.95, 199.27, 26.99, 41.27], [265.22, 204.3, 22.77, 30.82], [285.71, 206.31, 23.69, 30.57], [228.25, 206.06, 25.25, 28.98], [245.93, 206.02, 19.85, 28.07], [317.81, 206.36, 26.02, 33.69], [207.65, 207.92, 22.25, 23.77], [76.21, 205.17, 531.38, 62.73], [303.03, 203.11, 26.25, 35.24]]"
2433,/home/pi/sambashare/BacArbeit/cocoval2017/000000194832.jpg,3.1840059800015297,"['56: chair', '56: chair', '13: bench', '13: bench', '13: bench', '13: bench', '13: bench', '13: bench', '62: tv']","[56, 56, 13, 13, 13, 13, 13, 13, 62]","[0.92059505, 0.91578054, 0.6434063, 0.58060056, 0.51639473, 0.50292695, 0.46050802, 0.45746955, 0.44015864]","[[426.34, 205.54, 212.31, 218.01], [1, 208.08, 215.26, 215.01], [342.95, 185.16, 158.48, 78.86], [334.04, 168.74, 125.66, 64.56], [63.16, 220.26, 224.59, 112.41], [170.01, 166.72, 121.59, 61.98], [123.75, 188.36, 166.16, 78.36], [353.01, 219.37, 224.63, 106.21], [282.39, 91.74, 58.16, 37.54]]"
2434,/home/pi/sambashare/BacArbeit/cocoval2017/000000323799.jpg,3.181452230001014,"['29: frisbee', '29: frisbee', '0: person', '0: person', '0: person', '0: person', '0: person', '0: person', '0: person', '0: person', '0: person', '29: frisbee', '0: person', '29: frisbee']","[29, 29, 0, 0, 0, 0, 0, 0, 0, 0, 0, 29, 0, 29]","[0.9202265, 0.89490145, 0.88463694, 0.87839, 0.8727693, 0.8627848, 0.8231095, 0.8209189, 0.817689, 0.81615484, 0.81030905, 0.7713984, 0.674554, 0.40018806]","[[143.48, 265.92, 32.95, 35.64], [242.98, 164.2, 37.03, 33.6], [430.3, 101.98, 76.2, 267.93], [163.86, 100.85, 68.26, 252.68], [58.59, 115.85, 80.08, 284.65], [279.08, 125.04, 61.91, 223.37], [493.89, 117.16, 72.4, 267.38], [112.13, 129.99, 66.81, 240.34], [368.89, 117.6, 78.35, 238.88], [224.42, 110.3, 69.79, 237.88], [324.95, 114.94, 66.64, 234.44], [394.13, 183.41, 37.87, 35.63], [515.62, 208.1, 56.91, 180.77], [75.07, 261.87, 17.68, 47.25]]"
2435,/home/pi/sambashare/BacArbeit/cocoval2017/000000360943.jpg,3.178027973001008,['15: cat'],[15],[0.89182615],"[[197.52, 239.26, 78.83, 43.17]]"
2436,/home/pi/sambashare/BacArbeit/cocoval2017/000000461405.jpg,3.1960565240005963,"['18: sheep', '18: sheep', '18: sheep', '18: sheep', '18: sheep', '18: sheep', '18: sheep', '18: sheep', '18: sheep', '18: sheep', '18: sheep', '18: sheep', '18: sheep', '18: sheep']","[18, 18, 18, 18, 18, 18, 18, 18, 18, 18, 18, 18, 18, 18]","[0.9185153, 0.91478395, 0.9053188, 0.900637, 0.8860972, 0.8833106, 0.8761297, 0.8720762, 0.800223, 0.74180037, 0.73165756, 0.6142178, 0.54481184, 0.48804483]","[[492.23, 182.21, 85.48, 117.37], [33.5, 194.35, 89.89, 118.81], [104.86, 189.34, 133.33, 115.57], [343.6, 225.47, 55.45, 86.25], [536.28, 217.83, 95.6, 82.4], [414.51, 216.13, 47.38, 83.68], [577.97, 186.96, 62.03, 80.26], [267.8, 192.35, 76.13, 119.22], [353.79, 190.25, 93.36, 88.79], [1, 204.13, 35.26, 33.58], [1, 222.91, 50.02, 87.91], [27.18, 193.72, 54.2, 27.64], [203.48, 231.79, 72.2, 59.4], [217.3, 198.58, 84.38, 47.64]]"
2437,/home/pi/sambashare/BacArbeit/cocoval2017/000000029596.jpg,3.1679771630006144,"['57: couch', '62: tv', '56: chair', '56: chair', '60: dining table', '73: book', '41: cup', '56: chair', '41: cup', '41: cup']","[57, 62, 56, 56, 60, 73, 41, 56, 41, 41]","[0.87985814, 0.85785705, 0.84221435, 0.81836, 0.70601267, 0.53360164, 0.52973056, 0.34550932, 0.31945714, 0.2865526]","[[1.34, 256.5, 250.87, 170.4], [569.56, 67.35, 69.83, 197.87], [262.39, 231.37, 50.88, 109.28], [438.66, 235.16, 65.94, 129.36], [299.76, 254.64, 141.9, 118.4], [505.04, 263.81, 68.52, 13.95], [407.83, 256.28, 15.43, 10.46], [437.34, 288.74, 50.11, 75.64], [326.05, 253.08, 12.26, 8.14], [384.01, 258.72, 18.54, 12.5]]"
2438,/home/pi/sambashare/BacArbeit/cocoval2017/000000144300.jpg,3.1760875119998673,"['7: truck', '0: person', '3: motorcycle', '7: truck', '0: person', '2: car']","[7, 0, 3, 7, 0, 2]","[0.7971807, 0.79473126, 0.74553525, 0.6249139, 0.5649378, 0.5411855]","[[1, 1.99, 322.39, 271.05], [603.33, 67.36, 35.81, 190.12], [12.65, 44.97, 588.06, 359.31], [328.67, 53.65, 169.71, 120.46], [507.35, 67.02, 70.27, 117.53], [574.09, 142.01, 39.49, 37.2]]"
2439,/home/pi/sambashare/BacArbeit/cocoval2017/000000389316.jpg,3.185725174998879,"['20: elephant', '0: person', '20: elephant']","[20, 0, 20]","[0.9463134, 0.79798615, 0.61726373]","[[220.82, 68.73, 312.53, 229.63], [536.38, 56.19, 87.26, 113.82], [93.34, 83.1, 123.49, 253.28]]"
2440,/home/pi/sambashare/BacArbeit/cocoval2017/000000356428.jpg,3.186547856999823,"['0: person', '0: person', '0: person', '24: backpack']","[0, 0, 0, 24]","[0.8165305, 0.811582, 0.7479521, 0.7256391]","[[458.43, 26.13, 41.37, 136.35], [419.14, 22.52, 60.19, 130.24], [34.76, 1.28, 120.38, 147.6], [442.16, 43.32, 33.66, 41.43]]"
2441,/home/pi/sambashare/BacArbeit/cocoval2017/000000411530.jpg,3.1717116699983308,"['0: person', '0: person', '30: skis', '0: person', '31: snowboard', '0: person', '30: skis', '0: person', '0: person', '0: person', '0: person', '24: backpack', '0: person', '0: person', '0: person', '0: person', '0: person', '0: person', '0: person', '0: person', '0: person', '56: chair']","[0, 0, 30, 0, 31, 0, 30, 0, 0, 0, 0, 24, 0, 0, 0, 0, 0, 0, 0, 0, 0, 56]","[0.893512, 0.83926094, 0.79059404, 0.7424049, 0.6456175, 0.6363465, 0.6329607, 0.55263674, 0.48715082, 0.48330247, 0.47184893, 0.4684898, 0.40952793, 0.4021792, 0.36777782, 0.36698452, 0.34010682, 0.3157217, 0.3109568, 0.29844934, 0.26599938, 0.2653498]","[[430.07, 295.57, 79.61, 156.95], [516.43, 285.46, 54.05, 134.63], [389.68, 433.46, 118.46, 34.61], [563.02, 293.97, 41.24, 98.36], [1, 287.34, 44.37, 77.88], [375.72, 290.97, 34.32, 62.3], [526.41, 402.35, 32.08, 28.79], [367.46, 290.81, 15.78, 44.65], [333.51, 293.37, 12.11, 41.28], [158.66, 215.0, 8.62, 18.65], [1, 282.8, 27.21, 139.75], [387.5, 301.05, 16.59, 19.58], [174.16, 213.11, 10.55, 22.25], [500.04, 297.49, 22.33, 74.04], [397.69, 292.3, 18.43, 58.52], [472.72, 291.35, 27.94, 42.94], [179.7, 213.71, 7.95, 20.11], [422.2, 293.2, 26.9, 60.8], [600.45, 288.5, 24.02, 78.16], [165.87, 214.68, 15.99, 20.09], [624.54, 291.76, 15.41, 75.07], [297.25, 317.95, 19.22, 20.41]]"
2442,/home/pi/sambashare/BacArbeit/cocoval2017/000000357903.jpg,3.191770555999028,['55: cake'],[55],[0.4090256],"[[1, 32.32, 473.67, 533.94]]"
2443,/home/pi/sambashare/BacArbeit/cocoval2017/000000455267.jpg,3.1856911859995307,"['50: broccoli', '39: bottle', '50: broccoli', '50: broccoli', '45: bowl', '50: broccoli', '50: broccoli', '50: broccoli']","[50, 39, 50, 50, 45, 50, 50, 50]","[0.65285987, 0.58438975, 0.46215442, 0.39945787, 0.3640764, 0.34679714, 0.29880258, 0.28438517]","[[235.15, 294.91, 120.66, 82.48], [567.04, 125.12, 72.62, 50.76], [292.65, 272.87, 74.12, 85.84], [220.23, 229.26, 87.84, 68.63], [1, 57.53, 639, 351.08], [335.55, 249.65, 68.02, 57.84], [165.4, 147.13, 313.92, 214.62], [367.87, 198.49, 115.86, 130.54]]"
2444,/home/pi/sambashare/BacArbeit/cocoval2017/000000034257.jpg,3.195686189001208,[],[],[],[]
2445,/home/pi/sambashare/BacArbeit/cocoval2017/000000199681.jpg,3.16889294000066,"['16: dog', '12: parking meter']","[16, 12]","[0.6611722, 0.41340184]","[[119.41, 24.38, 198.12, 266.14], [353.75, 1, 285.22, 478.22]]"
2446,/home/pi/sambashare/BacArbeit/cocoval2017/000000096493.jpg,3.185792049000156,"['73: book', '59: bed']","[73, 59]","[0.7723139, 0.56295544]","[[110.01, 348.67, 114.91, 42.02], [1, 1.36, 420.84, 635.97]]"
2447,/home/pi/sambashare/BacArbeit/cocoval2017/000000288882.jpg,3.182429560998571,"['23: giraffe', '23: giraffe']","[23, 23]","[0.80059075, 0.7969326]","[[350.52, 1, 120.3, 358], [112.12, 2.9, 274.78, 356.1]]"
2448,/home/pi/sambashare/BacArbeit/cocoval2017/000000485130.jpg,3.1908196570002474,['55: cake'],[55],[0.3810016],"[[1, 19.77, 636.39, 445.83]]"
2449,/home/pi/sambashare/BacArbeit/cocoval2017/000000537991.jpg,3.1644562239998777,"['67: cell phone', '67: cell phone', '63: laptop', '0: person', '28: suitcase', '56: chair']","[67, 67, 63, 0, 28, 56]","[0.91228604, 0.90622914, 0.8892062, 0.8801089, 0.83816504, 0.5035214]","[[156.86, 169.6, 46.49, 62.81], [246.78, 207.01, 43.35, 45.94], [480.4, 326.51, 158.3, 152.77], [85.12, 3.49, 293.98, 473.68], [1, 388.8, 117.47, 51.92], [417.88, 333.97, 124.01, 75.09]]"
2450,/home/pi/sambashare/BacArbeit/cocoval2017/000000119828.jpg,3.196808841001257,"['63: laptop', '41: cup', '15: cat', '66: keyboard', '67: cell phone', '64: mouse']","[63, 41, 15, 66, 67, 64]","[0.8734241, 0.7181758, 0.62508327, 0.49288827, 0.3999096, 0.30957624]","[[16.7, 1, 219.17, 220.43], [340.36, 116.77, 65.1, 47.33], [114.73, 143.92, 321.25, 229.41], [45.13, 115.64, 175.45, 56.99], [482.13, 178.1, 17.67, 44.16], [278.62, 154.84, 37.06, 18.88]]"
2451,/home/pi/sambashare/BacArbeit/cocoval2017/000000439623.jpg,3.1872796440002276,"['10: fire hydrant', '2: car', '2: car', '2: car', '2: car', '2: car', '2: car', '9: traffic light', '2: car', '2: car']","[10, 2, 2, 2, 2, 2, 2, 9, 2, 2]","[0.94943714, 0.82910246, 0.82525396, 0.794485, 0.7493661, 0.7327093, 0.72341675, 0.6446783, 0.31234634, 0.26437742]","[[93.19, 120.04, 213.23, 439.63], [354.81, 177.14, 73.92, 52.88], [1, 171.48, 19.4, 51.58], [63.15, 199.63, 22.91, 19.57], [258.77, 146.24, 143.52, 173.28], [75.6, 139.01, 330.97, 182.57], [22.49, 195.22, 41.59, 23.1], [1.54, 119.34, 11.01, 24.36], [467.77, 188.97, 10.13, 28.2], [17.8, 197.33, 24.78, 20.49]]"
2452,/home/pi/sambashare/BacArbeit/cocoval2017/000000222991.jpg,3.204202807999536,['25: umbrella'],[25],[0.26743343],"[[117.21, 41.17, 71.36, 512.17]]"
2453,/home/pi/sambashare/BacArbeit/cocoval2017/000000494869.jpg,3.1917629910003598,"['16: dog', '0: person', '45: bowl', '45: bowl', '0: person', '45: bowl', '45: bowl', '69: oven', '39: bottle', '44: spoon']","[16, 0, 45, 45, 0, 45, 45, 69, 39, 44]","[0.9457982, 0.9167607, 0.799647, 0.7969369, 0.78293705, 0.73691744, 0.70488226, 0.67449933, 0.42797014, 0.3832332]","[[1.12, 421.66, 155.8, 215.37], [178.04, 96.37, 186.16, 334.17], [171.32, 186.66, 26.26, 15.41], [370.45, 252.38, 55.45, 31.4], [183.4, 311.58, 105.44, 207.88], [339.34, 233.28, 51.96, 27.9], [310.87, 241.37, 34.57, 20.03], [267.45, 260.72, 68.68, 189.95], [153.83, 157.55, 11.8, 48.17], [329.89, 227.3, 22.15, 16.69]]"
2454,/home/pi/sambashare/BacArbeit/cocoval2017/000000139684.jpg,3.1919113020012446,"['62: tv', '56: chair', '56: chair', '57: couch', '73: book', '26: handbag', '73: book', '16: dog', '75: vase', '58: potted plant']","[62, 56, 56, 57, 73, 26, 73, 16, 75, 58]","[0.91817206, 0.9138292, 0.8801049, 0.8032628, 0.68218666, 0.66662616, 0.624159, 0.5752741, 0.54400414, 0.26764143]","[[156.27, 93.61, 69.62, 48.41], [301.44, 134.21, 99.56, 93.11], [362.18, 163.72, 127.91, 128.0], [2.85, 216.69, 412.42, 110.69], [184.02, 198.19, 43.55, 15.65], [415.42, 108.24, 26.7, 29.56], [185.1, 195.46, 25.11, 11.25], [193.89, 235.21, 134.91, 59.02], [231.21, 130.82, 10.42, 13.49], [296.32, 38.76, 44.72, 35.55]]"
2455,/home/pi/sambashare/BacArbeit/cocoval2017/000000571264.jpg,3.1809653010004695,"['0: person', '3: motorcycle']","[0, 3]","[0.88879967, 0.8080052]","[[260.74, 29.49, 151.01, 364.05], [63.03, 84.98, 242.85, 313.27]]"
2456,/home/pi/sambashare/BacArbeit/cocoval2017/000000343706.jpg,3.188415057999009,"['67: cell phone', '0: person']","[67, 0]","[0.30953905, 0.2785746]","[[181.39, 312.7, 131.59, 79.27], [1.45, 2.2, 636.23, 404.59]]"
2457,/home/pi/sambashare/BacArbeit/cocoval2017/000000248284.jpg,3.1869059999989986,"['0: person', '0: person', '25: umbrella', '0: person']","[0, 0, 25, 0]","[0.8410434, 0.812428, 0.7310904, 0.64584446]","[[279.36, 152.71, 98.56, 260.82], [363.93, 117.59, 62.82, 292.69], [283.71, 77.27, 143.14, 84.13], [247.1, 188.77, 10.63, 36.16]]"
2458,/home/pi/sambashare/BacArbeit/cocoval2017/000000112298.jpg,3.1796848840003804,"['0: person', '38: tennis racket', '39: bottle', '39: bottle', '39: bottle', '39: bottle']","[0, 38, 39, 39, 39, 39]","[0.9421444, 0.85577655, 0.8055774, 0.5051567, 0.3058614, 0.29767594]","[[127.51, 217.64, 189.03, 262.01], [155.67, 68.93, 86.84, 87.71], [264.53, 149.25, 19.89, 60.53], [381.78, 141.49, 29.4, 68.85], [318.42, 166.1, 18.5, 43.69], [241.35, 132.4, 17.83, 78.19]]"
2459,/home/pi/sambashare/BacArbeit/cocoval2017/000000367082.jpg,3.1695246679992124,['16: dog'],[16],[0.5488425],"[[77.11, 75.59, 294.84, 362.1]]"
2460,/home/pi/sambashare/BacArbeit/cocoval2017/000000500257.jpg,3.1772877820003487,"['0: person', '0: person', '28: suitcase', '28: suitcase', '28: suitcase', '28: suitcase', '0: person', '28: suitcase', '28: suitcase', '28: suitcase', '28: suitcase', '28: suitcase', '0: person', '28: suitcase', '28: suitcase', '28: suitcase']","[0, 0, 28, 28, 28, 28, 0, 28, 28, 28, 28, 28, 0, 28, 28, 28]","[0.9028712, 0.87128013, 0.6957821, 0.664578, 0.5837149, 0.5590649, 0.4826939, 0.43827647, 0.39765143, 0.38621196, 0.36519536, 0.350307, 0.32334125, 0.2796247, 0.25427932, 0.25077987]","[[361.21, 143.03, 83.86, 194.16], [91.05, 135.54, 45.7, 135.1], [109.91, 208.52, 81.59, 54.96], [439.71, 243.51, 44.73, 57.92], [258.05, 162.48, 64.46, 40.47], [326.74, 228.48, 33.73, 31.6], [17.27, 150.31, 19.07, 44.66], [261.94, 223.81, 43.58, 26.29], [204.11, 187.3, 35.6, 22.88], [452.61, 167.72, 47.37, 105.43], [240.14, 151.14, 52.91, 30.25], [300.33, 186.05, 55.15, 25.01], [453.95, 170.31, 13.93, 17.69], [306.05, 235.73, 27.4, 36.83], [204.83, 208.97, 30.36, 21.86], [210.47, 224.79, 23.98, 19.3]]"
2461,/home/pi/sambashare/BacArbeit/cocoval2017/000000562243.jpg,3.1735873550005635,"['0: person', '27: tie']","[0, 27]","[0.9277708, 0.90301454]","[[94.2, 64.0, 468.95, 570.6], [285.43, 345.14, 95.05, 292.98]]"
2462,/home/pi/sambashare/BacArbeit/cocoval2017/000000450399.jpg,3.185626984999544,"['0: person', '0: person', '0: person', '0: person', '0: person', '0: person', '45: bowl', '0: person', '54: donut', '54: donut', '54: donut', '45: bowl', '0: person', '0: person', '54: donut', '41: cup', '0: person', '44: spoon', '44: spoon', '45: bowl', '54: donut', '45: bowl', '0: person', '26: handbag']","[0, 0, 0, 0, 0, 0, 45, 0, 54, 54, 54, 45, 0, 0, 54, 41, 0, 44, 44, 45, 54, 45, 0, 26]","[0.90871626, 0.9029302, 0.8439272, 0.79203, 0.71120626, 0.68442583, 0.6778377, 0.6735121, 0.6577961, 0.6344548, 0.61275405, 0.5813681, 0.49682808, 0.4691612, 0.4625676, 0.45682234, 0.4563011, 0.41234863, 0.40608326, 0.39028138, 0.3754018, 0.36096117, 0.29153207, 0.27611926]","[[55.82, 2.12, 220.91, 400.56], [269.28, 66.44, 158.84, 185.77], [209.21, 51.34, 111.3, 119.51], [531.35, 73.99, 38.9, 57.31], [475.23, 65.12, 65.18, 50.6], [574.38, 79.91, 63.89, 65.78], [182.7, 186.68, 69.58, 34.91], [365.24, 66.36, 67.08, 143.86], [354.09, 428.98, 46.19, 36.23], [209.57, 452.32, 55.01, 27.65], [158.71, 418.99, 58.49, 28.48], [209.65, 301.07, 130.64, 83.92], [480.7, 172.08, 158.57, 307.28], [602.69, 41.63, 37.31, 78.35], [153.89, 445.75, 48.12, 22.58], [346.9, 310.78, 71.65, 109.61], [177.88, 72.61, 80.38, 70.53], [203.1, 120.67, 23.22, 24.26], [461.39, 222.09, 29.13, 12.33], [1, 436.06, 166.41, 43.79], [188.68, 444.57, 52.05, 33.9], [7.03, 376.28, 66.33, 40.91], [561.52, 89.6, 20.51, 34.83], [569.83, 102.42, 34.07, 31.01]]"
2463,/home/pi/sambashare/BacArbeit/cocoval2017/000000278463.jpg,3.162643941001079,"['63: laptop', '39: bottle', '39: bottle', '67: cell phone', '39: bottle', '15: cat', '58: potted plant', '66: keyboard', '73: book', '56: chair', '73: book', '73: book', '73: book']","[63, 39, 39, 67, 39, 15, 58, 66, 73, 56, 73, 73, 73]","[0.9456628, 0.8457802, 0.840307, 0.6589337, 0.6561773, 0.62798387, 0.6101801, 0.49750346, 0.44208962, 0.36768794, 0.342627, 0.30261216, 0.26982996]","[[213.71, 224.79, 156.0, 154.74], [447.33, 255.32, 26.57, 41.78], [60.53, 265.97, 39.77, 75.82], [436.82, 311.02, 38.74, 26.83], [70.3, 182.44, 62.15, 89.02], [125.75, 239.28, 100.11, 98.11], [1, 206.1, 71.15, 198.36], [234.98, 313.59, 116.53, 30.63], [558.07, 340.34, 79.57, 34.25], [586.07, 112.96, 53.43, 260.46], [556.46, 326.08, 76.64, 33.85], [549.13, 390.58, 81.19, 19.02], [364.07, 327.06, 153.7, 82.53]]"
2464,/home/pi/sambashare/BacArbeit/cocoval2017/000000263860.jpg,3.177980935999585,"['20: elephant', '20: elephant']","[20, 20]","[0.77611923, 0.713438]","[[1, 56.5, 317.07, 367.29], [280.51, 84.73, 357.75, 339.09]]"
2465,/home/pi/sambashare/BacArbeit/cocoval2017/000000333069.jpg,3.183878486001049,"['23: giraffe', '23: giraffe']","[23, 23]","[0.93141913, 0.87416136]","[[95.11, 197.08, 176.26, 381.45], [226.86, 195.04, 169.74, 213.12]]"
2466,/home/pi/sambashare/BacArbeit/cocoval2017/000000328238.jpg,3.1718634410008235,"['0: person', '29: frisbee', '0: person', '0: person', '56: chair', '24: backpack', '0: person', '0: person', '0: person']","[0, 29, 0, 0, 56, 24, 0, 0, 0]","[0.94528455, 0.9449066, 0.6913091, 0.5891268, 0.5796249, 0.49381363, 0.46421584, 0.45451015, 0.29828864]","[[175.83, 120.7, 177.88, 305.3], [103.49, 88.94, 51.68, 42.35], [525.31, 117.97, 43.95, 67.66], [491.18, 124.02, 36.9, 59.79], [483.84, 146.2, 35.8, 37.39], [389.11, 167.78, 33.81, 23.01], [470.0, 123.3, 26.7, 36.61], [449.02, 120.98, 17.17, 25.25], [460.7, 119.7, 17.84, 29.05]]"
2467,/home/pi/sambashare/BacArbeit/cocoval2017/000000288685.jpg,3.19453499500014,"['18: sheep', '18: sheep', '0: person', '16: dog', '18: sheep', '0: person', '0: person', '0: person', '0: person', '0: person', '0: person', '0: person', '0: person', '0: person', '0: person', '17: horse', '0: person', '0: person', '0: person', '0: person', '0: person']","[18, 18, 0, 16, 18, 0, 0, 0, 0, 0, 0, 0, 0, 0, 0, 17, 0, 0, 0, 0, 0]","[0.9104143, 0.8979203, 0.89248353, 0.7502503, 0.7487408, 0.5626655, 0.5409935, 0.5381135, 0.50096387, 0.49637085, 0.45404372, 0.4456239, 0.438335, 0.3716814, 0.34931105, 0.3383902, 0.33794776, 0.33066547, 0.323296, 0.31349558, 0.2792819]","[[150.86, 235.28, 174.53, 133.37], [45.1, 238.84, 108.94, 126.6], [79.98, 79.85, 92.36, 169.18], [290.87, 287.82, 51.48, 54.76], [89.61, 224.72, 111.56, 140.61], [1, 104.57, 67.37, 71.51], [383.66, 133.23, 47.94, 56.53], [430.08, 99.54, 63.67, 93.62], [321.41, 88.79, 55.7, 89.16], [306.6, 132.42, 53.57, 48.46], [220.75, 116.77, 42.77, 60.39], [509.53, 117.5, 55.85, 76.1], [609.33, 162.0, 29.94, 154.75], [191.38, 140.03, 46.2, 38.87], [1, 81.42, 19.01, 84.44], [622.34, 161.84, 17.48, 26.61], [474.21, 148.98, 52.81, 106.36], [168.51, 94.87, 43.74, 73.01], [478.98, 149.87, 47.36, 45.22], [380.91, 97.78, 51.89, 68.59], [277.67, 104.71, 46.68, 70.21]]"
2468,/home/pi/sambashare/BacArbeit/cocoval2017/000000163155.jpg,3.1866698970006837,['15: cat'],[15],[0.74057233],"[[7.56, 151.52, 545.68, 249.6]]"
2469,/home/pi/sambashare/BacArbeit/cocoval2017/000000106048.jpg,3.174343324999427,['5: bus'],[5],[0.9396067],"[[141.87, 64.45, 381.93, 258.42]]"
2470,/home/pi/sambashare/BacArbeit/cocoval2017/000000260266.jpg,3.18231463399934,"['2: car', '2: car', '2: car', '9: traffic light', '9: traffic light', '9: traffic light', '9: traffic light', '9: traffic light', '2: car', '2: car', '2: car', '2: car']","[2, 2, 2, 9, 9, 9, 9, 9, 2, 2, 2, 2]","[0.90947413, 0.888, 0.86062014, 0.7143555, 0.6334904, 0.6298253, 0.62391186, 0.517827, 0.45227346, 0.3970933, 0.35331303, 0.27223772]","[[50.48, 514.45, 75.19, 37.1], [120.85, 522.49, 61.71, 31.03], [178.73, 526.52, 37.77, 27.11], [329.79, 402.04, 17.25, 39.36], [350.43, 401.63, 16.43, 42.0], [347.03, 37.14, 37.04, 98.3], [283.71, 446.65, 21.34, 20.46], [312.33, 42.29, 36.39, 89.56], [248.5, 532.36, 11.65, 9.84], [273.86, 528.62, 22.79, 20.39], [114.66, 521.41, 14.16, 9.98], [236.86, 530.77, 11.87, 8.36]]"
2471,/home/pi/sambashare/BacArbeit/cocoval2017/000000309655.jpg,3.180766110001059,"['0: person', '0: person', '0: person', '0: person', '0: person', '0: person', '0: person', '0: person', '0: person', '0: person', '0: person', '0: person', '0: person', '0: person', '0: person', '0: person', '30: skis']","[0, 0, 0, 0, 0, 0, 0, 0, 0, 0, 0, 0, 0, 0, 0, 0, 30]","[0.9387541, 0.8827514, 0.83369243, 0.7974766, 0.79347116, 0.7919854, 0.76093554, 0.75110155, 0.6144999, 0.5877346, 0.58641326, 0.5584921, 0.50044507, 0.4235862, 0.38488454, 0.35061544, 0.32789278]","[[242.84, 201.89, 116.58, 276.85], [389.91, 224.7, 43.63, 69.36], [89.09, 239.53, 22.47, 43.14], [2.83, 214.92, 32.19, 84.58], [133.86, 230.92, 24.02, 45.17], [235.23, 218.46, 22.22, 65.63], [65.25, 223.36, 28.33, 56.29], [356.68, 228.38, 23.82, 53.8], [24.95, 215.42, 19.05, 70.34], [336.18, 237.82, 15.56, 33.68], [252.38, 219.53, 16.74, 50.5], [221.61, 237.48, 15.91, 38.99], [321.87, 241.01, 12.6, 22.65], [1, 217.96, 6.78, 54.67], [373.39, 232.07, 17.38, 48.66], [54.67, 242.5, 13.68, 23.25], [394.48, 288.4, 47.29, 8.65]]"
2472,/home/pi/sambashare/BacArbeit/cocoval2017/000000500716.jpg,3.1923152190011024,"['15: cat', '18: sheep', '15: cat']","[15, 18, 15]","[0.73274875, 0.40551606, 0.32894504]","[[1, 1.04, 427.11, 496.43], [406.14, 243.21, 38.6, 103.76], [1, 447.4, 72.1, 52.09]]"
2473,/home/pi/sambashare/BacArbeit/cocoval2017/000000255824.jpg,3.185842013999718,"['41: cup', '55: cake']","[41, 55]","[0.94373107, 0.7903525]","[[241.69, 1, 324.83, 188.47], [147.99, 142.46, 313.34, 273.37]]"
2474,/home/pi/sambashare/BacArbeit/cocoval2017/000000050828.jpg,3.180911551000463,"['56: chair', '28: suitcase', '59: bed', '65: remote']","[56, 28, 59, 65]","[0.9403421, 0.86860573, 0.85684794, 0.48920873]","[[1, 270.54, 124.11, 208.32], [104.67, 334.07, 55.53, 75.84], [142.68, 186.05, 465.25, 293.5], [62.01, 235.14, 21.7, 18.48]]"
2475,/home/pi/sambashare/BacArbeit/cocoval2017/000000400815.jpg,3.182840126000883,"['0: person', '28: suitcase', '28: suitcase']","[0, 28, 28]","[0.90442705, 0.8880612, 0.45019665]","[[102.25, 138.24, 446.72, 288.3], [1, 328.83, 207.29, 97.6], [1, 254.77, 211.36, 104.51]]"
2476,/home/pi/sambashare/BacArbeit/cocoval2017/000000313783.jpg,3.18811778700001,"['48: sandwich', '42: fork', '55: cake', '41: cup']","[48, 42, 55, 41]","[0.7767989, 0.7707255, 0.29747817, 0.27410194]","[[45.08, 119.57, 448.06, 255.43], [362.55, 5.28, 136.82, 213.15], [1, 1.05, 354.98, 231.41], [367.9, 1, 131.81, 80.83]]"
2477,/home/pi/sambashare/BacArbeit/cocoval2017/000000537802.jpg,3.193062701000599,"['77: teddy bear', '77: teddy bear', '77: teddy bear', '77: teddy bear', '77: teddy bear']","[77, 77, 77, 77, 77]","[0.9064854, 0.67683625, 0.49751484, 0.43877107, 0.30678004]","[[31.31, 43.11, 271.68, 323.63], [398.62, 20.5, 189.49, 255.84], [242.52, 171.31, 213.11, 237.26], [560.53, 21.22, 79.36, 201.73], [317.66, 89.81, 110.94, 87.65]]"
2478,/home/pi/sambashare/BacArbeit/cocoval2017/000000182162.jpg,3.1908721399995557,"['63: laptop', '57: couch', '65: remote', '65: remote', '24: backpack', '16: dog', '65: remote', '56: chair', '73: book', '73: book']","[63, 57, 65, 65, 24, 16, 65, 56, 73, 73]","[0.9329717, 0.90995926, 0.8439735, 0.8318058, 0.7982877, 0.5747264, 0.39521596, 0.37469232, 0.31560773, 0.2716225]","[[12.26, 229.11, 76.22, 36.55], [25.83, 161.46, 269.23, 172.69], [19.47, 269.59, 42.53, 11.77], [60.31, 265.73, 26.83, 14.33], [107.31, 302.99, 68.06, 79.8], [127.22, 211.18, 50.48, 55.99], [79.29, 271.07, 22.42, 8.1], [512.39, 268.55, 97.21, 156.45], [65.79, 106.69, 12.83, 15.03], [46.56, 98.88, 10.91, 23.08]]"
2479,/home/pi/sambashare/BacArbeit/cocoval2017/000000267537.jpg,3.188038083999345,"['0: person', '25: umbrella', '25: umbrella', '0: person', '0: person', '0: person', '0: person', '0: person', '0: person', '0: person']","[0, 25, 25, 0, 0, 0, 0, 0, 0, 0]","[0.82435524, 0.78673273, 0.7145185, 0.7018595, 0.6779728, 0.6341366, 0.47851908, 0.4684374, 0.38362134, 0.26566336]","[[1, 1, 81.01, 234.19], [258.72, 64.45, 184.15, 70.6], [91.02, 73.33, 184.67, 104.83], [498.58, 1, 136.23, 233.78], [104.83, 112.62, 191.44, 277.88], [350.97, 103.91, 122.74, 202.52], [71.46, 1.32, 109.81, 168.23], [276.08, 106.77, 160.95, 202.59], [194.21, 108.54, 93.97, 117.49], [86.3, 1, 103.72, 60.79]]"
2480,/home/pi/sambashare/BacArbeit/cocoval2017/000000088265.jpg,3.1876796439992177,['17: horse'],[17],[0.9197704],"[[168.59, 261.74, 101.04, 205.9]]"
2481,/home/pi/sambashare/BacArbeit/cocoval2017/000000410735.jpg,3.1865586940002686,"['45: bowl', '45: bowl', '45: bowl', '45: bowl', '45: bowl', '44: spoon']","[45, 45, 45, 45, 45, 44]","[0.9350202, 0.8939462, 0.87599134, 0.859201, 0.81841314, 0.51247394]","[[27.16, 184.76, 192.02, 145.85], [235.78, 120.46, 377.64, 357.9], [34.64, 30.13, 173.77, 121.58], [34.13, 348.79, 186.55, 135.3], [275.78, 23.53, 339.09, 133.23], [157.75, 230.01, 62.15, 24.39]]"
2482,/home/pi/sambashare/BacArbeit/cocoval2017/000000485972.jpg,3.187434192001092,"['42: fork', '55: cake', '43: knife']","[42, 55, 43]","[0.9353005, 0.82843775, 0.6312864]","[[321.64, 426.86, 68.74, 213.14], [29.11, 327.64, 271.12, 248.5], [156.19, 121.72, 253.42, 168.62]]"
2483,/home/pi/sambashare/BacArbeit/cocoval2017/000000145020.jpg,3.1734751330004656,"['77: teddy bear', '0: person', '17: horse']","[77, 0, 17]","[0.8477433, 0.64359456, 0.28800136]","[[529.29, 211.06, 110.45, 148.8], [199.89, 192.94, 38.06, 80.76], [276.99, 118.74, 136.93, 216.97]]"
2484,/home/pi/sambashare/BacArbeit/cocoval2017/000000224222.jpg,3.184983741000906,"['0: person', '0: person', '0: person', '37: surfboard']","[0, 0, 0, 37]","[0.9142701, 0.9083665, 0.86546385, 0.81679213]","[[443.64, 187.69, 62.72, 73.26], [259.21, 76.53, 67.77, 113.53], [31.46, 188.02, 71.55, 65.19], [229.44, 164.06, 75.82, 33.1]]"
2485,/home/pi/sambashare/BacArbeit/cocoval2017/000000140270.jpg,3.187396797000474,"['17: horse', '0: person']","[17, 0]","[0.948403, 0.8810482]","[[214.54, 137.77, 270.7, 163.98], [291.79, 60.79, 61.58, 168.36]]"
2486,/home/pi/sambashare/BacArbeit/cocoval2017/000000160864.jpg,3.179800718000479,"['0: person', '0: person', '0: person', '0: person', '0: person', '34: baseball bat', '34: baseball bat', '56: chair', '34: baseball bat', '0: person', '35: baseball glove', '0: person', '34: baseball bat']","[0, 0, 0, 0, 0, 34, 34, 56, 34, 0, 35, 0, 34]","[0.9447252, 0.93256885, 0.90988886, 0.90885943, 0.889028, 0.8299459, 0.7803714, 0.7313924, 0.6925845, 0.6876353, 0.6076917, 0.31780306, 0.30264902]","[[282.86, 59.92, 241.59, 295.96], [132.56, 85.29, 123.31, 209.01], [4.37, 169.63, 190.99, 203.06], [437.91, 64.52, 145.45, 227.81], [180.06, 1, 91.62, 84.75], [309.55, 24.3, 62.55, 84.87], [449.34, 19.51, 37.96, 79.92], [280.08, 169.44, 63.18, 103.62], [144.4, 43.25, 69.69, 54.85], [543.26, 47.22, 64.2, 212.57], [589.52, 151.81, 21.21, 35.54], [386.59, 85.77, 24.67, 25.49], [279.43, 179.09, 26.76, 94.2]]"
2487,/home/pi/sambashare/BacArbeit/cocoval2017/000000581357.jpg,3.18546999299906,"['0: person', '36: skateboard', '0: person', '0: person', '0: person', '0: person', '0: person', '0: person', '2: car', '0: person', '0: person', '0: person', '2: car']","[0, 36, 0, 0, 0, 0, 0, 0, 2, 0, 0, 0, 2]","[0.9435485, 0.9189136, 0.68775463, 0.682604, 0.5977686, 0.4824857, 0.4551761, 0.44919544, 0.38047066, 0.36731982, 0.33747157, 0.3295464, 0.27122614]","[[257.56, 93.05, 223.35, 251.27], [228.07, 303.16, 146.92, 71.63], [430.67, 401.86, 16.78, 44.4], [486.07, 412.96, 18.37, 23.3], [523.87, 402.07, 12.87, 33.23], [558.27, 390.07, 15.88, 39.13], [230.6, 422.93, 17.07, 35.72], [20.05, 260.57, 29.56, 152.67], [318.61, 420.0, 47.49, 16.58], [250.05, 420.96, 15.1, 25.27], [579.29, 389.08, 12.15, 28.41], [210.62, 417.45, 24.11, 39.43], [301.43, 425.4, 33.33, 13.87]]"
2488,/home/pi/sambashare/BacArbeit/cocoval2017/000000025181.jpg,3.1822371870002826,"['6: train', '0: person', '0: person', '28: suitcase', '28: suitcase']","[6, 0, 0, 28, 28]","[0.88952553, 0.85352534, 0.665824, 0.29135093, 0.26306725]","[[339.77, 144.11, 298.68, 153.52], [50.67, 221.36, 15.18, 35.86], [97.73, 228.72, 14.78, 20.12], [49.83, 248.09, 9.16, 8.69], [104.39, 240.47, 9.73, 8.34]]"
2489,/home/pi/sambashare/BacArbeit/cocoval2017/000000395343.jpg,3.2012137019992224,"['75: vase', '75: vase', '75: vase', '75: vase', '75: vase', '58: potted plant']","[75, 75, 75, 75, 75, 58]","[0.9390297, 0.9310158, 0.77257895, 0.57232016, 0.35259682, 0.29933786]","[[297.87, 220.37, 137.06, 258.58], [25.71, 302.11, 211.64, 176.8], [456.99, 167.44, 151.5, 310.63], [230.07, 376.71, 89.44, 102.62], [1, 335.48, 29.61, 143.62], [250.66, 3.32, 359.34, 472.11]]"
2490,/home/pi/sambashare/BacArbeit/cocoval2017/000000161008.jpg,3.1870893309987878,['76: scissors'],[76],[0.72504437],"[[94.38, 2.0, 474.06, 464.49]]"
2491,/home/pi/sambashare/BacArbeit/cocoval2017/000000557672.jpg,3.1772999560016615,"['25: umbrella', '0: person', '0: person', '0: person']","[25, 0, 0, 0]","[0.91505724, 0.7147884, 0.6444227, 0.59910136]","[[190.95, 18.57, 425.88, 237.65], [228.87, 46.1, 287.37, 386.88], [483.49, 194.41, 108.6, 217.99], [201.23, 48.76, 82.65, 101.58]]"
2492,/home/pi/sambashare/BacArbeit/cocoval2017/000000333237.jpg,3.1797049359993252,"['56: chair', '56: chair', '59: bed', '59: bed']","[56, 56, 59, 59]","[0.7579714, 0.70733464, 0.58341163, 0.56286603]","[[284.98, 162.68, 48.9, 56.76], [400.7, 182.63, 69.2, 114.34], [541.04, 128.68, 97.86, 125.92], [38.53, 118.89, 416.63, 272.51]]"
2493,/home/pi/sambashare/BacArbeit/cocoval2017/000000014038.jpg,3.1878109899989795,"['72: refrigerator', '67: cell phone', '58: potted plant', '39: bottle', '45: bowl', '39: bottle', '68: microwave', '73: book', '62: tv', '73: book', '73: book', '73: book', '73: book', '73: book', '73: book', '73: book', '56: chair', '73: book', '73: book', '73: book', '73: book']","[72, 67, 58, 39, 45, 39, 68, 73, 62, 73, 73, 73, 73, 73, 73, 73, 56, 73, 73, 73, 73]","[0.877876, 0.8279702, 0.6484656, 0.6422994, 0.6200483, 0.61714584, 0.5618833, 0.41644025, 0.4004146, 0.35701433, 0.35490066, 0.35358477, 0.34606758, 0.33433002, 0.32904062, 0.32202694, 0.31352967, 0.30879015, 0.29801208, 0.29041559, 0.2792032]","[[15.56, 149.24, 145.65, 275.46], [579.68, 405.66, 34.34, 21.21], [497.61, 58.24, 56.73, 77.04], [77.33, 103.3, 14.16, 24.94], [14.99, 137.45, 41.94, 13.79], [41.4, 105.42, 17.3, 29.73], [155.74, 284.18, 79.23, 42.51], [506.01, 272.34, 37.93, 12.95], [455.36, 186.23, 48.67, 71.91], [510.22, 269.4, 34.41, 10.92], [503.56, 277.5, 38.61, 13.82], [520.45, 238.59, 22.17, 9.39], [504.91, 247.87, 39.61, 11.22], [518.07, 193.0, 32.11, 11.5], [501.63, 290.35, 42.4, 11.54], [521.1, 183.88, 28.88, 11.66], [616.2, 300.28, 23.27, 49.18], [513.0, 202.15, 36.87, 8.72], [502.62, 284.79, 39.94, 11.51], [532.67, 110.89, 18.67, 21.9], [504.89, 252.73, 40.81, 10.74]]"
2494,/home/pi/sambashare/BacArbeit/cocoval2017/000000304365.jpg,3.1924075370006904,"['6: train', '0: person', '26: handbag', '26: handbag', '9: traffic light']","[6, 0, 26, 26, 9]","[0.89708275, 0.8746352, 0.83740485, 0.5532574, 0.252416]","[[242.03, 228.08, 165.73, 172.23], [448.47, 311.64, 27.37, 52.52], [446.26, 368.66, 16.97, 11.05], [445.51, 335.8, 11.85, 18.91], [593.98, 219.71, 14.66, 21.73]]"
2495,/home/pi/sambashare/BacArbeit/cocoval2017/000000014007.jpg,3.1908611740000197,"['16: dog', '72: refrigerator']","[16, 72]","[0.87440556, 0.42326257]","[[340.46, 156.1, 78.95, 141.8], [303.98, 252.7, 286.71, 171.96]]"
2496,/home/pi/sambashare/BacArbeit/cocoval2017/000000532901.jpg,3.175130661998992,"['59: bed', '75: vase', '75: vase']","[59, 75, 75]","[0.6834128, 0.51916814, 0.3779594]","[[80.24, 159.45, 428.96, 188.78], [215.45, 181.48, 17.9, 22.23], [230.64, 87.8, 18.62, 26.85]]"
2497,/home/pi/sambashare/BacArbeit/cocoval2017/000000173008.jpg,3.1687409189999016,"['0: person', '45: bowl', '56: chair']","[0, 45, 56]","[0.9214507, 0.66762155, 0.60516864]","[[240.72, 70.67, 273.85, 409.33], [1, 411.28, 168.46, 68.37], [1, 291.57, 74.84, 139.15]]"
2498,/home/pi/sambashare/BacArbeit/cocoval2017/000000512836.jpg,3.186107018000257,"['25: umbrella', '0: person', '0: person', '16: dog', '16: dog', '26: handbag', '26: handbag']","[25, 0, 0, 16, 16, 26, 26]","[0.95369095, 0.859678, 0.829799, 0.80604327, 0.7937446, 0.69904906, 0.52356917]","[[105.39, 44.98, 197.28, 206.24], [142.08, 159.58, 145.45, 370.85], [58.24, 76.77, 57.69, 212.06], [66.58, 280.09, 107.58, 136.63], [280.15, 288.74, 168.12, 130.1], [79.11, 114.18, 29.37, 65.6], [207.58, 227.33, 78.74, 124.88]]"
2499,/home/pi/sambashare/BacArbeit/cocoval2017/000000387916.jpg,3.187230802999693,"['0: person', '0: person', '0: person', '0: person', '0: person', '0: person', '0: person', '0: person', '0: person', '30: skis', '31: snowboard', '30: skis', '0: person', '30: skis', '30: skis', '30: skis', '16: dog']","[0, 0, 0, 0, 0, 0, 0, 0, 0, 30, 31, 30, 0, 30, 30, 30, 16]","[0.9040337, 0.86821103, 0.8604265, 0.85879195, 0.852146, 0.85194755, 0.8429952, 0.8033668, 0.8010772, 0.796258, 0.72348225, 0.5028066, 0.41389087, 0.4039775, 0.40051636, 0.31531954, 0.25752]","[[345.19, 258.2, 90.72, 164.45], [126.57, 277.72, 56.59, 135.35], [262.42, 273.64, 35.14, 102.16], [216.07, 309.24, 30.03, 64.06], [324.26, 255.99, 41.36, 122.06], [170.04, 274.03, 39.78, 87.0], [495.86, 257.1, 37.45, 119.96], [420.95, 274.08, 30.67, 97.28], [447.85, 277.76, 46.28, 97.07], [65.54, 217.97, 65.05, 204.57], [163.6, 349.82, 63.51, 56.28], [272.4, 366.4, 18.35, 11.47], [203.5, 327.97, 14.39, 30.81], [36.31, 213.46, 43.14, 180.36], [1.27, 276.52, 26.89, 107.51], [218.63, 366.85, 21.93, 13.52], [554.6, 93.12, 85.13, 75.05]]"
2500,/home/pi/sambashare/BacArbeit/cocoval2017/000000165681.jpg,3.1781886120006675,"['0: person', '0: person', '3: motorcycle', '2: car', '0: person', '0: person', '0: person', '3: motorcycle', '0: person', '0: person', '0: person', '0: person', '0: person', '3: motorcycle', '3: motorcycle', '3: motorcycle', '3: motorcycle', '0: person', '0: person', '3: motorcycle', '3: motorcycle', '3: motorcycle', '0: person', '3: motorcycle', '3: motorcycle', '3: motorcycle', '3: motorcycle', '0: person', '3: motorcycle']","[0, 0, 3, 2, 0, 0, 0, 3, 0, 0, 0, 0, 0, 3, 3, 3, 3, 0, 0, 3, 3, 3, 0, 3, 3, 3, 3, 0, 3]","[0.83093727, 0.82525444, 0.8189752, 0.6647753, 0.63995445, 0.52369016, 0.5053762, 0.49063283, 0.48686028, 0.46542704, 0.4378292, 0.39922914, 0.3971484, 0.39467964, 0.39443028, 0.39422193, 0.3712188, 0.3685511, 0.35865268, 0.35279894, 0.33540076, 0.33539957, 0.33131406, 0.32109722, 0.31037807, 0.29872254, 0.28789982, 0.27189276, 0.26796642]","[[352.85, 105.33, 54.85, 137.21], [311.19, 113.62, 64.43, 118.84], [515.13, 135.17, 124.42, 119.64], [107.97, 118.85, 27.38, 24.37], [135.03, 111.63, 15.83, 35.2], [78.73, 111.69, 8.78, 17.22], [188.55, 119.67, 14.39, 22.33], [46.99, 167.57, 128.4, 140.84], [1, 117.84, 15.67, 27.02], [415.33, 46.71, 27.42, 25.39], [91.31, 108.19, 31.26, 22.62], [98.64, 115.04, 15.37, 16.59], [152.45, 116.71, 13.45, 16.47], [252.21, 132.12, 62.07, 56.66], [447.98, 145.48, 97.25, 90.33], [174.24, 203.08, 449.89, 239.83], [97.45, 211.04, 165.07, 228.34], [177.2, 112.74, 14.67, 25.0], [165.54, 115.2, 8.73, 16.05], [40.43, 146.58, 95.31, 86.82], [198.73, 130.89, 39.95, 36.66], [610.41, 241.23, 29.42, 108.79], [392.23, 52.65, 21.81, 26.18], [59.82, 193.04, 152.9, 166.82], [184.69, 135.3, 27.44, 27.02], [67.42, 239.51, 115.22, 172.43], [165.06, 127.55, 25.38, 28.54], [346.37, 59.18, 25.46, 45.92], [148.96, 131.09, 20.09, 20.86]]"
2501,/home/pi/sambashare/BacArbeit/cocoval2017/000000116206.jpg,3.1761623269994743,"['43: knife', '41: cup']","[43, 41]","[0.95048636, 0.8430467]","[[401.38, 124.93, 238.25, 252.13], [144.7, 1, 170.7, 120.64]]"
2502,/home/pi/sambashare/BacArbeit/cocoval2017/000000051008.jpg,3.194034443000419,"['15: cat', '63: laptop', '73: book', '57: couch', '73: book']","[15, 63, 73, 57, 73]","[0.89430505, 0.5939172, 0.55075246, 0.45065936, 0.30046776]","[[2.52, 131.63, 402.52, 348.02], [235.42, 12.73, 404.14, 466.6], [1, 1, 149.92, 33.78], [2.15, 1.2, 286.15, 228.84], [70.08, 2.43, 96.71, 46.83]]"
2503,/home/pi/sambashare/BacArbeit/cocoval2017/000000203546.jpg,3.191358730000502,['21: bear'],[21],[0.8982892],"[[227.26, 68.66, 296.4, 240.89]]"
2504,/home/pi/sambashare/BacArbeit/cocoval2017/000000581317.jpg,3.1788396129995817,"['0: person', '67: cell phone']","[0, 67]","[0.9330586, 0.4105015]","[[407.75, 57.53, 206.84, 296.2], [406.58, 141.44, 23.67, 40.29]]"
2505,/home/pi/sambashare/BacArbeit/cocoval2017/000000174231.jpg,3.1786175729994284,"['63: laptop', '56: chair']","[63, 56]","[0.79151, 0.7464549]","[[68.6, 138.87, 274.5, 203.84], [1, 204.9, 150.13, 295.1]]"
2506,/home/pi/sambashare/BacArbeit/cocoval2017/000000033759.jpg,3.1700075030003063,"['0: person', '32: sports ball', '34: baseball bat']","[0, 32, 34]","[0.9331818, 0.8748668, 0.73085564]","[[87.53, 64.66, 197.53, 391.55], [596.9, 129.8, 25.85, 23.55], [77.23, 175.3, 34.74, 61.49]]"
2507,/home/pi/sambashare/BacArbeit/cocoval2017/000000286660.jpg,3.179013578001104,"['77: teddy bear', '0: person']","[77, 0]","[0.6807636, 0.5297557]","[[6.82, 85.71, 248.51, 413.55], [220.55, 3.2, 148.81, 496.8]]"
2508,/home/pi/sambashare/BacArbeit/cocoval2017/000000353027.jpg,3.185918703000425,"['0: person', '14: bird']","[0, 14]","[0.8733306, 0.75329024]","[[2.2, 1, 226.34, 228.39], [55.95, 8.75, 301.61, 278.56]]"
2509,/home/pi/sambashare/BacArbeit/cocoval2017/000000509008.jpg,3.1694013779997476,"['5: bus', '56: chair', '5: bus']","[5, 56, 5]","[0.91275775, 0.44053292, 0.33305767]","[[2.82, 110.21, 618.09, 283.56], [431.04, 224.27, 13.69, 13.5], [595.25, 208.2, 44.57, 73.37]]"
2510,/home/pi/sambashare/BacArbeit/cocoval2017/000000116439.jpg,3.1954293779999716,"['8: boat', '26: handbag', '0: person', '26: handbag', '8: boat', '8: boat']","[8, 26, 0, 26, 8, 8]","[0.86567026, 0.7526431, 0.63063645, 0.6001798, 0.47456905, 0.25844288]","[[1, 386.6, 269.72, 126.79], [339.76, 48.85, 89.12, 131.29], [84.4, 260.37, 163.66, 170.72], [288.02, 1, 71.41, 120.65], [389.39, 382.94, 39.27, 40.3], [391.66, 265.09, 37.01, 152.05]]"
2511,/home/pi/sambashare/BacArbeit/cocoval2017/000000543047.jpg,3.1894903569991584,"['57: couch', '57: couch', '56: chair', '56: chair', '56: chair', '56: chair', '60: dining table', '56: chair', '69: oven', '73: book', '62: tv']","[57, 57, 56, 56, 56, 56, 60, 56, 69, 73, 62]","[0.92491096, 0.9021571, 0.8851522, 0.8609743, 0.70881736, 0.67684484, 0.5965831, 0.40892678, 0.325479, 0.32176754, 0.25410387]","[[1, 248.32, 205.98, 230.6], [456.02, 235.39, 183.0, 243.04], [356.05, 216.1, 57.89, 72.96], [303.35, 218.34, 51.66, 72.36], [396.23, 176.88, 24.83, 30.71], [367.54, 173.88, 26.49, 32.96], [281.86, 203.92, 156.35, 82.07], [427.24, 176.56, 26.54, 50.33], [148.72, 325.51, 268.72, 153.84], [357.46, 327.64, 43.36, 26.26], [1, 75.05, 40.08, 151.12]]"
2512,/home/pi/sambashare/BacArbeit/cocoval2017/000000456662.jpg,3.181198394000603,"['72: refrigerator', '72: refrigerator']","[72, 72]","[0.8234985, 0.7425998]","[[226.35, 109.83, 146.37, 476.72], [166.54, 4.65, 277.05, 579.45]]"
2513,/home/pi/sambashare/BacArbeit/cocoval2017/000000340894.jpg,3.1820992579996528,"['66: keyboard', '41: cup', '63: laptop', '64: mouse', '66: keyboard', '56: chair', '0: person', '62: tv', '0: person']","[66, 41, 63, 64, 66, 56, 0, 62, 0]","[0.94579446, 0.916186, 0.9160641, 0.91059774, 0.87420726, 0.75796545, 0.73352706, 0.6273478, 0.46048576]","[[88.78, 338.07, 375.24, 140.9], [549.27, 255.2, 38.8, 61.13], [56.28, 49.14, 247.85, 329.71], [469.24, 325.33, 73.85, 40.38], [1, 317.76, 106.16, 119.01], [1, 152.78, 50.72, 86.51], [328.17, 71.35, 98.1, 89.45], [271.26, 21.63, 231.35, 196.4], [1, 128.69, 32.97, 93.76]]"
2514,/home/pi/sambashare/BacArbeit/cocoval2017/000000349678.jpg,3.1786215280008037,['74: clock'],[74],[0.8597733],"[[143.48, 289.86, 54.47, 50.62]]"
2515,/home/pi/sambashare/BacArbeit/cocoval2017/000000030828.jpg,3.1781799599993974,"['13: bench', '26: handbag', '12: parking meter', '26: handbag', '12: parking meter']","[13, 26, 12, 26, 12]","[0.82246315, 0.8153623, 0.80280876, 0.4608979, 0.32650784]","[[58.35, 157.06, 543.3, 179.85], [76.71, 191.95, 158.31, 47.08], [219.05, 76.57, 75.0, 84.17], [1, 174.96, 31.37, 108.79], [257.31, 76.99, 37.12, 44.72]]"
2516,/home/pi/sambashare/BacArbeit/cocoval2017/000000152771.jpg,3.191446177999751,"['1: bicycle', '2: car', '2: car']","[1, 2, 2]","[0.9173984, 0.9078533, 0.836161]","[[333.77, 283.79, 112.92, 84.27], [565.03, 274.07, 73.42, 29.64], [2.57, 259.98, 63.39, 30.68]]"
2517,/home/pi/sambashare/BacArbeit/cocoval2017/000000340175.jpg,3.1809713729999203,"['57: couch', '56: chair', '56: chair', '13: bench', '75: vase', '56: chair', '56: chair', '56: chair', '58: potted plant', '75: vase', '60: dining table', '56: chair', '75: vase', '56: chair', '73: book', '56: chair']","[57, 56, 56, 13, 75, 56, 56, 56, 58, 75, 60, 56, 75, 56, 73, 56]","[0.91542244, 0.880033, 0.870361, 0.8547691, 0.7875953, 0.78237665, 0.7579463, 0.64229196, 0.60389584, 0.598831, 0.44517234, 0.39955103, 0.3543006, 0.31960446, 0.30486423, 0.29830858]","[[426.69, 176.65, 184.61, 76.1], [559.9, 241.23, 79.82, 84.09], [485.17, 246.19, 82.88, 62.85], [178.33, 217.14, 107.26, 120.06], [268.86, 158.5, 9.17, 13.51], [96.28, 202.92, 23.1, 18.59], [59.84, 245.15, 98.55, 100.5], [132.75, 189.85, 20.53, 16.73], [134.96, 114.51, 77.75, 84.4], [256.06, 164.21, 6.45, 7.93], [44.02, 195.02, 198.26, 89.61], [209.56, 175.2, 50.97, 41.03], [181.7, 166.46, 28.26, 36.49], [82.3, 240.83, 46.07, 13.38], [76.74, 121.69, 17.2, 30.37], [41.01, 219.49, 32.62, 28.08]]"
2518,/home/pi/sambashare/BacArbeit/cocoval2017/000000226903.jpg,3.180873250001241,"['0: person', '1: bicycle', '39: bottle', '74: clock', '44: spoon', '58: potted plant', '39: bottle']","[0, 1, 39, 74, 44, 58, 39]","[0.7488917, 0.6646105, 0.625135, 0.6069934, 0.51477766, 0.38060015, 0.28259394]","[[561.83, 89.44, 77.7, 145.41], [332.78, 94.44, 114.93, 87.37], [202.84, 120.03, 32.04, 74.22], [1, 105.95, 131.6, 108.95], [238.4, 255.63, 53.23, 43.88], [327.95, 110.63, 69.67, 100.43], [211.17, 156.04, 27.24, 42.86]]"
2519,/home/pi/sambashare/BacArbeit/cocoval2017/000000019402.jpg,3.177782061000471,"['0: person', '63: laptop']","[0, 63]","[0.4185635, 0.35311487]","[[3.27, 24.55, 630.46, 451.86], [52.04, 400.7, 312.09, 78.5]]"
2520,/home/pi/sambashare/BacArbeit/cocoval2017/000000138954.jpg,3.1942991520008945,['45: bowl'],[45],[0.4841591],"[[14.78, 32.55, 561.42, 562.99]]"
2521,/home/pi/sambashare/BacArbeit/cocoval2017/000000131444.jpg,3.2002824760002113,"['27: tie', '0: person']","[27, 0]","[0.9171637, 0.602664]","[[173.11, 357.11, 89.74, 281.13], [70.73, 1.66, 409.27, 638.34]]"
2522,/home/pi/sambashare/BacArbeit/cocoval2017/000000104612.jpg,3.193270558000222,"['50: broccoli', '50: broccoli', '45: bowl', '50: broccoli', '50: broccoli', '44: spoon', '50: broccoli', '50: broccoli', '50: broccoli', '50: broccoli']","[50, 50, 45, 50, 50, 44, 50, 50, 50, 50]","[0.48226872, 0.44815454, 0.38538474, 0.3678289, 0.36528945, 0.3497106, 0.33287987, 0.28859305, 0.27202556, 0.25178835]","[[258.85, 365.79, 104.22, 58.66], [147.5, 134.38, 179.92, 199.83], [11.67, 11.08, 628.33, 463.52], [494.83, 301.54, 98.26, 74.83], [418.36, 335.57, 90.67, 106.99], [574.85, 1, 64.59, 82.32], [394.1, 46.32, 144.22, 115.72], [415.48, 101.17, 123.54, 61.06], [321.42, 202.67, 133.41, 99.9], [471.78, 230.59, 55.87, 67.85]]"
2523,/home/pi/sambashare/BacArbeit/cocoval2017/000000007574.jpg,3.1957955580001,"['72: refrigerator', '39: bottle', '68: microwave', '39: bottle', '45: bowl', '71: sink', '45: bowl', '39: bottle', '45: bowl', '75: vase', '45: bowl', '45: bowl', '41: cup', '39: bottle', '41: cup', '41: cup', '41: cup', '41: cup', '39: bottle']","[72, 39, 68, 39, 45, 71, 45, 39, 45, 75, 45, 45, 41, 39, 41, 41, 41, 41, 39]","[0.92293656, 0.88215065, 0.873629, 0.8452748, 0.8357857, 0.8289704, 0.8188135, 0.81492525, 0.6898978, 0.686503, 0.63618886, 0.5348065, 0.5146313, 0.49483904, 0.44845045, 0.3426097, 0.31275183, 0.26865888, 0.2586364]","[[1, 167.94, 103.61, 205.15], [294.01, 295.73, 51.31, 92.28], [296.75, 144.67, 69.23, 89.1], [501.16, 307.32, 32.44, 79.56], [104.59, 75.04, 45.04, 14.48], [43.84, 356.27, 253.35, 73.26], [325.38, 385.59, 101.79, 43.08], [476.57, 298.98, 31.46, 80.21], [437.04, 343.47, 37.08, 18.98], [205.16, 55.63, 26.35, 37.31], [272.97, 84.52, 32.37, 10.24], [108.9, 68.32, 38.64, 8.86], [347.96, 300.58, 53.7, 39.64], [197.55, 267.72, 11.25, 25.41], [245.78, 383.22, 29.35, 24.46], [145.34, 282.31, 15.04, 13.74], [124.91, 280.83, 18.13, 12.68], [440.51, 302.58, 26.65, 41.97], [241.6, 57.77, 25.64, 36.67]]"
2524,/home/pi/sambashare/BacArbeit/cocoval2017/000000161879.jpg,3.1720343429988134,"['0: person', '36: skateboard', '61: toilet', '13: bench', '32: sports ball']","[0, 36, 61, 13, 32]","[0.9340752, 0.72282267, 0.51979655, 0.41175288, 0.34533027]","[[52.04, 1, 180.02, 343.75], [13.23, 302.2, 169.25, 44.65], [350.23, 69.42, 71.88, 79.22], [427.74, 289.75, 211.16, 79.01], [322.46, 246.11, 17.21, 7.24]]"
2525,/home/pi/sambashare/BacArbeit/cocoval2017/000000515579.jpg,3.2010213949997706,"['0: person', '32: sports ball', '0: person', '0: person']","[0, 32, 0, 0]","[0.9423265, 0.8653337, 0.68156135, 0.37148502]","[[6.39, 20.78, 246.74, 310.61], [14.82, 119.61, 25.39, 21.29], [290.49, 26.56, 40.67, 83.54], [324.52, 21.56, 45.93, 109.73]]"
2526,/home/pi/sambashare/BacArbeit/cocoval2017/000000198641.jpg,3.184245252999972,"['63: laptop', '62: tv', '15: cat', '62: tv', '66: keyboard', '64: mouse']","[63, 62, 15, 62, 66, 64]","[0.91788054, 0.78927547, 0.7382156, 0.47828588, 0.38343814, 0.2762616]","[[409.91, 179.85, 188.58, 190.35], [96.95, 111.25, 287.97, 197.93], [186.31, 193.35, 309.06, 216.57], [1, 114.95, 110.68, 250.42], [1, 361.25, 265.83, 117.64], [612.56, 307.49, 27.33, 26.9]]"
2527,/home/pi/sambashare/BacArbeit/cocoval2017/000000209753.jpg,3.1816657870003837,"['0: person', '67: cell phone']","[0, 67]","[0.80404234, 0.42811072]","[[51.37, 58.88, 407.89, 580.9], [275.7, 347.14, 61.74, 33.08]]"
2528,/home/pi/sambashare/BacArbeit/cocoval2017/000000511599.jpg,3.193461397999272,"['0: person', '0: person', '0: person', '0: person', '8: boat', '8: boat', '0: person', '0: person', '0: person', '8: boat', '28: suitcase', '24: backpack', '0: person', '26: handbag', '8: boat', '28: suitcase', '0: person', '0: person', '26: handbag', '0: person', '8: boat', '26: handbag', '26: handbag', '8: boat', '13: bench', '8: boat']","[0, 0, 0, 0, 8, 8, 0, 0, 0, 8, 28, 24, 0, 26, 8, 28, 0, 0, 26, 0, 8, 26, 26, 8, 13, 8]","[0.85102695, 0.83884484, 0.81630915, 0.80836785, 0.75340694, 0.7382786, 0.6969531, 0.69250065, 0.63277346, 0.6231142, 0.6216485, 0.6130189, 0.58877385, 0.58756644, 0.5514592, 0.5468178, 0.5388377, 0.5056639, 0.46270394, 0.43982026, 0.38730413, 0.3855986, 0.3717072, 0.35931474, 0.34554902, 0.29511306]","[[299.68, 224.89, 30.56, 84.99], [515.08, 222.0, 27.14, 86.28], [419.5, 220.24, 25.72, 43.64], [240.78, 211.35, 24.17, 74.45], [328.2, 115.35, 129.78, 16.57], [1, 116.53, 46.64, 18.21], [456.72, 227.04, 32.2, 78.28], [179.21, 221.57, 18.79, 58.98], [333.64, 227.73, 25.74, 32.85], [500.87, 95.53, 43.39, 24.34], [329.1, 276.73, 18.0, 22.48], [474.54, 242.06, 21.86, 30.65], [549.45, 100.19, 7.75, 16.55], [192.13, 291.41, 29.07, 18.82], [160.3, 124.35, 69.43, 6.42], [380.95, 295.88, 20.67, 26.07], [395.75, 258.85, 49.76, 60.97], [391.18, 214.09, 24.55, 52.84], [240.69, 285.94, 26.56, 23.83], [345.81, 279.93, 24.03, 19.15], [91.52, 209.75, 121.13, 40.0], [178.24, 275.06, 30.09, 28.68], [404.74, 300.31, 25.82, 21.41], [613.22, 121.13, 26.6, 5.83], [101.1, 86.98, 20.92, 6.33], [237.98, 112.56, 80.39, 15.97]]"
2529,/home/pi/sambashare/BacArbeit/cocoval2017/000000538458.jpg,3.17546218499956,"['0: person', '0: person', '36: skateboard', '36: skateboard', '36: skateboard']","[0, 0, 36, 36, 36]","[0.93953085, 0.9237457, 0.91523945, 0.8597984, 0.68114716]","[[473.46, 104.7, 166.37, 209.36], [301.15, 34.77, 87.75, 148.13], [295.92, 191.16, 74.15, 35.48], [463.98, 241.97, 50.89, 35.56], [554.28, 300.41, 54.63, 30.91]]"
2530,/home/pi/sambashare/BacArbeit/cocoval2017/000000387148.jpg,3.199441482000111,"['19: cow', '19: cow', '19: cow', '19: cow', '19: cow', '19: cow', '19: cow', '19: cow', '19: cow', '19: cow', '19: cow', '19: cow', '19: cow']","[19, 19, 19, 19, 19, 19, 19, 19, 19, 19, 19, 19, 19]","[0.82419056, 0.79996914, 0.75127083, 0.7392249, 0.7002219, 0.6711254, 0.64193046, 0.64034814, 0.6250739, 0.55728793, 0.44321018, 0.41945827, 0.40052027]","[[444.74, 191.74, 45.73, 26.92], [502.69, 195.64, 29.13, 21.19], [292.17, 200.89, 30.0, 16.21], [380.4, 196.38, 33.28, 21.06], [145.96, 201.73, 31.8, 15.3], [51.8, 196.42, 31.8, 23.28], [414.46, 196.63, 33.08, 19.51], [33.85, 201.03, 22.91, 16.03], [238.44, 195.88, 29.19, 21.31], [212.98, 198.89, 12.67, 19.12], [332.86, 203.26, 9.67, 12.64], [223.92, 201.01, 12.0, 14.83], [353.04, 199.11, 23.67, 15.62]]"
2531,/home/pi/sambashare/BacArbeit/cocoval2017/000000043435.jpg,3.1803955630002747,"['0: person', '0: person', '37: surfboard', '37: surfboard']","[0, 0, 37, 37]","[0.86579984, 0.8258754, 0.48407277, 0.42752442]","[[462.67, 220.31, 20.12, 47.95], [182.91, 427.84, 31.89, 45.98], [166.52, 467.95, 39.3, 13.65], [442.64, 256.16, 54.09, 18.56]]"
2532,/home/pi/sambashare/BacArbeit/cocoval2017/000000564023.jpg,3.18731192100131,['61: toilet'],[61],[0.9375037],"[[178.57, 406.07, 74.64, 115.84]]"
2533,/home/pi/sambashare/BacArbeit/cocoval2017/000000417285.jpg,3.1846826520013565,"['44: spoon', '44: spoon', '0: person', '45: bowl', '14: bird', '42: fork']","[44, 44, 0, 45, 14, 42]","[0.8641693, 0.7607441, 0.60573494, 0.5365375, 0.46129158, 0.3928606]","[[213.41, 168.31, 115.9, 86.6], [252.01, 42.88, 120.43, 172.69], [1.33, 1, 209.29, 103.03], [1, 73.93, 180.68, 156.82], [427.42, 45.36, 212.11, 168.68], [1, 80.89, 20.52, 19.08]]"
2534,/home/pi/sambashare/BacArbeit/cocoval2017/000000051598.jpg,3.1785132519999024,['71: sink'],[71],[0.5578258],"[[1, 426.65, 140.58, 110.28]]"
2535,/home/pi/sambashare/BacArbeit/cocoval2017/000000418959.jpg,3.181934436001029,['14: bird'],[14],[0.86777776],"[[254.29, 149.75, 81.76, 52.84]]"
2536,/home/pi/sambashare/BacArbeit/cocoval2017/000000422886.jpg,3.188232677999622,"['55: cake', '0: person', '0: person']","[55, 0, 0]","[0.7602076, 0.45088157, 0.35870448]","[[256.67, 254.53, 148.77, 204.29], [133.02, 171.24, 395.89, 352.3], [24.07, 15.68, 615.84, 624.32]]"
2537,/home/pi/sambashare/BacArbeit/cocoval2017/000000095843.jpg,3.188781143000597,['5: bus'],[5],[0.9214101],"[[124.55, 64.44, 447.6, 326.74]]"
2538,/home/pi/sambashare/BacArbeit/cocoval2017/000000381971.jpg,3.17547279000064,"['17: horse', '10: fire hydrant', '2: car', '0: person', '2: car', '0: person', '0: person', '0: person', '0: person', '26: handbag', '0: person']","[17, 10, 2, 0, 2, 0, 0, 0, 0, 26, 0]","[0.92820257, 0.9123762, 0.86306596, 0.80424935, 0.72012615, 0.71844697, 0.64301205, 0.5127877, 0.48234233, 0.26163456, 0.25000373]","[[249.46, 273.34, 173.27, 124.71], [552.61, 320.64, 39.22, 69.72], [468.62, 273.66, 58.4, 16.51], [164.52, 236.46, 57.64, 91.79], [408.14, 275.73, 51.9, 16.44], [374.27, 302.04, 37.14, 79.85], [111.94, 273.2, 26.06, 40.93], [132.81, 276.94, 19.31, 27.14], [142.66, 275.22, 22.97, 31.54], [117.64, 290.0, 18.92, 24.64], [463.58, 276.43, 6.16, 12.72]]"
2539,/home/pi/sambashare/BacArbeit/cocoval2017/000000449312.jpg,3.170527348000178,"['0: person', '60: dining table', '56: chair', '56: chair']","[0, 60, 56, 56]","[0.8515909, 0.5346585, 0.44377854, 0.39602154]","[[63.39, 1, 310.26, 405.5], [21.62, 377.77, 614.95, 198.71], [389.41, 121.26, 94.17, 141.22], [297.82, 89.32, 105.22, 112.97]]"
2540,/home/pi/sambashare/BacArbeit/cocoval2017/000000105249.jpg,3.17784298800143,"['61: toilet', '71: sink']","[61, 71]","[0.89095086, 0.8567891]","[[179.14, 175.63, 168.21, 157.37], [136.97, 191.9, 80.03, 62.87]]"
2541,/home/pi/sambashare/BacArbeit/cocoval2017/000000089045.jpg,3.175922836000609,"['57: couch', '57: couch', '59: bed', '58: potted plant', '56: chair', '75: vase']","[57, 57, 59, 58, 56, 75]","[0.9313269, 0.621654, 0.5429239, 0.4481469, 0.4117612, 0.3861142]","[[189.18, 133.37, 282.97, 94.49], [590.12, 185.75, 49.65, 86.65], [93.92, 213.37, 540.74, 208.57], [434.65, 122.9, 44.95, 47.66], [608.55, 130.09, 31.24, 26.39], [448.46, 156.28, 16.66, 13.54]]"
2542,/home/pi/sambashare/BacArbeit/cocoval2017/000000012667.jpg,3.1914613400003873,"['67: cell phone', '46: banana']","[67, 46]","[0.586721, 0.37509608]","[[280.37, 53.07, 329.91, 246.11], [283.23, 48.99, 150.34, 246.2]]"
2543,/home/pi/sambashare/BacArbeit/cocoval2017/000000078843.jpg,3.1861044259985647,"['0: person', '27: tie', '0: person']","[0, 27, 0]","[0.464449, 0.42504922, 0.42012224]","[[1, 189.38, 447.54, 289.39], [410.57, 350.05, 106.45, 129.76], [6.77, 4.77, 632.23, 475.05]]"
2544,/home/pi/sambashare/BacArbeit/cocoval2017/000000452891.jpg,3.195723007000197,['16: dog'],[16],[0.74382126],"[[59.0, 86.23, 352.86, 440.61]]"
2545,/home/pi/sambashare/BacArbeit/cocoval2017/000000085329.jpg,3.1881525600001623,"['0: person', '27: tie']","[0, 27]","[0.8413595, 0.6298629]","[[248.31, 46.16, 348.61, 362.72], [355.41, 270.97, 98.1, 137.66]]"
2546,/home/pi/sambashare/BacArbeit/cocoval2017/000000090631.jpg,3.186505515001045,['4: airplane'],[4],[0.94356775],"[[177.38, 120.05, 272.94, 106.85]]"
2547,/home/pi/sambashare/BacArbeit/cocoval2017/000000200961.jpg,3.1851742409999133,"['29: frisbee', '17: horse', '2: car', '16: dog', '7: truck']","[29, 17, 2, 16, 7]","[0.9143098, 0.86508816, 0.7630325, 0.3352084, 0.25504965]","[[229.24, 210.15, 34.46, 43.41], [243.05, 196.04, 106.42, 161.26], [456.31, 146.71, 58.65, 30.8], [288.59, 161.49, 48.11, 23.99], [324.24, 135.43, 113.44, 43.72]]"
2548,/home/pi/sambashare/BacArbeit/cocoval2017/000000521819.jpg,3.1874262349992932,"['0: person', '0: person', '0: person', '0: person', '29: frisbee', '0: person', '0: person', '0: person', '2: car', '2: car', '0: person', '0: person']","[0, 0, 0, 0, 29, 0, 0, 0, 2, 2, 0, 0]","[0.92174196, 0.9204007, 0.87682545, 0.8612432, 0.83803105, 0.8361737, 0.83017695, 0.76844525, 0.76536036, 0.76434785, 0.6863856, 0.55308974]","[[359.46, 305.25, 58.43, 115.23], [104.7, 281.35, 56.49, 142.12], [529.47, 293.07, 34.73, 129.22], [223.15, 266.66, 53.41, 153.31], [235.36, 256.11, 19.91, 6.77], [191.27, 268.77, 54.71, 144.57], [293.14, 275.65, 58.75, 145.22], [334.36, 312.42, 32.25, 103.41], [556.4, 361.4, 45.44, 25.36], [489.47, 360.97, 45.45, 25.53], [258.81, 289.9, 57.36, 132.76], [180.87, 333.46, 26.41, 54.54]]"
2549,/home/pi/sambashare/BacArbeit/cocoval2017/000000361180.jpg,3.184101009999722,['21: bear'],[21],[0.93846226],"[[170.0, 36.56, 287.53, 339.38]]"
2550,/home/pi/sambashare/BacArbeit/cocoval2017/000000460160.jpg,3.190606429001491,"['14: bird', '0: person', '19: cow', '0: person', '0: person']","[14, 0, 19, 0, 0]","[0.65146536, 0.31852114, 0.28588754, 0.27621487, 0.26057023]","[[253.66, 208.14, 148.25, 91.97], [59.24, 30.65, 15.64, 9.77], [622.58, 35.09, 17.18, 5.51], [342.49, 35.14, 16.93, 7.08], [91.32, 30.59, 19.72, 9.98]]"
2551,/home/pi/sambashare/BacArbeit/cocoval2017/000000344621.jpg,3.1820758589983598,"['57: couch', '56: chair', '73: book', '58: potted plant', '65: remote', '58: potted plant', '26: handbag', '75: vase']","[57, 56, 73, 58, 65, 58, 26, 75]","[0.9556772, 0.93665874, 0.87357295, 0.6431539, 0.6237887, 0.48068154, 0.37858993, 0.34892002]","[[246.24, 152.66, 218.51, 146.66], [142.8, 138.96, 76.19, 89.61], [239.66, 241.29, 53.42, 23.22], [1, 85.85, 30.49, 70.63], [296.41, 235.53, 18.77, 9.51], [1, 172.59, 34.92, 73.58], [200.63, 189.7, 38.18, 24.56], [12.25, 224.33, 16.52, 21.59]]"
2552,/home/pi/sambashare/BacArbeit/cocoval2017/000000206027.jpg,3.1898764689995005,"['39: bottle', '39: bottle', '39: bottle', '39: bottle', '48: sandwich', '60: dining table']","[39, 39, 39, 39, 48, 60]","[0.87360543, 0.8643943, 0.83837676, 0.83403563, 0.7342149, 0.29688805]","[[1, 1, 97.66, 275.9], [249.15, 1, 99.76, 211.41], [364.02, 1, 109.85, 238.65], [84.94, 1, 99.08, 238.17], [71.65, 264.25, 467.19, 191.35], [3.98, 13.67, 633.5, 461.89]]"
2553,/home/pi/sambashare/BacArbeit/cocoval2017/000000401446.jpg,3.192587450999781,"['25: umbrella', '0: person', '26: handbag', '18: sheep', '0: person']","[25, 0, 26, 18, 0]","[0.8164515, 0.80833185, 0.71261215, 0.34052348, 0.2598077]","[[157.11, 1, 212.94, 73.2], [242.95, 22.07, 162.58, 448.4], [320.34, 97.07, 97.04, 164.25], [451.75, 269.82, 96.48, 55.03], [1, 134.44, 9.15, 72.54]]"
2554,/home/pi/sambashare/BacArbeit/cocoval2017/000000485844.jpg,3.191653726998993,"['0: person', '60: dining table', '72: refrigerator', '45: bowl', '69: oven', '60: dining table', '44: spoon']","[0, 60, 72, 45, 69, 60, 44]","[0.8667527, 0.63040274, 0.42728215, 0.4158741, 0.411283, 0.35397196, 0.28149077]","[[184.05, 44.24, 178.4, 330.27], [12.51, 232.89, 264.83, 149.81], [57.04, 58.31, 161.29, 170.09], [106.01, 257.48, 62.08, 34.62], [362.64, 195.58, 139.66, 186.96], [70.82, 288.46, 114.67, 42.62], [145.68, 288.39, 64.67, 29.89]]"
2555,/home/pi/sambashare/BacArbeit/cocoval2017/000000065350.jpg,3.172831734000283,"['0: person', '1: bicycle', '36: skateboard', '0: person', '1: bicycle', '2: car', '1: bicycle', '2: car']","[0, 1, 36, 0, 1, 2, 1, 2]","[0.90859324, 0.88142085, 0.860553, 0.82618, 0.6264219, 0.57885736, 0.35072902, 0.2698007]","[[192.31, 53.85, 225.01, 210.01], [221.25, 1, 173.67, 87.72], [470.34, 254.46, 138.84, 30.89], [452.63, 35.9, 184.86, 231.17], [465.3, 1, 130.34, 91.56], [2.78, 1, 236.59, 86.39], [594.93, 1, 44.79, 50.22], [1, 1, 89.02, 76.37]]"
2556,/home/pi/sambashare/BacArbeit/cocoval2017/000000227898.jpg,3.182148681000399,"['17: horse', '2: car', '0: person', '0: person', '0: person', '0: person']","[17, 2, 0, 0, 0, 0]","[0.9449038, 0.9001353, 0.85521984, 0.83340746, 0.73486835, 0.69982976]","[[45.47, 196.2, 219.49, 151.4], [579.82, 188.41, 59.88, 116.31], [323.15, 135.36, 78.5, 111.79], [500.35, 185.32, 43.88, 89.68], [1, 243.61, 16.02, 19.55], [450.97, 196.99, 41.69, 74.31]]"
2557,/home/pi/sambashare/BacArbeit/cocoval2017/000000232563.jpg,3.1855009610007983,"['0: person', '25: umbrella', '0: person', '0: person', '25: umbrella', '26: handbag', '26: handbag']","[0, 25, 0, 0, 25, 26, 26]","[0.93140686, 0.8964105, 0.8746913, 0.7803273, 0.69179124, 0.6676204, 0.52916676]","[[1, 277.28, 131.44, 361.29], [1, 215.28, 125.78, 75.06], [94.08, 84.96, 273.11, 554.34], [129.1, 261.8, 19.26, 34.31], [1.57, 1.45, 447.91, 265.82], [346.1, 392.48, 39.78, 156.4], [91.67, 277.21, 125.43, 262.49]]"
2558,/home/pi/sambashare/BacArbeit/cocoval2017/000000463174.jpg,3.1907907170007093,"['38: tennis racket', '0: person', '32: sports ball']","[38, 0, 32]","[0.8940304, 0.85396415, 0.76315176]","[[12.18, 232.97, 215.3, 103.16], [165.6, 16.57, 358.05, 410.43], [103.87, 244.65, 27.91, 25.91]]"
2559,/home/pi/sambashare/BacArbeit/cocoval2017/000000052591.jpg,3.1908792890008044,['0: person'],[0],[0.82293147],"[[10.81, 81.39, 271.83, 550.01]]"
2560,/home/pi/sambashare/BacArbeit/cocoval2017/000000089556.jpg,3.195314889999281,"['2: car', '2: car', '2: car', '2: car', '2: car', '10: fire hydrant', '7: truck', '2: car', '2: car', '2: car', '2: car', '0: person', '2: car', '9: traffic light', '2: car', '9: traffic light']","[2, 2, 2, 2, 2, 10, 7, 2, 2, 2, 2, 0, 2, 9, 2, 9]","[0.9478088, 0.9326658, 0.9075259, 0.8729442, 0.85415256, 0.8402416, 0.7887222, 0.7221195, 0.63052297, 0.554127, 0.48614967, 0.45715952, 0.4550997, 0.4084792, 0.37635893, 0.3758672]","[[320.24, 130.84, 306.03, 210.26], [261.87, 143.3, 106.37, 52.97], [1, 166.58, 297.64, 223.64], [182.67, 150.48, 55.91, 41.12], [294.31, 158.0, 119.19, 66.56], [238.61, 267.01, 68.5, 120.47], [1, 140.46, 85.87, 63.18], [104.7, 153.81, 52.93, 16.04], [583.19, 132.43, 52.8, 51.85], [254.28, 142.9, 28.65, 45.15], [157.25, 133.68, 30.96, 16.1], [624.18, 241.88, 15.49, 89.57], [630.62, 164.55, 9.3, 37.72], [482.54, 97.2, 7.64, 14.12], [577.93, 122.19, 53.84, 10.01], [473.1, 96.89, 8.26, 14.64]]"
2561,/home/pi/sambashare/BacArbeit/cocoval2017/000000116589.jpg,3.1846524080010568,"['22: zebra', '22: zebra', '22: zebra']","[22, 22, 22]","[0.8948806, 0.5624337, 0.3265425]","[[1, 74.71, 275.19, 300.29], [261.34, 74.35, 222.65, 298.47], [398.82, 91.97, 100.5, 172.33]]"
2562,/home/pi/sambashare/BacArbeit/cocoval2017/000000320642.jpg,3.188134745998468,"['0: person', '0: person', '0: person', '0: person', '65: remote', '65: remote']","[0, 0, 0, 0, 65, 65]","[0.92711645, 0.9238114, 0.90456814, 0.85742587, 0.6389255, 0.4748991]","[[1.43, 14.73, 141.91, 303.63], [349.3, 181.51, 71.05, 138.8], [443.33, 169.12, 56.62, 151.56], [146.78, 30.03, 157.95, 290.67], [232.33, 122.22, 16.1, 17.89], [144.38, 132.68, 40.58, 40.03]]"
2563,/home/pi/sambashare/BacArbeit/cocoval2017/000000066038.jpg,3.17588158900071,"['14: bird', '56: chair', '56: chair', '41: cup', '25: umbrella', '56: chair', '0: person', '25: umbrella', '25: umbrella', '56: chair', '25: umbrella', '25: umbrella', '25: umbrella', '56: chair', '56: chair', '0: person', '0: person', '25: umbrella', '56: chair', '25: umbrella']","[14, 56, 56, 41, 25, 56, 0, 25, 25, 56, 25, 25, 25, 56, 56, 0, 0, 25, 56, 25]","[0.8985844, 0.85165, 0.787244, 0.72911906, 0.708917, 0.6752332, 0.6573171, 0.65418255, 0.61603254, 0.6119009, 0.5212913, 0.5166217, 0.5028248, 0.47828338, 0.43606514, 0.42999148, 0.41451114, 0.32992026, 0.2887522, 0.26825765]","[[7.81, 360.61, 39.97, 25.88], [504.96, 231.44, 103.14, 79.86], [433.26, 249.67, 99.69, 61.09], [189.76, 326.94, 20.86, 21.69], [468.91, 163.08, 135.51, 89.12], [367.66, 281.71, 69.09, 59.67], [275.59, 242.56, 57.35, 103.33], [329.44, 158.17, 187.39, 113.85], [62.88, 159.4, 120.55, 128.12], [339.64, 262.47, 37.21, 84.53], [135.12, 198.7, 86.78, 27.33], [329.95, 157.59, 184.39, 46.26], [138.44, 156.35, 207.39, 139.08], [120.02, 244.78, 111.38, 49.28], [284.37, 258.35, 91.7, 90.11], [372.87, 254.02, 110.77, 35.01], [319.95, 234.62, 36.02, 99.0], [62.25, 160.46, 123.16, 46.06], [168.94, 266.14, 66.83, 29.31], [144.96, 156.75, 199.8, 60.88]]"
2564,/home/pi/sambashare/BacArbeit/cocoval2017/000000416837.jpg,3.177631548998761,['19: cow'],[19],[0.93610877],"[[109.67, 242.83, 108.27, 86.31]]"
2565,/home/pi/sambashare/BacArbeit/cocoval2017/000000574297.jpg,3.17601140700026,"['17: horse', '0: person']","[17, 0]","[0.941644, 0.8809712]","[[129.51, 123.09, 287.14, 293.4], [240.25, 76.54, 85.95, 217.91]]"
2566,/home/pi/sambashare/BacArbeit/cocoval2017/000000357737.jpg,3.17992698299895,"['0: person', '2: car', '1: bicycle', '1: bicycle', '7: truck', '1: bicycle', '0: person', '2: car']","[0, 2, 1, 1, 7, 1, 0, 2]","[0.92112905, 0.9139253, 0.73638064, 0.664104, 0.6449956, 0.44516465, 0.38213757, 0.279396]","[[408.51, 23.15, 177.9, 429.33], [62.2, 111.0, 313.17, 145.88], [19.12, 141.5, 54.8, 28.95], [53.23, 139.12, 296.11, 331.68], [27.21, 88.62, 161.06, 68.18], [244.09, 111.02, 200.19, 354.35], [123.99, 97.5, 17.3, 30.65], [124.0, 100.24, 133.75, 28.51]]"
2567,/home/pi/sambashare/BacArbeit/cocoval2017/000000311002.jpg,3.1780230370004574,"['0: person', '0: person', '34: baseball bat', '0: person', '32: sports ball', '0: person', '34: baseball bat']","[0, 0, 34, 0, 32, 0, 34]","[0.89927286, 0.84967285, 0.844521, 0.67327636, 0.5704544, 0.39822283, 0.35363048]","[[27.8, 151.3, 227.92, 273.96], [276.0, 144.47, 69.74, 151.89], [1, 135.55, 250.5, 149.89], [332.44, 158.12, 20.66, 57.44], [273.27, 87.04, 8.91, 8.28], [470.57, 180.21, 167.81, 212.69], [1, 135.13, 167.63, 98.79]]"
2568,/home/pi/sambashare/BacArbeit/cocoval2017/000000177065.jpg,3.177487568000288,"['0: person', '32: sports ball', '38: tennis racket', '0: person', '38: tennis racket', '24: backpack', '32: sports ball', '0: person', '13: bench', '38: tennis racket', '0: person']","[0, 32, 38, 0, 38, 24, 32, 0, 13, 38, 0]","[0.94430244, 0.8763392, 0.853923, 0.84520525, 0.7664163, 0.7585335, 0.74329305, 0.5749584, 0.43033466, 0.4276721, 0.38230354]","[[344.21, 206.09, 114.82, 199.94], [346.3, 312.6, 16.68, 16.5], [18.16, 140.85, 141.04, 69.13], [170.87, 205.73, 87.99, 284.08], [31.37, 257.49, 147.77, 128.8], [303.38, 261.6, 48.92, 39.31], [242.53, 537.68, 66.78, 25.87], [30.1, 10.69, 147.19, 536.04], [255.87, 197.16, 47.37, 71.51], [139.45, 301.24, 39.95, 138.45], [76.7, 174.6, 125.28, 375.6]]"
2569,/home/pi/sambashare/BacArbeit/cocoval2017/000000134722.jpg,3.1905459789995803,"['6: train', '13: bench', '43: knife']","[6, 13, 43]","[0.88992816, 0.8140891, 0.4958171]","[[187.49, 193.3, 451.26, 184.93], [1, 288.96, 40.98, 37.93], [571.51, 1, 67.76, 114.94]]"
2570,/home/pi/sambashare/BacArbeit/cocoval2017/000000175443.jpg,3.185692212999129,['77: teddy bear'],[77],[0.92998993],"[[133.05, 257.14, 227.12, 314.46]]"
2571,/home/pi/sambashare/BacArbeit/cocoval2017/000000017627.jpg,3.1926607890000014,"['2: car', '2: car', '2: car', '2: car', '2: car', '2: car', '2: car', '2: car', '0: person', '2: car', '0: person', '11: stop sign', '7: truck', '7: truck']","[2, 2, 2, 2, 2, 2, 2, 2, 0, 2, 0, 11, 7, 7]","[0.9409827, 0.92210954, 0.9088205, 0.8877631, 0.8840854, 0.8762147, 0.7942201, 0.7304564, 0.6992649, 0.69572467, 0.65383875, 0.4634671, 0.3223333, 0.29498953]","[[479.4, 234.83, 87.77, 52.93], [596.17, 242.52, 43.35, 34.59], [407.39, 234.97, 75.01, 48.24], [172.52, 236.92, 98.08, 60.74], [553.97, 241.92, 31.53, 37.01], [263.4, 230.87, 110.33, 73.04], [29.22, 214.26, 78.28, 54.4], [100.63, 241.72, 29.13, 35.44], [149.8, 226.54, 20.44, 67.41], [25.9, 230.3, 116.55, 95.68], [258.21, 227.56, 12.08, 21.29], [136.8, 206.93, 18.84, 16.37], [1, 134.81, 72.73, 345.19], [461.19, 230.58, 60.07, 23.33]]"
2572,/home/pi/sambashare/BacArbeit/cocoval2017/000000394611.jpg,3.1780098549988907,"['23: giraffe', '23: giraffe']","[23, 23]","[0.901663, 0.8887633]","[[85.86, 202.82, 103.84, 95.07], [392.63, 209.14, 55.76, 106.8]]"
2573,/home/pi/sambashare/BacArbeit/cocoval2017/000000579970.jpg,3.186421947000781,"['56: chair', '62: tv', '57: couch', '56: chair', '62: tv']","[56, 62, 57, 56, 62]","[0.8865376, 0.7490061, 0.74326557, 0.7272908, 0.26393604]","[[262.86, 148.42, 55.0, 60.07], [370.45, 106.43, 36.3, 52.28], [165.54, 151.18, 93.81, 104.75], [42.44, 147.96, 33.39, 50.97], [148.89, 55.55, 18.18, 48.88]]"
2574,/home/pi/sambashare/BacArbeit/cocoval2017/000000270402.jpg,3.1927378390009835,"['20: elephant', '20: elephant']","[20, 20]","[0.91296726, 0.68222886]","[[74.99, 70.68, 278.01, 272.98], [81.95, 38.72, 117.86, 170.56]]"
2575,/home/pi/sambashare/BacArbeit/cocoval2017/000000110042.jpg,3.1938912230016285,"['61: toilet', '0: person', '58: potted plant', '0: person', '0: person', '28: suitcase', '0: person', '60: dining table', '0: person', '58: potted plant']","[61, 0, 58, 0, 0, 28, 0, 60, 0, 58]","[0.9345845, 0.69525295, 0.63436747, 0.61583024, 0.57686526, 0.5188433, 0.49801937, 0.3362819, 0.3127454, 0.27800333]","[[134.47, 441.3, 121.49, 170.2], [82.32, 106.33, 29.12, 133.72], [22.97, 228.65, 78.57, 59.69], [292.13, 167.21, 61.08, 88.04], [1, 160.08, 34.25, 392.21], [345.58, 246.45, 78.76, 251.3], [1, 160.77, 30.53, 180.09], [378.77, 176.15, 46.08, 50.98], [1, 442.02, 37.44, 112.13], [298.59, 241.14, 63.61, 82.07]]"
2576,/home/pi/sambashare/BacArbeit/cocoval2017/000000267670.jpg,3.2000948969998717,"['71: sink', '71: sink', '39: bottle']","[71, 71, 39]","[0.5797449, 0.31925467, 0.29020855]","[[116.97, 233.82, 235.48, 74.8], [115.63, 233.88, 237.44, 284.56], [197.98, 199.06, 21.66, 44.09]]"
2577,/home/pi/sambashare/BacArbeit/cocoval2017/000000493566.jpg,3.1901021119992947,['6: train'],[6],[0.55338514],"[[1.35, 62.8, 619.48, 153.34]]"
2578,/home/pi/sambashare/BacArbeit/cocoval2017/000000087742.jpg,3.195121442000527,"['75: vase', '60: dining table', '58: potted plant']","[75, 60, 58]","[0.840255, 0.8014043, 0.77278554]","[[150.81, 376.42, 56.86, 98.61], [34.18, 433.9, 284.55, 65.45], [41.31, 165.43, 282.64, 310.29]]"
2579,/home/pi/sambashare/BacArbeit/cocoval2017/000000361551.jpg,3.198386189998928,"['0: person', '0: person', '0: person', '7: truck', '0: person', '24: backpack', '24: backpack', '24: backpack', '28: suitcase', '28: suitcase', '24: backpack', '7: truck', '4: airplane', '7: truck', '28: suitcase', '0: person', '8: boat', '7: truck', '7: truck', '2: car', '28: suitcase', '7: truck', '28: suitcase']","[0, 0, 0, 7, 0, 24, 24, 24, 28, 28, 24, 7, 4, 7, 28, 0, 8, 7, 7, 2, 28, 7, 28]","[0.9430193, 0.9199335, 0.9024607, 0.87683135, 0.86819285, 0.7732137, 0.77113086, 0.7461259, 0.7271774, 0.6912721, 0.63400346, 0.5645093, 0.5257782, 0.49314862, 0.47163066, 0.46366787, 0.42921087, 0.42368728, 0.36439472, 0.3428758, 0.32960123, 0.32230675, 0.26813492]","[[226.69, 360.81, 68.39, 165.96], [3.97, 360.33, 59.07, 148.26], [320.64, 368.71, 124.13, 183.16], [374.65, 180.32, 105.0, 52.85], [370.77, 345.89, 32.57, 68.53], [110.05, 453.15, 40.48, 42.46], [53.69, 423.04, 32.56, 55.71], [146.24, 450.59, 33.2, 43.36], [1, 439.82, 24.78, 50.41], [309.06, 445.96, 21.77, 43.43], [178.77, 453.91, 39.01, 44.87], [74.23, 136.71, 24.72, 25.3], [90.14, 111.33, 206.76, 151.24], [24.51, 134.85, 30.33, 26.79], [254.18, 447.36, 56.06, 43.61], [441.0, 394.76, 38.93, 64.73], [171.05, 469.36, 308.33, 169.15], [78.41, 143.58, 37.91, 20.02], [1, 180.47, 28.48, 30.28], [76.7, 192.91, 44.47, 41.3], [435.79, 453.27, 30.13, 45.96], [27.55, 177.85, 67.9, 47.51], [282.25, 450.14, 27.46, 39.06]]"
2580,/home/pi/sambashare/BacArbeit/cocoval2017/000000010707.jpg,3.1903914860013174,"['0: person', '57: couch', '63: laptop', '0: person', '65: remote', '0: person', '39: bottle', '41: cup', '65: remote', '39: bottle', '65: remote', '41: cup', '45: bowl', '39: bottle', '39: bottle', '39: bottle', '60: dining table']","[0, 57, 63, 0, 65, 0, 39, 41, 65, 39, 65, 41, 45, 39, 39, 39, 60]","[0.8676558, 0.83581257, 0.8246705, 0.8088511, 0.7968585, 0.7889183, 0.78453165, 0.7283552, 0.7030893, 0.57026386, 0.55538976, 0.45336226, 0.45220283, 0.4017735, 0.39326304, 0.37552884, 0.28306806]","[[415.22, 2.09, 183.46, 476.48], [1, 192.03, 274.39, 221.3], [126.54, 248.15, 75.16, 24.57], [321.74, 189.2, 152.73, 260.36], [233.41, 363.96, 31.45, 29.28], [233.49, 147.11, 165.16, 299.44], [211.67, 329.44, 18.22, 60.93], [125.98, 342.34, 25.63, 28.7], [223.34, 384.82, 45.6, 22.81], [163.96, 343.19, 19.75, 39.45], [427.98, 47.29, 21.27, 65.68], [122.23, 358.95, 27.33, 62.88], [151.56, 430.8, 39.07, 23.12], [257.9, 253.82, 56.73, 103.35], [182.61, 378.14, 23.29, 54.38], [145.55, 380.06, 23.82, 52.59], [96.87, 357.78, 210.49, 122.22]]"
2581,/home/pi/sambashare/BacArbeit/cocoval2017/000000419974.jpg,3.192045568001049,"['0: person', '16: dog', '41: cup', '39: bottle', '39: bottle', '43: knife', '60: dining table', '39: bottle', '0: person', '13: bench', '56: chair', '58: potted plant', '43: knife', '60: dining table', '41: cup', '43: knife']","[0, 16, 41, 39, 39, 43, 60, 39, 0, 13, 56, 58, 43, 60, 41, 43]","[0.94760656, 0.9380085, 0.8988107, 0.80294293, 0.8003704, 0.799478, 0.77524894, 0.7439472, 0.68726003, 0.5094564, 0.50598603, 0.40970576, 0.3428352, 0.30022123, 0.28312546, 0.27216303]","[[179.04, 98.24, 187.29, 342.17], [59.99, 388.74, 133.46, 137.62], [294.47, 528.71, 75.28, 105.8], [336.89, 375.28, 81.33, 151.32], [63.98, 234.79, 12.39, 35.7], [194.84, 456.39, 141.82, 69.13], [109.65, 258.26, 84.47, 93.38], [52.99, 233.33, 13.79, 39.69], [106.19, 211.42, 49.69, 82.64], [74.51, 245.0, 64.71, 105.53], [176.43, 305.79, 16.21, 56.88], [155.37, 104.76, 44.0, 157.64], [295.67, 346.43, 30.82, 28.97], [94.37, 306.17, 323.66, 333.83], [400.17, 542.67, 25.57, 85.09], [366.03, 617.56, 9.97, 22.37]]"
2582,/home/pi/sambashare/BacArbeit/cocoval2017/000000410456.jpg,3.181934457999887,"['0: person', '0: person', '0: person', '0: person', '0: person', '0: person', '37: surfboard', '37: surfboard', '0: person', '37: surfboard', '37: surfboard', '56: chair']","[0, 0, 0, 0, 0, 0, 37, 37, 0, 37, 37, 56]","[0.9229481, 0.9220907, 0.909621, 0.8986882, 0.83408535, 0.7464508, 0.6724193, 0.6535555, 0.5807852, 0.47043157, 0.39003024, 0.27296257]","[[496.73, 161.59, 73.73, 172.93], [383.29, 182.04, 71.43, 125.99], [187.1, 151.9, 82.56, 149.85], [50.03, 121.09, 127.97, 202.16], [312.57, 220.08, 24.25, 46.08], [105.79, 148.02, 95.34, 162.27], [1, 316.57, 288.1, 19.47], [390.13, 298.02, 56.16, 15.92], [362.87, 240.0, 16.18, 25.16], [5.9, 298.07, 287.05, 26.09], [154.1, 293.21, 190.61, 18.71], [1, 224.34, 22.98, 22.39]]"
2583,/home/pi/sambashare/BacArbeit/cocoval2017/000000406129.jpg,3.1733575239995844,"['0: person', '38: tennis racket', '32: sports ball']","[0, 38, 32]","[0.9450008, 0.891527, 0.84860766]","[[170.92, 162.88, 185.33, 433.97], [223.56, 61.93, 48.69, 120.82], [253.0, 85.88, 14.02, 14.94]]"
2584,/home/pi/sambashare/BacArbeit/cocoval2017/000000097337.jpg,3.1898663970005146,"['56: chair', '75: vase', '62: tv', '57: couch', '73: book', '16: dog', '57: couch', '0: person', '16: dog', '0: person']","[56, 75, 62, 57, 73, 16, 57, 0, 16, 0]","[0.8051352, 0.7990591, 0.7423832, 0.7389688, 0.48926923, 0.4383406, 0.42227402, 0.404371, 0.36244434, 0.25134853]","[[426.5, 295.11, 72.85, 78.8], [295.99, 201.83, 55.28, 96.11], [157.23, 97.74, 142.38, 91.32], [347.79, 149.72, 152.0, 147.86], [279.93, 229.53, 44.53, 20.41], [22.33, 209.82, 105.48, 34.82], [1.23, 169.15, 142.26, 205.17], [245.0, 105.36, 46.53, 67.59], [152.05, 242.79, 60.46, 48.97], [1, 329.04, 20.15, 45.48]]"
2585,/home/pi/sambashare/BacArbeit/cocoval2017/000000351589.jpg,3.1696817179999925,"['13: bench', '58: potted plant', '58: potted plant']","[13, 58, 58]","[0.916171, 0.7447027, 0.35404855]","[[76.4, 124.48, 328.15, 264.47], [284.68, 116.4, 168.12, 182.25], [1, 94.13, 126.06, 241.22]]"
2586,/home/pi/sambashare/BacArbeit/cocoval2017/000000476704.jpg,3.187528750000638,"['5: bus', '1: bicycle', '2: car', '7: truck', '56: chair', '2: car', '2: car', '2: car', '2: car']","[5, 1, 2, 7, 56, 2, 2, 2, 2]","[0.9233065, 0.86061984, 0.8210361, 0.8107376, 0.73889256, 0.5558179, 0.40813437, 0.2808846, 0.27260476]","[[103.19, 85.38, 427.59, 268.67], [496.34, 276.67, 58.23, 109.51], [573.95, 227.53, 63.76, 54.2], [11.73, 146.52, 108.07, 132.91], [589.76, 265.9, 28.01, 41.28], [544.41, 225.17, 41.71, 13.86], [531.09, 224.83, 14.04, 15.19], [627.61, 226.44, 12.24, 23.44], [630.07, 227.53, 9.9, 42.8]]"
2587,/home/pi/sambashare/BacArbeit/cocoval2017/000000074256.jpg,3.180338964000839,"['0: person', '0: person', '67: cell phone', '0: person', '26: handbag', '67: cell phone', '24: backpack', '6: train', '24: backpack']","[0, 0, 67, 0, 26, 67, 24, 6, 24]","[0.9271495, 0.9143617, 0.84396696, 0.83929, 0.73394024, 0.5804487, 0.48038995, 0.46983284, 0.36004576]","[[333.34, 70.91, 278.08, 407.34], [158.29, 81.59, 207.25, 397.48], [65.75, 258.34, 35.65, 27.21], [1, 62.84, 94.39, 414.88], [69.56, 327.6, 185.05, 152.06], [174.9, 339.65, 43.35, 14.84], [575.75, 187.85, 64.25, 173.3], [115.36, 82.74, 270.07, 206.29], [520.44, 141.53, 118.93, 219.47]]"
2588,/home/pi/sambashare/BacArbeit/cocoval2017/000000268729.jpg,3.1926491929989425,"['22: zebra', '22: zebra', '22: zebra', '22: zebra', '23: giraffe', '25: umbrella']","[22, 22, 22, 22, 23, 25]","[0.9577444, 0.9192037, 0.90960443, 0.8931324, 0.8388123, 0.41529173]","[[331.24, 302.3, 258.39, 167.26], [281.11, 281.07, 180.06, 124.61], [187.6, 270.37, 147.57, 125.69], [82.82, 261.31, 116.85, 125.7], [275.59, 109.78, 46.44, 173.26], [1, 58.17, 85.83, 37.43]]"
2589,/home/pi/sambashare/BacArbeit/cocoval2017/000000312549.jpg,3.1743703440006357,['11: stop sign'],[11],[0.7959352],"[[505.77, 382.09, 128.11, 97.18]]"
2590,/home/pi/sambashare/BacArbeit/cocoval2017/000000041635.jpg,3.1739474769983644,"['19: cow', '19: cow', '19: cow', '19: cow']","[19, 19, 19, 19]","[0.8875268, 0.8162329, 0.7330836, 0.6391637]","[[204.87, 161.54, 211.64, 162.87], [1, 160.95, 252.09, 190.0], [335.28, 148.67, 242.71, 165.96], [1, 255.69, 30.68, 87.7]]"
2591,/home/pi/sambashare/BacArbeit/cocoval2017/000000008762.jpg,3.170181010000306,"['9: traffic light', '9: traffic light', '9: traffic light', '2: car', '9: traffic light', '9: traffic light', '9: traffic light']","[9, 9, 9, 2, 9, 9, 9]","[0.8311335, 0.8041531, 0.7519247, 0.56485605, 0.4948166, 0.30309775, 0.28434566]","[[58.08, 85.11, 20.95, 60.15], [165.18, 105.12, 20.17, 39.37], [493.73, 179.06, 21.97, 42.48], [1, 277.63, 27.18, 26.52], [501.1, 229.41, 16.99, 15.13], [484.61, 230.15, 9.23, 15.2], [482.98, 229.61, 32.45, 15.98]]"
2592,/home/pi/sambashare/BacArbeit/cocoval2017/000000519039.jpg,3.1799932080011786,"['7: truck', '74: clock']","[7, 74]","[0.94173735, 0.34176165]","[[174.6, 116.2, 150.89, 92.2], [14.82, 14.03, 40.86, 42.71]]"
2593,/home/pi/sambashare/BacArbeit/cocoval2017/000000151657.jpg,3.166580036000596,"['0: person', '27: tie', '0: person']","[0, 27, 0]","[0.85525286, 0.7981124, 0.6790288]","[[188.76, 102.43, 182.93, 533.85], [135.79, 143.77, 43.29, 192.64], [12.44, 5.36, 205.67, 634.33]]"
2594,/home/pi/sambashare/BacArbeit/cocoval2017/000000046463.jpg,3.1908215260009456,"['59: bed', '56: chair']","[59, 56]","[0.3231377, 0.27281755]","[[7.95, 30.36, 422.44, 349.92], [201.7, 1, 190.53, 85.79]]"
2595,/home/pi/sambashare/BacArbeit/cocoval2017/000000305317.jpg,3.188471080000454,"['33: kite', '0: person', '0: person', '0: person', '0: person', '0: person', '0: person', '0: person', '0: person', '33: kite', '33: kite', '33: kite', '0: person', '0: person']","[33, 0, 0, 0, 0, 0, 0, 0, 0, 33, 33, 33, 0, 0]","[0.89546365, 0.73210335, 0.65873533, 0.57581174, 0.52365047, 0.47696874, 0.469681, 0.4372515, 0.39074147, 0.36613452, 0.34876797, 0.34080723, 0.3207528, 0.3020164]","[[50.16, 95.71, 29.14, 38.86], [171.21, 407.62, 11.65, 26.49], [93.15, 410.17, 6.69, 25.69], [15.79, 400.75, 10.92, 34.57], [110.01, 407.67, 10.92, 27.04], [224.13, 406.04, 7.84, 24.73], [189.0, 414.82, 8.77, 19.7], [6.56, 422.51, 5.46, 12.79], [201.56, 410.22, 4.76, 14.17], [200.21, 133.92, 12.95, 7.22], [1, 395.51, 17.21, 20.18], [249.36, 344.32, 16.7, 85.97], [69.84, 416.02, 11.01, 17.79], [234.21, 406.57, 6.93, 24.03]]"
2596,/home/pi/sambashare/BacArbeit/cocoval2017/000000217957.jpg,3.190534724999452,['74: clock'],[74],[0.88116467],"[[174.32, 334.29, 95.58, 111.22]]"
2597,/home/pi/sambashare/BacArbeit/cocoval2017/000000373382.jpg,3.1898298270007217,"['0: person', '38: tennis racket', '0: person', '0: person', '0: person', '0: person', '0: person', '0: person', '0: person']","[0, 38, 0, 0, 0, 0, 0, 0, 0]","[0.9286769, 0.8711299, 0.73609084, 0.7071938, 0.47664022, 0.42811635, 0.38331866, 0.2784087, 0.26248896]","[[137.86, 71.64, 187.16, 536.59], [146.99, 83.23, 53.9, 125.64], [373.82, 229.87, 66.18, 125.07], [309.51, 244.01, 65.29, 109.69], [418.39, 185.87, 49.88, 88.66], [354.02, 199.98, 47.56, 78.9], [268.69, 247.71, 47.33, 109.17], [430.06, 243.56, 49.62, 92.17], [278.28, 175.41, 61.65, 74.94]]"
2598,/home/pi/sambashare/BacArbeit/cocoval2017/000000182155.jpg,3.1865551230002893,"['65: remote', '0: person', '65: remote', '56: chair', '57: couch']","[65, 0, 65, 56, 57]","[0.74995553, 0.55511314, 0.49542034, 0.32881126, 0.25065225]","[[508.56, 244.49, 76.0, 35.87], [91.23, 53.01, 486.44, 370.48], [425.79, 91.39, 60.31, 116.6], [492.83, 369.18, 48.36, 56.73], [1.27, 270.54, 362.59, 152.58]]"
2599,/home/pi/sambashare/BacArbeit/cocoval2017/000000101787.jpg,3.1897309409996524,['4: airplane'],[4],[0.9075197],"[[178.24, 279.97, 43.43, 33.32]]"
2600,/home/pi/sambashare/BacArbeit/cocoval2017/000000304984.jpg,3.193267693999587,"['42: fork', '45: bowl', '40: wine glass', '45: bowl', '48: sandwich', '55: cake']","[42, 45, 40, 45, 48, 55]","[0.9169175, 0.91679955, 0.90856797, 0.8374823, 0.74579495, 0.5677436]","[[10.51, 130.61, 85.89, 158.16], [151.77, 151.91, 110.06, 86.45], [281.92, 1, 103.08, 125.78], [31.13, 49.1, 129.38, 96.48], [173.72, 106.34, 194.0, 110.77], [94.93, 103.64, 93.4, 95.68]]"
2601,/home/pi/sambashare/BacArbeit/cocoval2017/000000281759.jpg,3.1797346270013804,"['25: umbrella', '25: umbrella', '25: umbrella', '0: person', '7: truck', '0: person', '0: person', '0: person', '25: umbrella', '25: umbrella', '0: person']","[25, 25, 25, 0, 7, 0, 0, 0, 25, 25, 0]","[0.9460723, 0.93226486, 0.931577, 0.93025994, 0.9174023, 0.9127265, 0.91093606, 0.90651315, 0.8887246, 0.8720165, 0.6532125]","[[54.19, 72.84, 152.61, 131.64], [258.76, 236.23, 167.42, 106.96], [462.58, 91.02, 140.38, 124.19], [96.51, 97.01, 101.93, 308.41], [33.87, 300.79, 74.64, 20.54], [457.04, 140.99, 77.05, 279.75], [375.25, 139.81, 89.91, 280.28], [205.28, 130.09, 81.33, 276.28], [343.47, 99.86, 133.5, 114.09], [196.64, 82.44, 131.59, 125.38], [299.72, 145.3, 78.28, 96.34]]"
2602,/home/pi/sambashare/BacArbeit/cocoval2017/000000064499.jpg,3.1789043080007104,"['22: zebra', '14: bird', '22: zebra']","[22, 14, 22]","[0.8986934, 0.3000076, 0.25517285]","[[2.03, 161.95, 367.17, 315.21], [604.19, 1, 35.68, 15.33], [254.63, 171.82, 122.48, 291.47]]"
2603,/home/pi/sambashare/BacArbeit/cocoval2017/000000502336.jpg,3.180955493999136,"['0: person', '0: person', '0: person', '0: person', '26: handbag', '26: handbag', '38: tennis racket', '0: person', '26: handbag', '26: handbag']","[0, 0, 0, 0, 26, 26, 38, 0, 26, 26]","[0.9119674, 0.7504458, 0.7291721, 0.72309947, 0.61387366, 0.5620775, 0.505335, 0.44505635, 0.29594672, 0.28482506]","[[304.34, 276.24, 82.56, 142.52], [190.82, 289.1, 40.14, 105.21], [139.94, 297.75, 48.31, 95.88], [605.0, 262.68, 33.87, 120.68], [195.74, 365.57, 24.78, 28.55], [352.35, 321.38, 21.46, 32.04], [513.6, 277.09, 33.87, 59.72], [170.06, 288.8, 25.79, 45.88], [142.04, 337.96, 30.29, 30.05], [166.63, 294.84, 24.56, 84.14]]"
2604,/home/pi/sambashare/BacArbeit/cocoval2017/000000546626.jpg,3.1824478340004134,"['41: cup', '67: cell phone', '39: bottle', '64: mouse', '60: dining table']","[41, 67, 39, 64, 60]","[0.94348466, 0.93186766, 0.8267573, 0.7991028, 0.31925672]","[[110.66, 77.47, 100.47, 105.82], [135.2, 185.77, 83.1, 63.73], [52.98, 6.2, 59.51, 194.9], [6.21, 167.94, 90.41, 79.05], [1, 71.93, 299, 325.8]]"
2605,/home/pi/sambashare/BacArbeit/cocoval2017/000000312421.jpg,3.1746664399997826,"['25: umbrella', '0: person', '12: parking meter', '0: person', '25: umbrella', '0: person', '0: person', '0: person', '0: person', '0: person', '3: motorcycle', '56: chair']","[25, 0, 12, 0, 25, 0, 0, 0, 0, 0, 3, 56]","[0.7979975, 0.784312, 0.7834853, 0.6861551, 0.653372, 0.5888382, 0.53340745, 0.5169899, 0.4756934, 0.39522976, 0.33211458, 0.2804254]","[[528.42, 1, 110.9, 139.26], [591.28, 137.23, 48.68, 124.18], [125.61, 149.3, 316.33, 262.86], [1, 231.28, 224.01, 195.01], [129.72, 1, 358.71, 149.14], [26.09, 111.06, 47.18, 92.65], [503.91, 118.09, 69.27, 145.06], [401.48, 134.64, 78.6, 71.31], [188.68, 101.53, 63.23, 53.02], [357.12, 126.08, 55.31, 27.47], [33.6, 164.06, 87.27, 180.63], [517.89, 294.48, 121.49, 93.61]]"
2606,/home/pi/sambashare/BacArbeit/cocoval2017/000000554328.jpg,3.1913634380016447,"['0: person', '0: person', '0: person', '35: baseball glove']","[0, 0, 0, 35]","[0.9487904, 0.94526744, 0.9250595, 0.919903]","[[237.33, 81.83, 197.81, 414.99], [3.26, 18.15, 199.23, 477.37], [425.13, 39.69, 214.72, 455.91], [426.38, 303.16, 118.24, 119.51]]"
2607,/home/pi/sambashare/BacArbeit/cocoval2017/000000176778.jpg,3.1855171709994465,"['61: toilet', '15: cat']","[61, 15]","[0.92551374, 0.45589742]","[[12.24, 211.59, 287.27, 340.36], [263.54, 395.54, 71.89, 244.46]]"
2608,/home/pi/sambashare/BacArbeit/cocoval2017/000000224093.jpg,3.1832152729984955,"['19: cow', '19: cow', '19: cow', '19: cow', '19: cow']","[19, 19, 19, 19, 19]","[0.9207299, 0.9105176, 0.89797145, 0.8931477, 0.6757647]","[[21.66, 137.45, 71.47, 51.65], [404.59, 135.96, 56.16, 31.37], [327.5, 116.01, 46.88, 37.39], [147.15, 116.79, 43.73, 30.16], [234.46, 118.92, 17.83, 27.11]]"
2609,/home/pi/sambashare/BacArbeit/cocoval2017/000000308328.jpg,3.181893945999036,"['0: person', '28: suitcase', '0: person', '0: person', '28: suitcase', '28: suitcase', '0: person', '28: suitcase', '28: suitcase', '28: suitcase', '28: suitcase', '28: suitcase', '28: suitcase', '7: truck', '28: suitcase', '28: suitcase', '24: backpack', '28: suitcase']","[0, 28, 0, 0, 28, 28, 0, 28, 28, 28, 28, 28, 28, 7, 28, 28, 24, 28]","[0.9512465, 0.9134816, 0.887344, 0.8860782, 0.8851348, 0.80503565, 0.7984068, 0.79139537, 0.6977072, 0.61353934, 0.54283226, 0.53407395, 0.48527828, 0.4103161, 0.3484371, 0.31669602, 0.28436926, 0.27627945]","[[31.34, 301.34, 133.22, 178.16], [371.41, 320.26, 136.79, 117.62], [548.93, 246.69, 79.5, 141.52], [147.94, 200.76, 81.93, 176.09], [501.38, 396.32, 138.28, 83.23], [197.88, 220.08, 61.49, 45.46], [310.71, 165.87, 132.16, 119.02], [196.29, 154.44, 61.77, 49.7], [299.38, 182.03, 43.04, 58.08], [156.09, 178.47, 59.03, 45.69], [213.19, 194.56, 53.15, 36.15], [259.33, 226.75, 43.34, 28.02], [262.89, 200.24, 43.26, 29.77], [49.25, 45.69, 583.41, 426.13], [256.16, 167.16, 51.9, 37.34], [301.21, 132.37, 45.28, 27.45], [160.23, 223.82, 48.37, 43.17], [300.19, 145.59, 47.34, 36.35]]"
2610,/home/pi/sambashare/BacArbeit/cocoval2017/000000159684.jpg,3.1848647330007225,"['74: clock', '6: train']","[74, 6]","[0.838011, 0.7809248]","[[4.73, 115.53, 37.81, 36.85], [59.98, 140.82, 576.14, 224.45]]"
2611,/home/pi/sambashare/BacArbeit/cocoval2017/000000089697.jpg,3.1739021060002415,"['0: person', '0: person', '13: bench', '13: bench', '13: bench']","[0, 0, 13, 13, 13]","[0.89069456, 0.88939345, 0.6049283, 0.56618506, 0.44498423]","[[186.76, 246.29, 97.96, 107.14], [252.85, 230.38, 96.28, 129.33], [326.58, 283.57, 152.19, 67.9], [100.83, 282.32, 381.66, 74.68], [96.28, 286.5, 176.39, 67.9]]"
2612,/home/pi/sambashare/BacArbeit/cocoval2017/000000329080.jpg,3.1810858360004204,"['59: bed', '59: bed', '63: laptop', '28: suitcase']","[59, 59, 63, 28]","[0.92303, 0.85963035, 0.55582494, 0.4052336]","[[1.36, 183.14, 325.42, 179.55], [110.56, 230.99, 500.35, 246.59], [565.59, 425.75, 73.87, 53.8], [609.75, 330.61, 29.99, 103.66]]"
2613,/home/pi/sambashare/BacArbeit/cocoval2017/000000111207.jpg,3.1822793020000972,"['0: person', '0: person', '36: skateboard', '36: skateboard', '13: bench', '13: bench']","[0, 0, 36, 36, 13, 13]","[0.9536196, 0.92265415, 0.87395245, 0.7613091, 0.35091352, 0.2784433]","[[101.88, 29.8, 115.65, 258.26], [154.92, 355.78, 93.45, 213.07], [155.42, 553.02, 77.69, 27.78], [125.01, 264.2, 51.01, 25.99], [292.56, 191.5, 44.36, 30.5], [180.82, 188.92, 55.89, 22.0]]"
2614,/home/pi/sambashare/BacArbeit/cocoval2017/000000348708.jpg,3.190255284000159,[],[],[],[]
2615,/home/pi/sambashare/BacArbeit/cocoval2017/000000500211.jpg,3.1746519560001616,"['25: umbrella', '25: umbrella', '25: umbrella', '25: umbrella', '25: umbrella', '25: umbrella', '25: umbrella', '56: chair', '25: umbrella', '56: chair', '60: dining table', '56: chair', '25: umbrella']","[25, 25, 25, 25, 25, 25, 25, 56, 25, 56, 60, 56, 25]","[0.88484883, 0.826825, 0.808312, 0.6876566, 0.67536646, 0.6735814, 0.66207224, 0.4074299, 0.37999794, 0.37035927, 0.32812354, 0.2980077, 0.27361983]","[[499.82, 263.62, 78.7, 215.75], [321.58, 227.76, 78.65, 249.66], [391.65, 234.95, 81.77, 243.61], [53.13, 286.81, 33.01, 64.18], [262.63, 284.25, 37.25, 121.01], [561.01, 238.39, 46.8, 193.23], [128.2, 279.35, 33.33, 129.19], [548.91, 425.85, 90.56, 54.14], [208.61, 272.03, 36.72, 135.73], [610.8, 409.51, 28.93, 70.32], [612.87, 408.86, 26.92, 27.61], [463.51, 418.02, 68.48, 61.58], [181.57, 285.82, 28.74, 118.55]]"
2616,/home/pi/sambashare/BacArbeit/cocoval2017/000000457078.jpg,3.1882790479994583,"['62: tv', '56: chair', '39: bottle', '0: person', '41: cup', '41: cup']","[62, 56, 39, 0, 41, 41]","[0.76329076, 0.75567824, 0.66554034, 0.49018243, 0.4427936, 0.431583]","[[1, 222.56, 144.31, 168.54], [315.2, 445.52, 93.81, 34.09], [222.71, 389.13, 13.99, 37.76], [532.5, 40.43, 106.02, 322.68], [156.89, 394.39, 29.69, 28.37], [108.47, 425.02, 43.62, 54.98]]"
2617,/home/pi/sambashare/BacArbeit/cocoval2017/000000165713.jpg,3.176368488000662,['10: fire hydrant'],[10],[0.58179426],"[[105.66, 134.27, 248.68, 478.88]]"
2618,/home/pi/sambashare/BacArbeit/cocoval2017/000000207728.jpg,3.1758129139998346,['19: cow'],[19],[0.7490286],"[[131.7, 60.05, 344.61, 310.11]]"
2619,/home/pi/sambashare/BacArbeit/cocoval2017/000000031248.jpg,3.195296915000654,"['56: chair', '57: couch', '57: couch', '58: potted plant', '58: potted plant', '75: vase', '73: book', '73: book', '73: book', '73: book', '73: book', '73: book']","[56, 57, 57, 58, 58, 75, 73, 73, 73, 73, 73, 73]","[0.9433028, 0.88767844, 0.8758831, 0.8447999, 0.6085871, 0.49467877, 0.31421053, 0.28368104, 0.28050318, 0.2757047, 0.26997527, 0.25093934]","[[190.38, 234.84, 181.06, 97.77], [414.84, 244.47, 84.52, 87.88], [1, 283.67, 106.84, 48.99], [419.95, 137.38, 79.72, 111.54], [1, 71.38, 107.99, 249.21], [259.72, 153.82, 18.58, 14.45], [52.88, 114.13, 97.73, 35.85], [386.12, 121.5, 12.91, 29.6], [398.47, 123.28, 16.36, 28.4], [408.56, 159.99, 25.71, 28.34], [110.91, 117.75, 8.81, 31.12], [414.66, 122.34, 12.36, 28.64]]"
2620,/home/pi/sambashare/BacArbeit/cocoval2017/000000099054.jpg,3.190714246000425,"['0: person', '0: person', '0: person', '4: airplane', '7: truck']","[0, 0, 0, 4, 7]","[0.84862673, 0.808793, 0.72461545, 0.6740571, 0.48557428]","[[299.24, 493.78, 26.27, 75.01], [59.23, 549.04, 42.77, 54.75], [261.3, 469.56, 16.07, 25.75], [21.12, 68.98, 404.66, 469.1], [195.45, 326.71, 29.69, 62.35]]"
2621,/home/pi/sambashare/BacArbeit/cocoval2017/000000084241.jpg,3.1992759599997953,"['41: cup', '0: person', '0: person', '0: person', '45: bowl', '45: bowl', '42: fork', '45: bowl', '41: cup', '45: bowl', '44: spoon', '39: bottle', '45: bowl', '45: bowl', '55: cake', '44: spoon']","[41, 0, 0, 0, 45, 45, 42, 45, 41, 45, 44, 39, 45, 45, 55, 44]","[0.82275045, 0.8080022, 0.7976777, 0.77500314, 0.746184, 0.73094517, 0.6849129, 0.68236023, 0.648827, 0.6028795, 0.5561421, 0.5242491, 0.47828597, 0.3835203, 0.28239897, 0.25078595]","[[237.26, 324.78, 84.29, 70.92], [267.86, 35.92, 144.01, 239.75], [195.41, 21.84, 96.52, 270.46], [34.33, 8.22, 189.46, 300.61], [1, 203.03, 78.55, 44.5], [463.64, 276.89, 171.14, 114.2], [134.11, 169.74, 23.82, 32.57], [301.37, 266.72, 133.02, 49.56], [305.62, 172.12, 45.96, 33.29], [1, 369.49, 126.73, 26.36], [24.35, 321.92, 88.32, 31.6], [42.76, 16.86, 28.39, 64.77], [85.98, 290.28, 133.59, 105.72], [1, 289.53, 108.61, 85.66], [1, 185.66, 48.28, 43.74], [233.43, 242.41, 22.0, 63.81]]"
2622,/home/pi/sambashare/BacArbeit/cocoval2017/000000198915.jpg,3.1864293869984976,[],[],[],[]
2623,/home/pi/sambashare/BacArbeit/cocoval2017/000000059386.jpg,3.1898774319997756,"['23: giraffe', '23: giraffe', '23: giraffe', '23: giraffe', '22: zebra', '23: giraffe', '23: giraffe', '22: zebra']","[23, 23, 23, 23, 22, 23, 23, 22]","[0.95195436, 0.9421498, 0.91706795, 0.9120814, 0.7964631, 0.6515766, 0.47117406, 0.3536028]","[[67.92, 238.98, 134.61, 214.31], [117.74, 266.58, 112.33, 206.84], [237.5, 215.13, 105.64, 275.75], [275.75, 236.86, 111.07, 237.69], [61.33, 231.29, 22.99, 24.87], [321.29, 178.46, 10.89, 28.53], [331.74, 175.07, 21.65, 29.71], [118.13, 255.95, 24.58, 54.23]]"
2624,/home/pi/sambashare/BacArbeit/cocoval2017/000000327605.jpg,3.1788629530001344,"['0: person', '30: skis']","[0, 30]","[0.9243682, 0.7783351]","[[153.45, 42.63, 108.92, 331.77], [46.74, 341.92, 340.01, 47.85]]"
2625,/home/pi/sambashare/BacArbeit/cocoval2017/000000321887.jpg,3.186637497999982,"['21: bear', '0: person']","[21, 0]","[0.83873594, 0.67064184]","[[2.93, 51.52, 487.56, 370.53], [491.52, 127.07, 147.82, 295.98]]"
2626,/home/pi/sambashare/BacArbeit/cocoval2017/000000100624.jpg,3.182809288000499,"['67: cell phone', '0: person', '0: person', '0: person', '24: backpack', '0: person', '2: car', '24: backpack']","[67, 0, 0, 0, 24, 0, 2, 24]","[0.87442327, 0.86908466, 0.8545172, 0.80627733, 0.46926793, 0.32100755, 0.28620797, 0.2646552]","[[178.52, 133.73, 66.89, 71.21], [317.98, 106.65, 60.61, 136.08], [43.21, 53.02, 279.32, 372.46], [267.85, 90.69, 52.53, 153.58], [17.93, 220.61, 141.47, 206.3], [516.51, 69.49, 59.31, 143.48], [1, 39.3, 44.63, 97.55], [92.73, 218.64, 77.8, 108.23]]"
2627,/home/pi/sambashare/BacArbeit/cocoval2017/000000370486.jpg,3.1716092280003068,"['0: person', '0: person', '25: umbrella', '0: person', '0: person', '0: person', '26: handbag', '0: person', '26: handbag', '25: umbrella', '0: person', '0: person', '0: person', '26: handbag', '0: person', '0: person', '26: handbag', '0: person', '0: person', '0: person']","[0, 0, 25, 0, 0, 0, 26, 0, 26, 25, 0, 0, 0, 26, 0, 0, 26, 0, 0, 0]","[0.926436, 0.904195, 0.8791269, 0.8535898, 0.8398155, 0.78635085, 0.6882087, 0.6767964, 0.67172515, 0.5240743, 0.48083344, 0.38328734, 0.38188714, 0.36165082, 0.33801448, 0.32115558, 0.31395566, 0.282633, 0.25714418, 0.25633267]","[[346.42, 124.89, 74.44, 376.12], [150.31, 106.34, 127.87, 506.56], [83.42, 54.11, 220.12, 156.18], [305.72, 154.74, 71.02, 324.39], [1, 140.33, 69.71, 360.25], [242.58, 136.19, 63.84, 354.86], [90.3, 214.67, 62.77, 141.88], [69.54, 190.35, 85.73, 317.66], [1.2, 256.29, 51.61, 98.59], [395.03, 79.89, 25.66, 54.17], [314.03, 4.47, 24.97, 83.58], [1, 1, 20.4, 66.54], [292.38, 117.8, 28.5, 49.63], [142.48, 242.32, 27.11, 105.82], [46.77, 145.45, 39.53, 92.27], [47.8, 164.69, 34.88, 328.5], [409.28, 243.56, 11.72, 52.87], [41.62, 121.46, 26.53, 27.67], [10.74, 41.1, 27.07, 58.66], [201.56, 28.7, 28.91, 32.39]]"
2628,/home/pi/sambashare/BacArbeit/cocoval2017/000000409475.jpg,3.18877021300068,"['0: person', '0: person']","[0, 0]","[0.9552304, 0.94853026]","[[135.02, 140.96, 164.5, 339.04], [352.42, 157.85, 221.88, 320.86]]"
2629,/home/pi/sambashare/BacArbeit/cocoval2017/000000001353.jpg,3.1993148809997365,"['0: person', '0: person', '0: person', '56: chair', '0: person', '0: person', '28: suitcase', '0: person']","[0, 0, 0, 56, 0, 0, 28, 0]","[0.5700321, 0.42771468, 0.42598182, 0.4223256, 0.41908845, 0.3990178, 0.3687304, 0.30246302]","[[221.48, 154.06, 58.14, 62.66], [211.24, 193.54, 59.84, 80.89], [62.66, 214.33, 118.55, 141.77], [187.32, 69.75, 86.56, 98.34], [159.88, 134.98, 64.46, 90.46], [139.48, 177.78, 125.8, 196.3], [67.35, 316.56, 185.09, 145.38], [139.07, 175.9, 74.12, 75.26]]"
2630,/home/pi/sambashare/BacArbeit/cocoval2017/000000162130.jpg,3.1991669479994016,"['13: bench', '20: elephant']","[13, 20]","[0.945898, 0.26203927]","[[118.62, 311.31, 214.25, 128.63], [587.15, 171.82, 52.56, 43.5]]"
2631,/home/pi/sambashare/BacArbeit/cocoval2017/000000204329.jpg,3.192782656999043,"['37: surfboard', '0: person', '0: person', '0: person', '0: person']","[37, 0, 0, 0, 0]","[0.9414782, 0.7959713, 0.73736465, 0.638871, 0.3631048]","[[62.77, 118.26, 98.49, 384.36], [241.68, 244.58, 8.64, 26.84], [172.09, 272.79, 34.36, 18.71], [230.93, 278.99, 14.43, 13.15], [18.56, 270.27, 33.21, 9.67]]"
2632,/home/pi/sambashare/BacArbeit/cocoval2017/000000179214.jpg,3.1719209019993286,['53: pizza'],[53],[0.41230834],"[[4.49, 192.92, 329.21, 283.28]]"
2633,/home/pi/sambashare/BacArbeit/cocoval2017/000000042528.jpg,3.1886406399989937,"['67: cell phone', '0: person', '44: spoon', '17: horse']","[67, 0, 44, 17]","[0.915084, 0.91465974, 0.38035592, 0.28471208]","[[412.86, 184.02, 119.83, 230.26], [321.49, 329.55, 196.45, 164.65], [11.93, 196.19, 39.33, 183.17], [1, 316.07, 319.01, 177.63]]"
2634,/home/pi/sambashare/BacArbeit/cocoval2017/000000331604.jpg,3.1806926489989564,"['37: surfboard', '0: person', '33: kite']","[37, 0, 33]","[0.92937845, 0.8193729, 0.4926912]","[[263.62, 176.49, 112.78, 131.82], [294.33, 150.54, 73.07, 129.04], [615.71, 263.89, 13.02, 15.08]]"
2635,/home/pi/sambashare/BacArbeit/cocoval2017/000000226147.jpg,3.1780311269994854,"['75: vase', '45: bowl', '0: person', '42: fork', '43: knife', '42: fork', '0: person', '55: cake', '42: fork', '26: handbag', '60: dining table', '55: cake', '26: handbag']","[75, 45, 0, 42, 43, 42, 0, 55, 42, 26, 60, 55, 26]","[0.9381521, 0.9211939, 0.9136399, 0.8945311, 0.8620919, 0.8590936, 0.77149594, 0.6272842, 0.5965733, 0.5853637, 0.40409344, 0.37359732, 0.29569155]","[[29.49, 217.19, 65.94, 206.61], [89.31, 370.65, 83.58, 111.81], [143.7, 1, 102.08, 223.57], [416.48, 572.04, 44.88, 67.96], [154.9, 320.21, 82.32, 58.11], [195.67, 328.92, 55.42, 40.31], [206.31, 1.46, 272.08, 401.31], [94.4, 477.0, 302.0, 161.85], [451.75, 588.16, 27.94, 51.84], [165.62, 1, 63.62, 96.81], [2.56, 247.01, 475.07, 389.08], [221.65, 510.81, 172.07, 128.96], [306.12, 113.38, 139.34, 126.47]]"
2636,/home/pi/sambashare/BacArbeit/cocoval2017/000000011051.jpg,3.1721276299995225,"['0: person', '27: tie', '0: person']","[0, 27, 0]","[0.9568079, 0.83031136, 0.57730377]","[[249.78, 75.55, 380.74, 458.07], [195.17, 198.39, 59.61, 217.52], [10.02, 13.27, 381.09, 519.24]]"
2637,/home/pi/sambashare/BacArbeit/cocoval2017/000000340015.jpg,3.192333332000999,['49: orange'],[49],[0.26668915],"[[5.07, 1, 633.81, 479]]"
2638,/home/pi/sambashare/BacArbeit/cocoval2017/000000384616.jpg,3.197589831001096,['10: fire hydrant'],[10],[0.9048184],"[[371.2, 190.18, 83.23, 281.57]]"
2639,/home/pi/sambashare/BacArbeit/cocoval2017/000000458255.jpg,3.1929645020009048,"['15: cat', '73: book', '0: person', '59: bed']","[15, 73, 0, 59]","[0.9420936, 0.693657, 0.5652953, 0.5169125]","[[281.98, 187.08, 184.17, 144.9], [180.79, 166.25, 68.61, 104.64], [88.03, 179.17, 157.22, 147.94], [1, 45.82, 603.53, 376.72]]"
2640,/home/pi/sambashare/BacArbeit/cocoval2017/000000186282.jpg,3.185165982999024,"['64: mouse', '66: keyboard', '62: tv', '66: keyboard', '39: bottle']","[64, 66, 62, 66, 39]","[0.9352092, 0.9173673, 0.8733557, 0.42808753, 0.4278091]","[[358.86, 357.71, 123.57, 43.63], [169.23, 274.29, 161.9, 60.98], [272.31, 1, 237.11, 285.75], [604.78, 344.93, 34.9, 20.63], [200.3, 151.85, 80.52, 108.9]]"
2641,/home/pi/sambashare/BacArbeit/cocoval2017/000000475223.jpg,3.1878061719999096,"['14: bird', '14: bird']","[14, 14]","[0.9259284, 0.57152355]","[[231.74, 221.62, 183.15, 115.55], [492.47, 241.0, 59.73, 68.99]]"
2642,/home/pi/sambashare/BacArbeit/cocoval2017/000000325991.jpg,3.1891895329990803,"['0: person', '29: frisbee']","[0, 29]","[0.9412539, 0.8083514]","[[147.21, 48.91, 192.37, 284.9], [317.37, 217.43, 53.24, 17.07]]"
2643,/home/pi/sambashare/BacArbeit/cocoval2017/000000119677.jpg,3.1875631299990346,"['42: fork', '55: cake']","[42, 55]","[0.916844, 0.53642255]","[[385.91, 238.9, 252.98, 119.9], [195.27, 42.55, 184.19, 219.26]]"
2644,/home/pi/sambashare/BacArbeit/cocoval2017/000000057244.jpg,3.1726997290006693,[],[],[],[]
2645,/home/pi/sambashare/BacArbeit/cocoval2017/000000002685.jpg,3.1838762590014085,"['0: person', '0: person', '0: person', '0: person', '0: person', '39: bottle', '39: bottle', '0: person', '0: person', '39: bottle', '39: bottle']","[0, 0, 0, 0, 0, 39, 39, 0, 0, 39, 39]","[0.8954033, 0.8897165, 0.88741165, 0.825162, 0.6503949, 0.64535224, 0.50403845, 0.49727687, 0.43845424, 0.3849952, 0.36553466]","[[281.42, 98.98, 173.69, 245.89], [314.92, 60.59, 318.31, 373.9], [165.72, 136.61, 354.98, 413.97], [394.56, 6.41, 209.2, 331.82], [183.08, 123.24, 132.38, 65.03], [556.38, 144.51, 53.23, 54.81], [128.47, 285.71, 44.85, 58.79], [25.03, 218.07, 159.96, 333.69], [23.56, 217.49, 116.12, 194.95], [137.0, 260.65, 38.81, 52.88], [114.82, 297.4, 40.6, 53.72]]"
2646,/home/pi/sambashare/BacArbeit/cocoval2017/000000079969.jpg,3.190140042999701,"['0: person', '0: person', '0: person', '0: person', '0: person', '0: person', '56: chair', '32: sports ball', '0: person', '0: person', '0: person', '0: person', '0: person', '0: person']","[0, 0, 0, 0, 0, 0, 56, 32, 0, 0, 0, 0, 0, 0]","[0.8856524, 0.77061456, 0.6426473, 0.6325401, 0.52128065, 0.44976026, 0.42557964, 0.39934918, 0.39898255, 0.39596838, 0.39161327, 0.3871976, 0.37544867, 0.3002466]","[[173.98, 140.35, 119.46, 383.0], [256.36, 289.33, 62.33, 91.01], [1, 107.24, 33.13, 40.01], [291.17, 258.88, 48.27, 53.41], [369.15, 252.83, 42.69, 57.11], [46.78, 82.54, 39.86, 62.8], [331.31, 292.19, 30.76, 18.8], [280.25, 122.36, 10.43, 10.82], [292.89, 230.54, 39.03, 50.63], [204.78, 263.32, 26.3, 45.4], [16.34, 76.61, 31.86, 60.61], [334.66, 203.44, 31.0, 41.9], [331.78, 236.34, 34.93, 44.58], [224.67, 197.02, 29.16, 53.74]]"
2647,/home/pi/sambashare/BacArbeit/cocoval2017/000000127476.jpg,3.1817907630011177,"['53: pizza', '39: bottle', '43: knife']","[53, 39, 43]","[0.5239413, 0.43473783, 0.27225617]","[[4.08, 51.87, 472.01, 572.28], [1, 1, 40.55, 160.96], [117.17, 1, 254.63, 61.48]]"
2648,/home/pi/sambashare/BacArbeit/cocoval2017/000000256407.jpg,3.1905850769999233,"['41: cup', '45: bowl', '45: bowl', '45: bowl']","[41, 45, 45, 45]","[0.5835943, 0.40817863, 0.3095771, 0.26312652]","[[279.71, 192.24, 41.23, 50.73], [220.84, 180.61, 39.39, 45.08], [118.1, 341.08, 56.1, 58.19], [160.4, 196.84, 55.9, 53.57]]"
2649,/home/pi/sambashare/BacArbeit/cocoval2017/000000384468.jpg,3.1965378410004632,"['0: person', '2: car', '0: person', '20: elephant', '0: person', '0: person']","[0, 2, 0, 20, 0, 0]","[0.93094474, 0.8868535, 0.8858511, 0.86320037, 0.69560874, 0.38214234]","[[555.61, 270.58, 57.8, 163.99], [1, 263.18, 91.54, 109.74], [252.27, 83.02, 149.92, 182.13], [8.6, 192.96, 533.52, 287.04], [186.18, 98.52, 108.78, 153.16], [263.3, 86.47, 85.54, 114.26]]"
2650,/home/pi/sambashare/BacArbeit/cocoval2017/000000573258.jpg,3.201781284999015,"['0: person', '24: backpack', '30: skis']","[0, 24, 30]","[0.9180413, 0.5614173, 0.4836537]","[[39.03, 60.31, 195.7, 417.15], [28.54, 94.89, 82.34, 141.55], [199.86, 435.46, 181.42, 44.37]]"
2651,/home/pi/sambashare/BacArbeit/cocoval2017/000000480122.jpg,3.181649883999853,"['56: chair', '56: chair', '56: chair', '56: chair', '46: banana', '45: bowl', '60: dining table', '56: chair', '69: oven', '71: sink', '43: knife', '56: chair', '56: chair', '71: sink', '43: knife', '39: bottle', '44: spoon', '71: sink']","[56, 56, 56, 56, 46, 45, 60, 56, 69, 71, 43, 56, 56, 71, 43, 39, 44, 71]","[0.928872, 0.9282855, 0.91653436, 0.90599066, 0.8810988, 0.85609186, 0.8442495, 0.7994409, 0.74575096, 0.67754364, 0.54140455, 0.52359605, 0.50902516, 0.4908821, 0.4513476, 0.3996493, 0.38009185, 0.26886573]","[[470.5, 418.16, 162.85, 221.58], [216.35, 357.48, 77.36, 71.26], [67.12, 396.4, 119.26, 87.08], [369.15, 499.63, 133.79, 138.96], [278.12, 373.73, 68.25, 64.45], [262.15, 410.35, 108.53, 63.29], [1.55, 364.65, 625.06, 271.34], [473.51, 339.16, 99.72, 56.26], [1, 266.64, 145.78, 243.88], [51.94, 260.58, 189.25, 79.21], [227.5, 158.17, 22.01, 22.04], [473.72, 339.3, 100.64, 199.98], [1, 375.22, 49.5, 137.42], [457.1, 259.34, 176.69, 38.27], [220.98, 154.1, 15.95, 21.02], [131.84, 225.37, 20.56, 38.94], [393.93, 193.8, 12.36, 24.95], [450.77, 260.14, 189.23, 84.86]]"
2652,/home/pi/sambashare/BacArbeit/cocoval2017/000000231508.jpg,3.184265628000503,"['0: person', '2: car', '0: person', '2: car', '0: person', '0: person', '35: baseball glove', '0: person', '0: person', '0: person', '0: person', '0: person', '0: person']","[0, 2, 0, 2, 0, 0, 35, 0, 0, 0, 0, 0, 0]","[0.9404782, 0.80440617, 0.7438037, 0.56368196, 0.55675393, 0.50956887, 0.5016947, 0.4766492, 0.41633335, 0.39286083, 0.38581994, 0.3130757, 0.29698217]","[[63.05, 218.44, 157.1, 177.07], [230.89, 112.3, 65.24, 37.14], [250.74, 215.12, 45.04, 60.71], [127.66, 104.22, 54.85, 53.38], [225.38, 198.79, 38.23, 75.11], [29.82, 222.21, 14.01, 46.99], [63.82, 270.67, 34.52, 19.64], [256.28, 189.86, 18.73, 48.08], [77.25, 232.32, 33.52, 36.18], [198.07, 148.44, 31.73, 31.82], [284.24, 241.8, 35.18, 40.56], [200.1, 105.94, 15.51, 49.51], [177.25, 103.18, 14.16, 54.69]]"
2653,/home/pi/sambashare/BacArbeit/cocoval2017/000000206579.jpg,3.1760236749996693,"['0: person', '55: cake', '60: dining table', '0: person']","[0, 55, 60, 0]","[0.5877132, 0.58105874, 0.4162302, 0.34769765]","[[473.69, 1, 146.95, 202.51], [394.52, 274.09, 179.95, 122.08], [287.93, 218.08, 347.93, 259.6], [8.32, 1.35, 446.44, 477.61]]"
2654,/home/pi/sambashare/BacArbeit/cocoval2017/000000287667.jpg,3.1794521669999085,"['43: knife', '73: book']","[43, 73]","[0.8609553, 0.5919934]","[[233.72, 26.85, 86.81, 79.09], [1, 314.58, 80.88, 164.23]]"
2655,/home/pi/sambashare/BacArbeit/cocoval2017/000000215245.jpg,3.1789668460005487,"['22: zebra', '22: zebra', '22: zebra', '22: zebra', '22: zebra', '22: zebra', '22: zebra']","[22, 22, 22, 22, 22, 22, 22]","[0.9237651, 0.9233363, 0.87369704, 0.8087844, 0.7578523, 0.7505307, 0.7310085]","[[147.14, 270.05, 176.67, 144.58], [12.34, 289.32, 186.25, 132.94], [231.41, 198.94, 59.84, 28.42], [309.9, 268.77, 158.49, 133.69], [162.22, 199.74, 43.47, 28.76], [194.07, 205.39, 41.03, 23.35], [371.31, 269.93, 77.92, 60.74]]"
2656,/home/pi/sambashare/BacArbeit/cocoval2017/000000296231.jpg,3.1892714810001053,"['56: chair', '62: tv', '74: clock', '74: clock', '73: book', '73: book', '73: book', '73: book', '17: horse', '73: book', '73: book', '75: vase', '73: book', '58: potted plant', '73: book', '73: book', '73: book', '73: book']","[56, 62, 74, 74, 73, 73, 73, 73, 17, 73, 73, 75, 73, 58, 73, 73, 73, 73]","[0.8754197, 0.8530907, 0.7135415, 0.6873215, 0.6215982, 0.58589035, 0.56792945, 0.55044895, 0.48016474, 0.4193372, 0.4137923, 0.36594343, 0.33624196, 0.3124608, 0.29277295, 0.2701694, 0.26623642, 0.26277414]","[[569.65, 302.27, 69.91, 177.35], [158.58, 282.9, 187.2, 181.46], [505.88, 201.87, 22.06, 21.93], [266.5, 247.87, 20.19, 28.82], [486.81, 355.53, 29.03, 52.81], [462.45, 348.17, 28.58, 55.35], [504.56, 362.87, 20.83, 50.6], [447.93, 343.51, 21.7, 53.57], [111.41, 110.29, 48.03, 85.83], [470.72, 352.31, 37.4, 53.76], [531.18, 366.94, 15.51, 52.66], [512.7, 245.0, 23.58, 40.78], [514.64, 366.42, 16.84, 50.37], [575.68, 162.51, 54.84, 74.68], [544.69, 368.51, 17.55, 54.94], [523.45, 364.94, 12.39, 51.92], [557.67, 365.82, 16.56, 58.35], [436.34, 341.85, 14.51, 54.76]]"
2657,/home/pi/sambashare/BacArbeit/cocoval2017/000000449190.jpg,3.193880489001458,['41: cup'],[41],[0.5609113],"[[347.47, 57.87, 131.8, 112.07]]"
2658,/home/pi/sambashare/BacArbeit/cocoval2017/000000243075.jpg,3.1717201070005103,['21: bear'],[21],[0.8012259],"[[9.61, 88.36, 550.29, 478.65]]"
2659,/home/pi/sambashare/BacArbeit/cocoval2017/000000226130.jpg,3.197375992000161,"['45: bowl', '55: cake', '41: cup', '41: cup', '52: hot dog']","[45, 55, 41, 41, 52]","[0.59752405, 0.46568298, 0.4036913, 0.3684026, 0.34374005]","[[1, 1, 194.62, 73.34], [222.69, 52.84, 365.54, 177.36], [307.14, 1, 166.3, 63.26], [598.4, 58.57, 41.49, 119.25], [19.12, 150.2, 552.22, 275.8]]"
2660,/home/pi/sambashare/BacArbeit/cocoval2017/000000016439.jpg,3.1768706839993683,"['63: laptop', '40: wine glass', '56: chair', '73: book', '66: keyboard']","[63, 40, 56, 73, 66]","[0.93470854, 0.9035672, 0.6799693, 0.2628863, 0.2537201]","[[133.69, 167.78, 235.89, 185.52], [412.55, 261.59, 43.73, 89.0], [1, 386.31, 52.24, 93.31], [5.75, 288.09, 118.46, 43.16], [136.89, 283.56, 219.14, 51.55]]"
2661,/home/pi/sambashare/BacArbeit/cocoval2017/000000007386.jpg,3.177795130999584,"['21: bear', '1: bicycle', '3: motorcycle', '1: bicycle']","[21, 1, 3, 1]","[0.76773924, 0.7371867, 0.49588403, 0.40395832]","[[180.9, 281.9, 36.62, 43.13], [221.51, 101.01, 67.75, 63.99], [42.35, 5.93, 544.09, 390.81], [221.71, 160.44, 58.28, 52.49]]"
2662,/home/pi/sambashare/BacArbeit/cocoval2017/000000520301.jpg,3.1840142279997963,['16: dog'],[16],[0.9040022],"[[113.67, 154.65, 365.35, 479.76]]"
2663,/home/pi/sambashare/BacArbeit/cocoval2017/000000323263.jpg,3.183596575001502,"['0: person', '0: person', '0: person', '0: person', '26: handbag', '26: handbag', '67: cell phone']","[0, 0, 0, 0, 26, 26, 67]","[0.94454753, 0.82540876, 0.8064729, 0.7890081, 0.46013647, 0.32445985, 0.32347876]","[[438.02, 89.21, 97.18, 291.08], [121.66, 127.84, 137.0, 256.26], [250.19, 116.38, 110.75, 132.74], [116.83, 85.39, 65.8, 145.64], [106.4, 227.28, 34.05, 35.85], [110.78, 256.39, 36.78, 34.92], [501.72, 124.17, 7.77, 8.11]]"
2664,/home/pi/sambashare/BacArbeit/cocoval2017/000000377486.jpg,3.173071725999762,"['0: person', '17: horse', '17: horse', '19: cow', '0: person', '0: person', '17: horse', '0: person', '0: person', '0: person', '17: horse', '17: horse', '0: person', '0: person', '0: person', '0: person']","[0, 17, 17, 19, 0, 0, 17, 0, 0, 0, 17, 17, 0, 0, 0, 0]","[0.9336631, 0.86887205, 0.86486286, 0.7535623, 0.6663811, 0.6662406, 0.4307667, 0.39479035, 0.37652496, 0.37507898, 0.33894247, 0.33134052, 0.33039472, 0.31050253, 0.2900298, 0.28813046]","[[362.95, 20.48, 204.44, 272.25], [564.52, 21.0, 75.27, 149.83], [425.12, 117.32, 104.38, 298.68], [266.14, 176.52, 134.93, 96.84], [603.5, 1, 36.13, 46.09], [27.48, 1, 35.84, 26.08], [484.91, 1, 46.04, 27.14], [119.58, 1, 41.51, 24.59], [513.24, 1, 47.2, 63.7], [152.27, 1, 40.44, 23.78], [452.18, 1, 45.89, 26.39], [511.32, 1, 70.32, 108.36], [423.99, 1, 37.96, 9.8], [559.62, 1, 49.68, 36.49], [101.22, 1, 36.28, 24.33], [214.85, 1, 50.48, 21.86]]"
2665,/home/pi/sambashare/BacArbeit/cocoval2017/000000549738.jpg,3.1798488149997866,"['33: kite', '2: car', '2: car', '2: car', '2: car', '2: car', '0: person', '74: clock', '0: person', '2: car', '33: kite']","[33, 2, 2, 2, 2, 2, 0, 74, 0, 2, 33]","[0.9141772, 0.67950547, 0.6194946, 0.59679306, 0.586352, 0.5522795, 0.48113608, 0.48095897, 0.4692939, 0.34955442, 0.29398686]","[[90.04, 156.21, 214.96, 189.94], [422.41, 409.86, 33.93, 13.44], [320.05, 405.68, 26.39, 11.09], [278.99, 403.95, 37.34, 10.49], [243.15, 403.22, 32.28, 9.31], [502.77, 417.16, 33.02, 8.69], [596.59, 400.3, 11.71, 25.57], [534.97, 303.39, 10.71, 11.0], [379.65, 391.02, 14.64, 34.28], [174.43, 399.35, 32.06, 10.37], [1, 321.14, 4.4, 22.66]]"
2666,/home/pi/sambashare/BacArbeit/cocoval2017/000000548267.jpg,3.1823217649998696,"['18: sheep', '18: sheep', '18: sheep', '18: sheep', '18: sheep', '18: sheep', '18: sheep', '18: sheep', '18: sheep', '18: sheep', '18: sheep', '18: sheep']","[18, 18, 18, 18, 18, 18, 18, 18, 18, 18, 18, 18]","[0.9019863, 0.88755393, 0.8759268, 0.87292594, 0.86870253, 0.86291134, 0.8628327, 0.8586025, 0.8485431, 0.84231895, 0.75767326, 0.6864975]","[[391.95, 446.73, 36.8, 33.27], [154.83, 441.58, 28.04, 30.95], [128.37, 449.71, 24.55, 26.98], [206.42, 457.84, 34.15, 21.95], [595.78, 410.94, 27.68, 17.7], [363.48, 433.51, 25.51, 22.62], [565.81, 412.11, 21.35, 17.57], [539.35, 402.97, 16.68, 12.97], [488.39, 403.46, 17.37, 12.81], [469.39, 404.88, 13.19, 13.91], [237.41, 438.48, 37.95, 19.68], [242.62, 451.0, 33.09, 29.0]]"
2667,/home/pi/sambashare/BacArbeit/cocoval2017/000000443426.jpg,3.1745755120009562,"['27: tie', '0: person']","[27, 0]","[0.7908568, 0.605414]","[[191.22, 358.9, 141.43, 153.2], [45.97, 208.08, 415.68, 430.34]]"
2668,/home/pi/sambashare/BacArbeit/cocoval2017/000000205282.jpg,3.1865503299995908,"['23: giraffe', '23: giraffe', '23: giraffe', '23: giraffe', '23: giraffe', '23: giraffe']","[23, 23, 23, 23, 23, 23]","[0.9167801, 0.78584933, 0.6699754, 0.5936636, 0.45189244, 0.40387633]","[[289.38, 39.92, 344.21, 436.94], [16.85, 187.68, 154.99, 291.13], [610.63, 288.23, 29.04, 75.71], [102.87, 256.17, 100.09, 113.87], [311.53, 409.57, 81.44, 70.43], [97.86, 255.91, 290.9, 224.09]]"
2669,/home/pi/sambashare/BacArbeit/cocoval2017/000000218091.jpg,3.209917039001084,"['56: chair', '62: tv', '57: couch', '59: bed', '65: remote', '63: laptop']","[56, 62, 57, 59, 65, 63]","[0.91811955, 0.86427015, 0.7691383, 0.7367154, 0.41105393, 0.29817832]","[[1, 170.33, 152.49, 111.37], [570.98, 143.34, 42.96, 90.41], [1, 222.01, 90.08, 160.61], [224.68, 103.3, 214.24, 160.24], [521.0, 198.86, 28.7, 7.62], [172.28, 384.08, 59.96, 44.7]]"
2670,/home/pi/sambashare/BacArbeit/cocoval2017/000000037689.jpg,3.1731687619994773,"['0: person', '31: snowboard', '31: snowboard', '0: person', '0: person', '0: person', '30: skis', '0: person', '0: person', '0: person', '0: person', '0: person', '0: person', '0: person']","[0, 31, 31, 0, 0, 0, 30, 0, 0, 0, 0, 0, 0, 0]","[0.8711864, 0.83724046, 0.8367119, 0.73967236, 0.6478248, 0.555673, 0.449506, 0.39955157, 0.3804885, 0.366131, 0.36148807, 0.32709986, 0.3193497, 0.26205343]","[[226.12, 66.59, 46.33, 37.92], [201.17, 64.94, 30.77, 40.47], [318.88, 123.71, 27.78, 61.81], [91.33, 147.33, 16.66, 34.02], [332.78, 136.0, 33.5, 40.26], [78.16, 143.01, 13.85, 33.7], [1, 394.46, 103.37, 31.22], [1, 123.07, 15.31, 30.08], [28.37, 136.27, 14.55, 22.26], [61.42, 137.9, 16.69, 33.0], [106.88, 163.37, 11.11, 11.54], [448.44, 170.62, 27.08, 17.16], [40.51, 140.58, 19.01, 24.12], [286.08, 264.13, 8.37, 11.64]]"
2671,/home/pi/sambashare/BacArbeit/cocoval2017/000000350023.jpg,3.1796162280006683,"['2: car', '2: car', '2: car', '5: bus', '2: car', '2: car', '2: car', '2: car', '2: car', '0: person', '9: traffic light', '2: car', '2: car', '0: person', '2: car', '3: motorcycle', '0: person', '0: person', '2: car', '2: car', '0: person', '2: car', '9: traffic light', '0: person']","[2, 2, 2, 5, 2, 2, 2, 2, 2, 0, 9, 2, 2, 0, 2, 3, 0, 0, 2, 2, 0, 2, 9, 0]","[0.8804998, 0.86467046, 0.8353896, 0.82076424, 0.8009087, 0.78975743, 0.78425467, 0.7596372, 0.74570495, 0.72225124, 0.7128169, 0.7048655, 0.6618742, 0.59553015, 0.5948756, 0.58796126, 0.5501178, 0.5412503, 0.52324134, 0.49163982, 0.47280836, 0.46753934, 0.37554333, 0.33693695]","[[344.27, 433.07, 34.12, 25.74], [186.84, 414.45, 29.7, 24.13], [396.25, 429.62, 36.09, 28.89], [536.92, 426.9, 96.03, 52.53], [354.58, 402.2, 24.11, 22.2], [218.27, 372.75, 21.84, 15.7], [371.34, 387.5, 21.98, 19.5], [404.17, 374.58, 20.33, 17.52], [325.02, 368.83, 19.91, 19.67], [177.74, 440.98, 16.15, 23.97], [344.92, 342.97, 6.54, 24.85], [226.55, 363.72, 20.04, 14.28], [266.16, 329.43, 14.25, 13.36], [378.65, 350.78, 5.71, 13.54], [198.13, 396.6, 24.68, 21.34], [176.61, 451.64, 17.21, 22.06], [386.38, 357.21, 6.4, 13.79], [521.63, 415.69, 9.81, 24.09], [276.63, 312.19, 9.52, 7.0], [111.27, 472.8, 33.97, 7.02], [22.56, 438.38, 9.79, 27.44], [257.2, 314.62, 10.56, 8.07], [408.12, 349.03, 6.64, 15.65], [398.07, 324.69, 10.76, 20.3]]"
2672,/home/pi/sambashare/BacArbeit/cocoval2017/000000031817.jpg,3.184427461999803,"['0: person', '0: person']","[0, 0]","[0.67090154, 0.30947322]","[[3.19, 19.42, 324.94, 609.52], [1, 1, 63.77, 174.24]]"
2673,/home/pi/sambashare/BacArbeit/cocoval2017/000000474078.jpg,3.1921130689988786,"['0: person', '0: person', '0: person', '35: baseball glove', '0: person', '32: sports ball', '34: baseball bat', '35: baseball glove']","[0, 0, 0, 35, 0, 32, 34, 35]","[0.9239469, 0.89679515, 0.87253374, 0.819969, 0.80266, 0.7138866, 0.49998972, 0.2729384]","[[125.42, 272.92, 150.63, 187.56], [240.32, 295.58, 161.47, 159.4], [308.3, 217.6, 168.9, 175.31], [366.84, 321.26, 38.69, 21.55], [588.75, 1, 49.71, 89.85], [584.25, 228.08, 8.96, 9.3], [465.14, 271.49, 40.68, 10.63], [623.34, 1, 16.25, 7.62]]"
2674,/home/pi/sambashare/BacArbeit/cocoval2017/000000034205.jpg,3.188654029998361,"['50: broccoli', '50: broccoli']","[50, 50]","[0.3945907, 0.2644595]","[[574.77, 60.83, 64.67, 139.16], [279.77, 1, 306.02, 157.09]]"
2675,/home/pi/sambashare/BacArbeit/cocoval2017/000000020571.jpg,3.1846395720003784,"['0: person', '0: person', '8: boat', '8: boat', '8: boat', '8: boat', '8: boat', '8: boat', '8: boat', '0: person']","[0, 0, 8, 8, 8, 8, 8, 8, 8, 0]","[0.7374387, 0.69114864, 0.5814677, 0.5409362, 0.4553514, 0.31170726, 0.28116938, 0.27315074, 0.25965574, 0.2517368]","[[490.81, 150.72, 21.42, 37.92], [477.67, 156.29, 14.62, 30.91], [181.3, 117.61, 19.88, 62.44], [46.29, 102.07, 27.38, 77.49], [287.88, 65.57, 122.45, 239.18], [128.38, 184.86, 15.17, 6.8], [12.15, 168.41, 6.88, 9.03], [183.21, 170.38, 14.14, 10.82], [119.03, 52.09, 418.13, 577.58], [529.01, 223.21, 9.78, 26.55]]"
2676,/home/pi/sambashare/BacArbeit/cocoval2017/000000577932.jpg,3.1866085740002745,"['2: car', '2: car', '0: person', '26: handbag', '2: car', '0: person', '0: person', '0: person', '0: person', '1: bicycle', '0: person', '24: backpack', '2: car', '12: parking meter', '9: traffic light', '0: person', '0: person', '0: person', '0: person', '0: person', '0: person', '25: umbrella', '0: person']","[2, 2, 0, 26, 2, 0, 0, 0, 0, 1, 0, 24, 2, 12, 9, 0, 0, 0, 0, 0, 0, 25, 0]","[0.93926376, 0.9142944, 0.87304056, 0.84905994, 0.8366291, 0.8197153, 0.8077677, 0.80708015, 0.8010321, 0.76953244, 0.57335126, 0.55926883, 0.49828675, 0.4864022, 0.45190227, 0.44289467, 0.4277688, 0.40785325, 0.40546027, 0.3884568, 0.29245743, 0.27406257, 0.2691769]","[[499.5, 255.04, 139.92, 286.57], [182.89, 227.89, 84.46, 54.02], [434.82, 233.43, 26.44, 96.1], [286.18, 262.35, 61.89, 101.51], [38.89, 219.13, 63.8, 51.27], [150.55, 209.05, 19.69, 50.21], [233.47, 233.77, 81.76, 253.98], [285.99, 232.69, 89.71, 249.86], [383.65, 234.36, 29.28, 96.77], [303.83, 365.56, 39.06, 125.96], [129.16, 212.44, 16.58, 48.82], [208.82, 287.37, 43.8, 91.14], [1, 197.03, 12.08, 16.73], [546.69, 288.59, 19.42, 47.48], [84.81, 139.76, 15.94, 39.72], [216.78, 211.01, 18.29, 17.94], [68.98, 190.72, 10.1, 28.09], [327.28, 217.52, 22.17, 38.94], [298.43, 215.93, 20.7, 24.11], [120.79, 194.11, 12.86, 27.07], [29.74, 194.34, 26.52, 41.47], [308.86, 166.68, 92.45, 51.99], [135.75, 194.61, 14.36, 20.32]]"
2677,/home/pi/sambashare/BacArbeit/cocoval2017/000000196009.jpg,3.192927875999885,"['44: spoon', '75: vase', '0: person']","[44, 75, 0]","[0.93003327, 0.5149856, 0.2987434]","[[181.39, 316.4, 388.43, 81.01], [113.14, 1, 526.37, 325.7], [1.04, 417.28, 126.08, 62.04]]"
2678,/home/pi/sambashare/BacArbeit/cocoval2017/000000560011.jpg,3.1833538570008386,['66: keyboard'],[66],[0.8283855],"[[1, 332.87, 322.82, 165.97]]"
2679,/home/pi/sambashare/BacArbeit/cocoval2017/000000249643.jpg,3.1761043290007365,"['6: train', '22: zebra', '9: traffic light']","[6, 22, 9]","[0.85491705, 0.6662421, 0.55692333]","[[3.57, 88.22, 506.49, 369.22], [507.34, 180.52, 132.51, 92.7], [180.96, 1, 32.4, 40.07]]"
2680,/home/pi/sambashare/BacArbeit/cocoval2017/000000291634.jpg,3.1843788619989937,"['0: person', '0: person', '0: person', '0: person', '0: person', '3: motorcycle', '0: person', '0: person', '12: parking meter', '3: motorcycle', '0: person', '25: umbrella', '3: motorcycle']","[0, 0, 0, 0, 0, 3, 0, 0, 12, 3, 0, 25, 3]","[0.9189826, 0.89574665, 0.8731006, 0.8681272, 0.7926731, 0.7905078, 0.7720899, 0.6420692, 0.62692523, 0.5830327, 0.4617111, 0.4204928, 0.34523842]","[[347.78, 188.64, 33.67, 98.79], [315.07, 192.0, 24.4, 95.97], [8.87, 192.42, 24.29, 86.89], [285.33, 190.62, 19.48, 97.93], [162.62, 201.47, 17.55, 36.43], [45.2, 291.21, 357.84, 307.94], [1, 194.95, 13.23, 88.94], [216.72, 196.6, 18.14, 55.3], [231.04, 212.67, 10.68, 26.6], [21.02, 242.0, 186.93, 139.12], [90.11, 1, 33.08, 36.14], [329.52, 184.05, 30.65, 16.37], [15.78, 247.83, 82.06, 101.52]]"
2681,/home/pi/sambashare/BacArbeit/cocoval2017/000000019432.jpg,3.1859824289986136,"['0: person', '38: tennis racket', '32: sports ball', '56: chair', '56: chair', '56: chair', '56: chair', '56: chair', '56: chair', '56: chair', '56: chair', '56: chair', '56: chair', '56: chair', '56: chair', '56: chair', '56: chair']","[0, 38, 32, 56, 56, 56, 56, 56, 56, 56, 56, 56, 56, 56, 56, 56, 56]","[0.9275801, 0.8871267, 0.784041, 0.7313094, 0.6753863, 0.6420033, 0.6249711, 0.61410326, 0.61123663, 0.60661143, 0.58888644, 0.58041763, 0.5728764, 0.56957465, 0.557418, 0.5502152, 0.36975178]","[[56.28, 29.13, 153.84, 403.8], [91.23, 253.89, 60.49, 123.54], [321.13, 272.29, 20.07, 17.31], [228.57, 13.66, 73.46, 150.99], [163.7, 58.26, 68.16, 106.02], [347.5, 12.69, 75.41, 156.38], [465.8, 16.48, 75.22, 151.96], [407.79, 7.24, 74.41, 161.06], [133.36, 13.65, 57.93, 45.31], [588.43, 15.87, 51.32, 153.76], [76.39, 12.73, 59.12, 41.25], [282.19, 37.34, 76.81, 130.51], [523.54, 14.05, 74.31, 156.69], [1, 11.6, 20.08, 42.81], [16.3, 14.24, 61.49, 44.09], [1, 55.38, 53.02, 103.99], [169.84, 12.61, 75.04, 120.01]]"
2682,/home/pi/sambashare/BacArbeit/cocoval2017/000000355905.jpg,3.181673511999179,['16: dog'],[16],[0.8731547],"[[79.33, 52.87, 458.67, 411.79]]"
2683,/home/pi/sambashare/BacArbeit/cocoval2017/000000546823.jpg,3.188603790998968,"['0: person', '17: horse', '0: person', '0: person', '0: person', '0: person', '17: horse', '25: umbrella', '0: person', '25: umbrella', '0: person', '0: person', '25: umbrella', '0: person', '25: umbrella', '0: person', '0: person', '25: umbrella', '56: chair', '0: person', '0: person', '17: horse', '0: person', '25: umbrella', '58: potted plant', '25: umbrella', '0: person']","[0, 17, 0, 0, 0, 0, 17, 25, 0, 25, 0, 0, 25, 0, 25, 0, 0, 25, 56, 0, 0, 17, 0, 25, 58, 25, 0]","[0.7776621, 0.7699936, 0.76549107, 0.7598744, 0.75174254, 0.7083672, 0.64958227, 0.61710536, 0.5832765, 0.55787903, 0.51761675, 0.5146425, 0.46673378, 0.45890397, 0.4558317, 0.45535555, 0.4443906, 0.4440414, 0.42847124, 0.39766935, 0.39345533, 0.36703044, 0.33594784, 0.32058817, 0.30549422, 0.25368974, 0.25198954]","[[557.79, 270.01, 68.99, 109.16], [480.98, 315.82, 78.22, 126.45], [257.21, 263.36, 24.26, 57.11], [30.41, 275.18, 23.91, 72.36], [120.6, 277.82, 20.14, 54.18], [148.61, 269.25, 14.99, 38.8], [453.38, 335.71, 29.08, 68.45], [197.91, 257.96, 27.18, 10.26], [427.31, 270.18, 21.36, 38.47], [1, 248.0, 43.16, 19.21], [442.02, 271.47, 18.44, 45.19], [606.54, 262.77, 24.27, 46.77], [424.2, 242.32, 48.84, 10.94], [407.08, 254.55, 11.79, 31.98], [92.86, 254.07, 48.67, 12.13], [362.83, 275.42, 14.75, 30.26], [168.71, 259.4, 9.71, 18.61], [19.18, 254.19, 72.14, 27.6], [586.3, 313.0, 44.63, 64.72], [90.1, 273.87, 15.33, 27.47], [11.13, 277.7, 26.72, 46.64], [554.49, 259.21, 24.43, 51.42], [135.1, 270.78, 12.04, 37.48], [74.06, 257.44, 23.94, 8.4], [315.97, 297.9, 150.85, 54.45], [468.16, 238.62, 31.92, 8.07], [198.57, 265.49, 16.97, 29.76]]"
2684,/home/pi/sambashare/BacArbeit/cocoval2017/000000290293.jpg,3.176935385001343,"['0: person', '6: train']","[0, 6]","[0.6725941, 0.6235956]","[[559.23, 181.73, 27.38, 56.8], [1, 15.01, 460.65, 284.15]]"
2685,/home/pi/sambashare/BacArbeit/cocoval2017/000000212072.jpg,3.178126037000766,['11: stop sign'],[11],[0.9467561],"[[310.83, 29.26, 147.41, 147.47]]"
2686,/home/pi/sambashare/BacArbeit/cocoval2017/000000536343.jpg,3.178801754000233,[],[],[],[]
2687,/home/pi/sambashare/BacArbeit/cocoval2017/000000222094.jpg,3.177912302999175,"['11: stop sign', '7: truck', '2: car', '2: car', '2: car', '0: person', '2: car', '7: truck', '7: truck', '2: car', '7: truck']","[11, 7, 2, 2, 2, 0, 2, 7, 7, 2, 7]","[0.92752457, 0.88840145, 0.8294752, 0.8255283, 0.7570291, 0.727049, 0.56352925, 0.5233572, 0.31680542, 0.2813317, 0.27649572]","[[106.13, 81.31, 53.33, 77.27], [27.08, 213.57, 84.84, 29.07], [261.99, 212.84, 30.84, 27.48], [219.05, 211.59, 48.05, 41.75], [289.81, 214.09, 26.68, 18.48], [328.22, 177.5, 28.21, 82.85], [137.96, 210.33, 24.05, 23.35], [168.32, 207.86, 27.1, 22.78], [99.55, 205.93, 28.63, 29.76], [189.08, 213.76, 13.94, 16.23], [137.38, 209.52, 57.6, 22.6]]"
2688,/home/pi/sambashare/BacArbeit/cocoval2017/000000284279.jpg,3.1907797340008983,"['14: bird', '12: parking meter']","[14, 12]","[0.93450046, 0.25910434]","[[354.39, 167.78, 224.44, 231.82], [8.41, 1, 329.95, 511]]"
2689,/home/pi/sambashare/BacArbeit/cocoval2017/000000581206.jpg,3.169775194999602,"['48: sandwich', '0: person', '60: dining table', '42: fork']","[48, 0, 60, 42]","[0.7202151, 0.3514569, 0.31431285, 0.30608618]","[[36.73, 142.88, 306.77, 239.85], [199.51, 1, 278.5, 217.54], [1, 7.12, 478, 623.38], [1, 299.5, 52.49, 123.3]]"
2690,/home/pi/sambashare/BacArbeit/cocoval2017/000000238013.jpg,3.1908398319992557,"['0: person', '32: sports ball', '38: tennis racket', '32: sports ball']","[0, 32, 38, 32]","[0.95365596, 0.93048656, 0.8388201, 0.755893]","[[39.27, 64.35, 256.61, 267.19], [387.82, 136.52, 43.97, 31.85], [1, 204.65, 65.08, 33.9], [260.89, 318.27, 22.95, 13.8]]"
2691,/home/pi/sambashare/BacArbeit/cocoval2017/000000544565.jpg,3.1852898460001597,"['44: spoon', '55: cake', '44: spoon', '45: bowl']","[44, 55, 44, 45]","[0.81242573, 0.7649987, 0.6524913, 0.4235035]","[[1, 1, 123.18, 251.37], [117.06, 350.31, 396.63, 254.78], [1, 325.14, 41.03, 36.22], [392.75, 1, 116.09, 17.63]]"
2692,/home/pi/sambashare/BacArbeit/cocoval2017/000000471869.jpg,3.1751460660016164,"['27: tie', '77: teddy bear', '27: tie', '27: tie']","[27, 77, 27, 27]","[0.7707097, 0.5414601, 0.4062567, 0.38278952]","[[129.05, 229.17, 108.85, 71.59], [3.5, 26.05, 351.47, 447.61], [62.2, 134.78, 249.46, 256.41], [130.34, 229.86, 55.88, 60.61]]"
2693,/home/pi/sambashare/BacArbeit/cocoval2017/000000319607.jpg,3.181086865999532,"['0: person', '9: traffic light', '1: bicycle', '0: person', '9: traffic light', '10: fire hydrant', '0: person', '5: bus', '9: traffic light', '0: person', '9: traffic light', '9: traffic light', '9: traffic light']","[0, 9, 1, 0, 9, 10, 0, 5, 9, 0, 9, 9, 9]","[0.8258202, 0.7444999, 0.7221346, 0.66080695, 0.56952345, 0.54178953, 0.48553133, 0.4455139, 0.42880216, 0.34550697, 0.31991965, 0.27924517, 0.26229882]","[[196.92, 445.31, 45.68, 79.82], [147.29, 28.96, 79.19, 283.37], [192.66, 480.72, 73.39, 65.53], [413.4, 342.77, 72.75, 92.87], [134.54, 461.94, 20.06, 26.44], [225.65, 594.16, 44.79, 45.52], [527.75, 280.67, 55.0, 71.34], [420.42, 271.31, 105.47, 104.53], [113.8, 462.92, 24.48, 35.6], [66.5, 568.77, 42.94, 53.31], [332.75, 513.21, 53.01, 83.8], [348.16, 285.37, 36.76, 39.91], [48.41, 408.09, 46.66, 53.62]]"
2694,/home/pi/sambashare/BacArbeit/cocoval2017/000000429761.jpg,3.1813016700016306,"['0: person', '38: tennis racket', '0: person', '38: tennis racket']","[0, 38, 0, 38]","[0.9169478, 0.8837458, 0.86281455, 0.778605]","[[189.49, 79.09, 118.86, 306.75], [368.9, 194.79, 43.82, 59.6], [288.56, 60.15, 116.2, 302.04], [191.3, 219.78, 20.92, 56.15]]"
2695,/home/pi/sambashare/BacArbeit/cocoval2017/000000180560.jpg,3.1731223960014177,"['0: person', '0: person', '0: person']","[0, 0, 0]","[0.93505526, 0.7996607, 0.6926248]","[[249.37, 63.64, 347.12, 359.2], [487.26, 368.64, 151.73, 56.86], [1, 1, 290.24, 424.58]]"
2696,/home/pi/sambashare/BacArbeit/cocoval2017/000000475732.jpg,3.1848198600000615,"['15: cat', '28: suitcase']","[15, 28]","[0.5035482, 0.45433745]","[[3.46, 118.48, 622.77, 360.42], [46.46, 1, 571.49, 225.13]]"
2697,/home/pi/sambashare/BacArbeit/cocoval2017/000000018380.jpg,3.194544527999824,"['0: person', '41: cup', '41: cup', '40: wine glass', '0: person', '0: person', '0: person', '41: cup', '41: cup', '41: cup', '0: person', '0: person', '42: fork', '0: person', '0: person', '41: cup', '0: person', '40: wine glass', '43: knife', '41: cup', '0: person', '0: person', '41: cup', '41: cup', '41: cup', '45: bowl', '0: person', '40: wine glass', '0: person', '42: fork', '60: dining table', '56: chair', '0: person', '0: person', '39: bottle', '41: cup', '41: cup', '56: chair', '45: bowl', '0: person', '39: bottle', '60: dining table', '43: knife', '42: fork', '39: bottle', '45: bowl', '39: bottle', '75: vase', '43: knife']","[0, 41, 41, 40, 0, 0, 0, 41, 41, 41, 0, 0, 42, 0, 0, 41, 0, 40, 43, 41, 0, 0, 41, 41, 41, 45, 0, 40, 0, 42, 60, 56, 0, 0, 39, 41, 41, 56, 45, 0, 39, 60, 43, 42, 39, 45, 39, 75, 43]","[0.9263617, 0.9104168, 0.897051, 0.8844741, 0.8733073, 0.8730765, 0.8727693, 0.8691035, 0.86433625, 0.85637033, 0.8475485, 0.83556885, 0.8109139, 0.80864346, 0.7956385, 0.78752834, 0.776447, 0.7642182, 0.7552067, 0.74635184, 0.7295221, 0.727551, 0.7090463, 0.68419427, 0.66872853, 0.66735196, 0.64362633, 0.62984616, 0.6213318, 0.60062355, 0.600588, 0.5364988, 0.525015, 0.50268775, 0.49990284, 0.4718722, 0.38025093, 0.37619933, 0.3626285, 0.36069095, 0.32871675, 0.32829368, 0.29739854, 0.29729223, 0.2861886, 0.28419533, 0.2658799, 0.25816828, 0.2511222]","[[494.95, 135.43, 143.97, 289.96], [406.59, 305.88, 35.18, 53.47], [238.54, 316.98, 36.45, 55.75], [391.02, 257.15, 31.6, 74.46], [456.37, 182.37, 75.54, 162.5], [1, 161.98, 122.08, 263.0], [454.07, 106.79, 91.69, 166.0], [357.27, 243.29, 26.05, 39.29], [290.17, 166.59, 15.7, 18.94], [235.93, 297.13, 34.21, 23.08], [296.28, 64.05, 62.85, 69.18], [386.19, 64.22, 73.9, 136.68], [248.01, 219.39, 19.42, 18.48], [136.91, 102.24, 96.58, 206.38], [386.66, 136.28, 65.67, 114.08], [291.59, 185.09, 18.27, 20.31], [226.61, 125.53, 53.51, 86.01], [253.97, 248.44, 22.85, 51.12], [448.45, 356.93, 50.51, 49.21], [347.88, 173.72, 17.57, 22.67], [216.83, 78.53, 53.45, 94.33], [76.15, 151.52, 102.97, 258.63], [242.26, 373.75, 45.17, 50.49], [363.4, 229.72, 24.1, 20.75], [280.43, 211.06, 22.42, 28.06], [439.9, 408.33, 71.6, 17.51], [186.66, 134.34, 49.97, 100.95], [274.8, 322.24, 45.07, 99.6], [379.15, 24.08, 36.61, 65.21], [423.74, 346.51, 56.84, 17.87], [161.01, 130.92, 323.36, 290.44], [453.39, 129.14, 20.19, 48.35], [234.14, 33.24, 46.91, 69.18], [366.4, 77.03, 41.99, 95.08], [326.57, 251.76, 14.27, 33.18], [304.92, 134.39, 12.83, 21.84], [343.3, 162.22, 15.7, 19.9], [432.38, 181.02, 26.22, 72.33], [314.69, 348.33, 100.26, 77.43], [356.71, 33.79, 29.81, 82.64], [332.64, 120.84, 10.0, 15.68], [259.65, 116.86, 55.92, 9.44], [436.56, 348.06, 40.03, 37.89], [202.85, 400.37, 13.78, 25.49], [323.15, 126.14, 12.8, 16.02], [598.29, 107.61, 32.53, 11.8], [338.55, 132.95, 13.37, 26.08], [511.59, 91.78, 15.08, 27.89], [373.96, 219.35, 45.16, 9.1]]"
2698,/home/pi/sambashare/BacArbeit/cocoval2017/000000172330.jpg,3.1825289099997462,"['16: dog', '2: car', '2: car', '2: car']","[16, 2, 2, 2]","[0.9318442, 0.91680974, 0.72495455, 0.46370226]","[[245.92, 220.71, 171.23, 111.75], [473.16, 89.43, 165.9, 283.25], [5.94, 1.5, 627.95, 311.46], [2.53, 1, 248.62, 213.4]]"
2699,/home/pi/sambashare/BacArbeit/cocoval2017/000000387383.jpg,3.1715978359989094,"['15: cat', '15: cat', '16: dog', '59: bed', '25: umbrella']","[15, 15, 16, 59, 25]","[0.9357958, 0.92265743, 0.8772404, 0.6366771, 0.29135403]","[[362.2, 213.45, 277.01, 265.94], [66.04, 250.89, 213.64, 83.35], [201.71, 109.45, 188.84, 97.76], [1.58, 111.33, 638.27, 366.38], [1.04, 1, 134.71, 36.51]]"
2700,/home/pi/sambashare/BacArbeit/cocoval2017/000000534639.jpg,3.180645574000664,"['5: bus', '2: car', '2: car', '0: person', '9: traffic light', '6: train']","[5, 2, 2, 0, 9, 6]","[0.8777539, 0.83570516, 0.7127296, 0.5125351, 0.46402103, 0.36511907]","[[11.02, 24.23, 519.9, 438.8], [1, 183.51, 32.28, 27.3], [24.42, 199.5, 23.22, 22.13], [159.57, 183.69, 91.05, 63.04], [548.95, 89.22, 19.15, 36.34], [527.09, 183.67, 106.18, 58.53]]"
2701,/home/pi/sambashare/BacArbeit/cocoval2017/000000340272.jpg,3.174762049000492,"['21: bear', '18: sheep']","[21, 18]","[0.91815704, 0.843115]","[[63.43, 174.31, 111.7, 72.8], [424.44, 168.87, 122.76, 96.31]]"
2702,/home/pi/sambashare/BacArbeit/cocoval2017/000000311190.jpg,3.1789922030002344,"['16: dog', '57: couch', '56: chair']","[16, 57, 56]","[0.6606924, 0.31266484, 0.3088161]","[[20.83, 146.05, 311.49, 353.14], [273.22, 86.7, 100.75, 405.52], [1, 1, 112.01, 141.72]]"
2703,/home/pi/sambashare/BacArbeit/cocoval2017/000000142324.jpg,3.1824229280009604,"['0: person', '0: person', '0: person', '3: motorcycle', '0: person', '1: bicycle', '0: person', '26: handbag', '0: person', '1: bicycle', '0: person', '0: person', '0: person', '0: person', '26: handbag', '0: person', '0: person', '1: bicycle']","[0, 0, 0, 3, 0, 1, 0, 26, 0, 1, 0, 0, 0, 0, 26, 0, 0, 1]","[0.9004801, 0.8722201, 0.8713236, 0.8263639, 0.8096753, 0.722603, 0.71505606, 0.69904053, 0.65645194, 0.6259831, 0.61149096, 0.4755162, 0.44664568, 0.39034277, 0.35875508, 0.3480514, 0.32471454, 0.2933578]","[[1, 135.56, 77.79, 327.2], [484.34, 184.55, 59.4, 155.38], [191.92, 171.6, 67.22, 161.91], [336.45, 243.79, 157.13, 210.09], [121.4, 192.08, 43.24, 134.36], [202.69, 268.49, 44.77, 94.24], [349.69, 153.86, 124.89, 121.86], [96.51, 301.74, 33.08, 60.98], [283.24, 191.25, 52.56, 98.26], [301.74, 241.84, 28.19, 62.9], [168.93, 190.21, 33.43, 116.9], [69.69, 162.65, 57.16, 207.79], [563.27, 158.87, 76.42, 137.87], [267.31, 191.96, 25.23, 55.19], [36.13, 312.1, 46.62, 144.31], [90.74, 168.0, 69.67, 183.77], [292.58, 180.81, 27.56, 55.56], [269.02, 217.71, 22.09, 39.14]]"
2704,/home/pi/sambashare/BacArbeit/cocoval2017/000000314709.jpg,3.1786493560011877,"['0: person', '30: skis']","[0, 30]","[0.92304957, 0.8704744]","[[225.87, 90.35, 112.86, 181.8], [157.18, 235.93, 228.52, 58.84]]"
2705,/home/pi/sambashare/BacArbeit/cocoval2017/000000235057.jpg,3.1870619700002862,['23: giraffe'],[23],[0.73860323],"[[35.07, 2.58, 299.52, 489.29]]"
2706,/home/pi/sambashare/BacArbeit/cocoval2017/000000526751.jpg,3.186843499999668,"['8: boat', '8: boat', '8: boat', '8: boat', '8: boat', '8: boat', '8: boat', '8: boat', '14: bird', '14: bird', '8: boat']","[8, 8, 8, 8, 8, 8, 8, 8, 14, 14, 8]","[0.89446837, 0.793419, 0.67178506, 0.5760773, 0.57506275, 0.41735193, 0.36178395, 0.32342654, 0.32307616, 0.30766514, 0.25690222]","[[235.51, 217.82, 317.52, 182.81], [578.24, 203.49, 41.44, 15.32], [523.4, 200.64, 44.22, 9.15], [66.79, 194.88, 23.63, 7.39], [1, 149.43, 36.86, 55.77], [1, 194.87, 36.75, 10.25], [304.96, 137.21, 47.05, 76.54], [82.52, 184.79, 23.57, 5.76], [109.1, 227.24, 6.49, 5.86], [593.53, 236.96, 8.38, 9.13], [313.48, 198.64, 34.87, 15.61]]"
2707,/home/pi/sambashare/BacArbeit/cocoval2017/000000252332.jpg,3.1803447009988304,['11: stop sign'],[11],[0.9254712],"[[76.78, 1.12, 457.35, 442.48]]"
2708,/home/pi/sambashare/BacArbeit/cocoval2017/000000515577.jpg,3.1786601489984605,"['0: person', '0: person']","[0, 0]","[0.9081594, 0.6424838]","[[205.99, 117.82, 42.75, 79.29], [257.36, 90.59, 28.45, 70.49]]"
2709,/home/pi/sambashare/BacArbeit/cocoval2017/000000550714.jpg,3.1886360200005583,"['0: person', '13: bench']","[0, 13]","[0.4904221, 0.36756223]","[[1, 5.08, 637.48, 472.73], [1, 381.58, 16.94, 36.96]]"
2710,/home/pi/sambashare/BacArbeit/cocoval2017/000000562843.jpg,3.1793727730000683,"['41: cup', '67: cell phone', '76: scissors']","[41, 67, 76]","[0.9632344, 0.92472184, 0.91094255]","[[212.63, 12.28, 280.4, 219.07], [64.76, 177.38, 175.19, 85.32], [80.15, 249.17, 419.85, 125.83]]"
2711,/home/pi/sambashare/BacArbeit/cocoval2017/000000533536.jpg,3.1797701559989946,"['15: cat', '62: tv']","[15, 62]","[0.7518411, 0.25811115]","[[85.72, 280.86, 282.14, 198.51], [104.31, 1.61, 531.96, 473.95]]"
2712,/home/pi/sambashare/BacArbeit/cocoval2017/000000205105.jpg,3.1931593419994897,"['38: tennis racket', '0: person', '56: chair', '32: sports ball', '32: sports ball', '32: sports ball', '32: sports ball', '32: sports ball', '32: sports ball']","[38, 0, 56, 32, 32, 32, 32, 32, 32]","[0.8724196, 0.8716312, 0.8501094, 0.58204633, 0.5255421, 0.5206405, 0.50526065, 0.31287593, 0.3118666]","[[145.39, 107.23, 54.59, 97.01], [142.16, 127.3, 158.8, 299.08], [312.89, 251.62, 46.48, 66.91], [328.04, 19.82, 12.33, 12.04], [318.8, 307.84, 7.13, 5.83], [188.48, 312.49, 5.48, 5.53], [627.04, 307.9, 9.6, 7.72], [280.21, 308.7, 7.75, 8.11], [174.06, 308.66, 6.32, 5.49]]"
2713,/home/pi/sambashare/BacArbeit/cocoval2017/000000338191.jpg,3.1806243420014653,"['10: fire hydrant', '10: fire hydrant', '10: fire hydrant', '10: fire hydrant', '10: fire hydrant', '10: fire hydrant', '10: fire hydrant', '10: fire hydrant', '10: fire hydrant']","[10, 10, 10, 10, 10, 10, 10, 10, 10]","[0.9385154, 0.9324707, 0.9296551, 0.92523134, 0.9251899, 0.91530496, 0.87780845, 0.86666906, 0.84446716]","[[17.01, 186.01, 83.62, 131.87], [538.86, 184.82, 52.29, 128.99], [27.58, 41.04, 73.43, 126.27], [24.22, 343.92, 70.35, 121.37], [540.65, 344.17, 61.22, 115.07], [537.5, 496.41, 69.38, 100.51], [540.9, 40.29, 68.7, 127.5], [35.91, 491.01, 53.98, 99.74], [184.58, 24.24, 266.37, 584.51]]"
2714,/home/pi/sambashare/BacArbeit/cocoval2017/000000396338.jpg,3.1808473769997363,"['0: person', '7: truck', '2: car', '0: person', '2: car', '26: handbag', '3: motorcycle', '0: person', '0: person', '0: person']","[0, 7, 2, 0, 2, 26, 3, 0, 0, 0]","[0.86037344, 0.81965095, 0.8030574, 0.78590244, 0.7127976, 0.67208475, 0.6218437, 0.60723394, 0.50487, 0.3196774]","[[419.15, 175.27, 60.85, 123.27], [387.22, 119.03, 230.69, 153.17], [1.95, 140.01, 287.48, 285.31], [293.19, 182.4, 42.07, 99.97], [416.04, 148.9, 222.21, 278.1], [285.48, 201.83, 27.38, 43.5], [355.95, 218.17, 38.76, 49.47], [169.86, 179.84, 32.86, 63.62], [569.96, 178.87, 28.33, 20.65], [267.75, 192.11, 28.2, 62.8]]"
2715,/home/pi/sambashare/BacArbeit/cocoval2017/000000252219.jpg,3.1925216460003867,"['0: person', '0: person', '0: person', '25: umbrella', '9: traffic light', '2: car']","[0, 0, 0, 25, 9, 2]","[0.9397853, 0.92877805, 0.91574323, 0.83054745, 0.7611429, 0.28353357]","[[6.53, 167.11, 125.33, 226.81], [507.21, 171.21, 126.0, 214.0], [324.87, 174.58, 72.48, 197.55], [560.0, 89.18, 79.6, 68.9], [338.36, 44.46, 61.2, 59.25], [614.12, 249.07, 25.59, 92.7]]"
2716,/home/pi/sambashare/BacArbeit/cocoval2017/000000338624.jpg,3.1833399579991237,"['0: person', '56: chair', '56: chair', '0: person', '0: person', '25: umbrella', '2: car', '56: chair', '2: car', '56: chair', '56: chair', '56: chair', '56: chair']","[0, 56, 56, 0, 0, 25, 2, 56, 2, 56, 56, 56, 56]","[0.91602117, 0.9027104, 0.8404816, 0.81177354, 0.79308283, 0.783755, 0.6292616, 0.6060595, 0.48564214, 0.43858564, 0.42736274, 0.4222866, 0.33462963]","[[222.8, 27.81, 78.14, 198.68], [525.94, 139.91, 111.09, 164.06], [304.18, 126.17, 54.95, 81.93], [117.97, 81.59, 13.78, 37.21], [100.41, 84.53, 14.92, 32.2], [161.21, 153.65, 43.94, 80.23], [6.23, 87.66, 18.66, 11.88], [371.48, 137.23, 73.66, 106.76], [27.06, 84.19, 31.97, 23.34], [487.33, 146.78, 86.03, 128.78], [455.23, 141.12, 45.49, 66.81], [485.05, 144.42, 51.72, 66.07], [506.74, 147.87, 67.85, 69.77]]"
2717,/home/pi/sambashare/BacArbeit/cocoval2017/000000149622.jpg,3.1810586489991692,"['14: bird', '14: bird']","[14, 14]","[0.60514235, 0.50366527]","[[155.49, 149.25, 132.37, 236.29], [372.2, 139.75, 102.2, 168.01]]"
2718,/home/pi/sambashare/BacArbeit/cocoval2017/000000335529.jpg,3.190781858000264,"['13: bench', '8: boat', '8: boat', '8: boat', '8: boat', '8: boat', '8: boat', '8: boat']","[13, 8, 8, 8, 8, 8, 8, 8]","[0.9405097, 0.6428532, 0.4433099, 0.4343386, 0.4320371, 0.37749428, 0.3550023, 0.25268698]","[[35.43, 288.89, 393.23, 177.21], [340.6, 199.67, 24.2, 18.86], [163.71, 216.1, 66.69, 50.2], [459.81, 195.58, 54.14, 17.18], [273.29, 182.68, 50.1, 15.94], [146.49, 196.18, 51.7, 13.93], [337.77, 188.38, 44.52, 12.52], [272.92, 159.56, 51.12, 39.41]]"
2719,/home/pi/sambashare/BacArbeit/cocoval2017/000000509403.jpg,3.1927232910002203,"['16: dog', '0: person', '0: person', '0: person', '29: frisbee']","[16, 0, 0, 0, 29]","[0.938503, 0.9365128, 0.9187951, 0.91134125, 0.86669123]","[[511.65, 211.44, 78.33, 136.11], [363.62, 60.27, 117.05, 311.37], [175.87, 126.7, 37.2, 107.18], [38.91, 163.23, 54.9, 129.08], [23.53, 221.85, 26.26, 24.36]]"
2720,/home/pi/sambashare/BacArbeit/cocoval2017/000000064084.jpg,3.1709716169989406,"['44: spoon', '46: banana', '39: bottle', '39: bottle', '77: teddy bear', '39: bottle']","[44, 46, 39, 39, 77, 39]","[0.8677465, 0.64003605, 0.57895374, 0.4332137, 0.37878206, 0.3056466]","[[139.78, 63.79, 132.38, 179.43], [506.08, 376.56, 132.46, 59.01], [1, 140.8, 98.01, 295.2], [1, 198.28, 51.38, 236.27], [154.46, 173.18, 475.14, 256.95], [21.4, 39.58, 132.68, 388.78]]"
2721,/home/pi/sambashare/BacArbeit/cocoval2017/000000272364.jpg,3.185956557999816,"['23: giraffe', '23: giraffe']","[23, 23]","[0.7343117, 0.5331371]","[[256.07, 86.47, 170.04, 551.52], [151.42, 139.65, 178.77, 499.44]]"
2722,/home/pi/sambashare/BacArbeit/cocoval2017/000000023023.jpg,3.1692805670008966,"['28: suitcase', '26: handbag', '28: suitcase']","[28, 26, 28]","[0.9506398, 0.87684566, 0.55800605]","[[206.15, 167.6, 205.41, 260.99], [404.11, 233.6, 164.67, 174.93], [72.42, 215.4, 142.85, 217.67]]"
2723,/home/pi/sambashare/BacArbeit/cocoval2017/000000026926.jpg,3.18247349900048,"['10: fire hydrant', '2: car', '2: car']","[10, 2, 2]","[0.86280984, 0.8446328, 0.762679]","[[126.68, 18.79, 260.42, 618.42], [133.21, 159.96, 76.24, 97.57], [61.71, 189.05, 73.56, 41.63]]"
2724,/home/pi/sambashare/BacArbeit/cocoval2017/000000541055.jpg,3.185310565000691,"['0: person', '0: person', '0: person', '0: person', '30: skis', '30: skis', '0: person']","[0, 0, 0, 0, 30, 30, 0]","[0.90189373, 0.8544746, 0.8165805, 0.7583885, 0.6960017, 0.3527184, 0.32893407]","[[369.73, 80.98, 88.39, 227.37], [268.55, 80.95, 68.58, 203.69], [149.91, 79.1, 64.38, 231.16], [197.5, 86.31, 91.99, 240.85], [74.24, 300.37, 275.81, 41.18], [249.82, 261.07, 113.97, 42.49], [208.98, 52.63, 68.05, 100.53]]"
2725,/home/pi/sambashare/BacArbeit/cocoval2017/000000334417.jpg,3.1894068339988735,"['0: person', '27: tie', '54: donut', '0: person']","[0, 27, 54, 0]","[0.8770762, 0.8255446, 0.7641288, 0.316624]","[[134.91, 73.82, 469.29, 346.34], [328.53, 348.81, 37.72, 56.19], [277.72, 214.26, 71.57, 41.25], [162.07, 137.51, 328.83, 202.15]]"
2726,/home/pi/sambashare/BacArbeit/cocoval2017/000000407518.jpg,3.1826609790005023,"['14: bird', '17: horse']","[14, 17]","[0.80108446, 0.4217493]","[[361.75, 90.81, 200.51, 302.94], [11.83, 320.52, 623.11, 104.44]]"
2727,/home/pi/sambashare/BacArbeit/cocoval2017/000000281414.jpg,3.1847891150009673,"['0: person', '26: handbag', '67: cell phone', '58: potted plant']","[0, 26, 67, 58]","[0.87787235, 0.7940756, 0.5548865, 0.3825889]","[[65.43, 104.79, 252.75, 487.51], [280.01, 298.5, 162.71, 105.03], [199.35, 248.37, 32.98, 14.59], [299.2, 125.78, 143.43, 192.23]]"
2728,/home/pi/sambashare/BacArbeit/cocoval2017/000000002261.jpg,3.178745204999359,"['0: person', '37: surfboard']","[0, 37]","[0.714435, 0.53247803]","[[258.34, 150.22, 124.57, 135.19], [256.93, 250.06, 96.06, 47.85]]"
2729,/home/pi/sambashare/BacArbeit/cocoval2017/000000416745.jpg,3.189698555001087,"['61: toilet', '71: sink', '71: sink']","[61, 71, 71]","[0.8609921, 0.6506744, 0.25652096]","[[287.25, 418.95, 86.27, 185.02], [176.1, 393.95, 49.66, 11.56], [387.33, 367.91, 31.58, 35.78]]"
2730,/home/pi/sambashare/BacArbeit/cocoval2017/000000032735.jpg,3.1918801659994642,"['0: person', '0: person', '30: skis', '30: skis']","[0, 0, 30, 30]","[0.8817028, 0.8816413, 0.6139469, 0.5168509]","[[592.44, 216.39, 47.25, 105.19], [149.12, 16.07, 130.94, 138.96], [554.92, 311.23, 84.67, 12.14], [126.93, 119.75, 208.31, 96.27]]"
2731,/home/pi/sambashare/BacArbeit/cocoval2017/000000393226.jpg,3.185620413001743,"['0: person', '2: car', '7: truck', '2: car', '7: truck', '2: car', '2: car', '9: traffic light', '2: car', '9: traffic light', '9: traffic light']","[0, 2, 7, 2, 7, 2, 2, 9, 2, 9, 9]","[0.9244885, 0.91934377, 0.9183981, 0.9096892, 0.89275783, 0.79912245, 0.7814066, 0.5865353, 0.47237432, 0.35434055, 0.29707772]","[[92.49, 194.14, 61.55, 143.95], [37.78, 207.0, 68.11, 40.05], [130.07, 124.85, 286.42, 185.38], [1, 208.45, 39.13, 41.34], [505.64, 184.62, 130.76, 95.68], [451.43, 206.96, 62.29, 18.47], [427.34, 202.2, 51.61, 22.09], [587.3, 110.29, 9.14, 20.42], [404.99, 208.97, 25.1, 14.74], [446.47, 120.46, 10.08, 19.72], [495.8, 173.3, 11.13, 10.13]]"
2732,/home/pi/sambashare/BacArbeit/cocoval2017/000000042889.jpg,3.1785518059987226,"['66: keyboard', '64: mouse', '77: teddy bear', '66: keyboard']","[66, 64, 77, 66]","[0.9192422, 0.75766945, 0.5476496, 0.46458966]","[[68.1, 376.45, 278.55, 122.44], [133.24, 329.9, 65.13, 56.81], [64.14, 25.96, 284.5, 356.26], [337.61, 241.2, 37.18, 151.41]]"
2733,/home/pi/sambashare/BacArbeit/cocoval2017/000000419601.jpg,3.189204203999907,"['57: couch', '57: couch', '57: couch', '56: chair', '73: book', '73: book']","[57, 57, 57, 56, 73, 73]","[0.91337, 0.8438995, 0.8178985, 0.74917656, 0.45703197, 0.27591452]","[[38.8, 132.95, 163.46, 95.5], [458.03, 191.75, 41.72, 71.44], [150.25, 173.01, 192.08, 131.1], [322.81, 155.9, 85.73, 81.1], [145.33, 194.25, 37.77, 10.63], [408.0, 196.84, 34.0, 8.86]]"
2734,/home/pi/sambashare/BacArbeit/cocoval2017/000000567740.jpg,3.1833595930002048,"['0: person', '0: person', '30: skis', '30: skis']","[0, 0, 30, 30]","[0.94561994, 0.9160285, 0.8665501, 0.81996834]","[[1.21, 119.09, 216.19, 307.95], [436.7, 116.7, 151.11, 359.72], [51.49, 393.47, 227.52, 69.79], [342.96, 403.04, 273.61, 76.77]]"
2735,/home/pi/sambashare/BacArbeit/cocoval2017/000000022969.jpg,3.184351161999075,"['23: giraffe', '23: giraffe']","[23, 23]","[0.9446571, 0.9260053]","[[65.86, 186.28, 112.89, 99.38], [317.27, 75.5, 54.09, 192.34]]"
2736,/home/pi/sambashare/BacArbeit/cocoval2017/000000459467.jpg,3.1881052689986973,['4: airplane'],[4],[0.89314055],"[[113.22, 194.56, 360.0, 58.67]]"
2737,/home/pi/sambashare/BacArbeit/cocoval2017/000000180135.jpg,3.1787626299992553,"['36: skateboard', '0: person', '65: remote']","[36, 0, 65]","[0.75415677, 0.6274318, 0.27235344]","[[1, 347.48, 234.22, 145.83], [3.36, 1.43, 249.82, 495.28], [194.22, 108.07, 46.35, 111.67]]"
2738,/home/pi/sambashare/BacArbeit/cocoval2017/000000416104.jpg,3.188902808999046,"['56: chair', '56: chair', '0: person', '56: chair', '0: person', '56: chair', '0: person', '56: chair', '39: bottle', '60: dining table', '39: bottle', '40: wine glass', '0: person', '56: chair', '39: bottle', '0: person', '0: person', '25: umbrella', '0: person', '39: bottle', '56: chair', '56: chair', '0: person', '60: dining table', '39: bottle', '25: umbrella', '0: person', '0: person', '0: person', '60: dining table', '25: umbrella', '0: person']","[56, 56, 0, 56, 0, 56, 0, 56, 39, 60, 39, 40, 0, 56, 39, 0, 0, 25, 0, 39, 56, 56, 0, 60, 39, 25, 0, 0, 0, 60, 25, 0]","[0.9184065, 0.9143458, 0.86452556, 0.8573399, 0.8436132, 0.84053206, 0.8383464, 0.82439405, 0.79145044, 0.77763957, 0.77717906, 0.7402159, 0.7323033, 0.7176375, 0.66724557, 0.6586074, 0.64369434, 0.61274105, 0.60210747, 0.5611623, 0.5587169, 0.5468127, 0.5440932, 0.52419513, 0.45521966, 0.44212642, 0.40189117, 0.3747098, 0.35962796, 0.2947409, 0.27079916, 0.26631063]","[[1, 350.78, 140.66, 128.54], [316.45, 352.63, 206.06, 97.23], [358.17, 223.21, 163.18, 197.17], [534.89, 389.38, 104.69, 63.33], [526.49, 221.45, 110.02, 112.6], [245.47, 316.6, 103.64, 161.83], [352.95, 157.33, 115.6, 139.14], [104.89, 326.61, 83.83, 153.39], [592.81, 299.3, 16.71, 56.15], [284.19, 431.59, 353.23, 47.98], [566.12, 298.82, 20.53, 59.13], [539.52, 316.19, 21.53, 39.27], [157.89, 246.63, 73.93, 151.23], [249.44, 296.33, 28.95, 37.35], [621.78, 288.23, 17.38, 50.56], [266.98, 229.17, 97.92, 180.97], [55.81, 232.42, 102.27, 125.11], [490.25, 183.77, 84.9, 33.43], [465.25, 230.14, 48.43, 86.37], [475.05, 289.68, 17.78, 43.19], [525.3, 271.54, 18.89, 29.05], [152.56, 308.18, 18.34, 37.3], [131.16, 238.64, 54.69, 93.59], [528.59, 345.77, 92.98, 66.46], [493.2, 289.0, 16.98, 44.08], [1.23, 16.71, 344.52, 164.2], [529.09, 235.84, 15.5, 28.49], [540.68, 236.19, 34.54, 42.56], [616.46, 320.83, 22.91, 69.3], [486.0, 321.94, 59.15, 38.2], [215.59, 1.27, 424.23, 164.4], [506.48, 239.97, 19.85, 24.57]]"
2739,/home/pi/sambashare/BacArbeit/cocoval2017/000000069795.jpg,3.1800007060010103,"['75: vase', '58: potted plant']","[75, 58]","[0.84236896, 0.53834605]","[[167.37, 249.33, 174.54, 156.31], [165.63, 103.05, 265.96, 301.81]]"
2740,/home/pi/sambashare/BacArbeit/cocoval2017/000000499031.jpg,3.1739113769999676,"['0: person', '0: person', '0: person', '24: backpack']","[0, 0, 0, 24]","[0.951833, 0.9407633, 0.9295643, 0.25310156]","[[288.42, 146.25, 137.78, 433.45], [121.42, 193.83, 117.44, 383.13], [2.66, 171.46, 105.96, 410.41], [1, 225.93, 25.53, 198.53]]"
2741,/home/pi/sambashare/BacArbeit/cocoval2017/000000103723.jpg,3.19164066400117,"['0: person', '20: elephant', '26: handbag', '0: person', '0: person', '0: person', '0: person', '0: person', '0: person', '0: person', '25: umbrella']","[0, 20, 26, 0, 0, 0, 0, 0, 0, 0, 25]","[0.94140863, 0.92876196, 0.6910614, 0.49247324, 0.457575, 0.38231477, 0.33955905, 0.31816876, 0.31027862, 0.29179388, 0.27508354]","[[341.2, 333.8, 138.38, 304.25], [158.57, 222.04, 227.43, 350.1], [426.99, 400.59, 53.01, 71.63], [160.82, 378.07, 14.35, 34.68], [366.18, 386.62, 10.79, 34.45], [394.24, 384.88, 10.12, 21.53], [403.83, 383.5, 14.48, 25.71], [376.09, 390.16, 10.11, 30.7], [385.68, 387.51, 12.31, 32.74], [132.4, 375.23, 14.32, 35.49], [156.95, 374.36, 19.86, 17.09]]"
2742,/home/pi/sambashare/BacArbeit/cocoval2017/000000359833.jpg,3.1873602499999834,['0: person'],[0],[0.49513063],"[[74.23, 325.28, 372.9, 314.72]]"
2743,/home/pi/sambashare/BacArbeit/cocoval2017/000000061584.jpg,3.1798033349987236,"['56: chair', '0: person', '17: horse', '56: chair', '56: chair', '45: bowl']","[56, 0, 17, 56, 56, 45]","[0.88164335, 0.875257, 0.87399226, 0.82789433, 0.7596336, 0.43162906]","[[57.67, 163.85, 44.04, 65.54], [231.23, 97.01, 64.83, 184.59], [255.28, 162.45, 66.87, 119.45], [1, 167.71, 32.48, 68.01], [22.41, 161.88, 33.83, 65.81], [53.54, 342.39, 63.69, 31.57]]"
2744,/home/pi/sambashare/BacArbeit/cocoval2017/000000431876.jpg,3.183695522000562,"['17: horse', '17: horse', '0: person', '0: person', '9: traffic light', '0: person', '0: person', '17: horse', '17: horse', '24: backpack', '0: person', '0: person', '0: person', '24: backpack']","[17, 17, 0, 0, 9, 0, 0, 17, 17, 24, 0, 0, 0, 24]","[0.92913973, 0.77868396, 0.7519826, 0.72956645, 0.6825605, 0.6153852, 0.5904551, 0.5690683, 0.5432217, 0.44907048, 0.43748972, 0.40674144, 0.38561022, 0.31269658]","[[177.43, 363.69, 228.3, 183.05], [20.76, 374.06, 144.25, 145.62], [131.04, 329.78, 29.54, 49.54], [175.8, 325.75, 39.45, 54.04], [126.01, 275.49, 19.88, 64.81], [226.77, 326.28, 39.33, 65.91], [275.16, 318.14, 57.03, 89.09], [83.52, 365.0, 110.98, 155.68], [126.01, 365.56, 113.72, 168.25], [367.23, 383.71, 49.87, 62.26], [222.24, 326.51, 45.91, 197.72], [330.47, 360.54, 36.04, 150.08], [329.98, 357.03, 31.33, 45.31], [388.43, 398.66, 28.37, 46.36]]"
2745,/home/pi/sambashare/BacArbeit/cocoval2017/000000467776.jpg,3.1853281450003124,"['17: horse', '19: cow', '18: sheep', '7: truck', '18: sheep', '18: sheep', '18: sheep', '18: sheep']","[17, 19, 18, 7, 18, 18, 18, 18]","[0.94067854, 0.93565977, 0.8240244, 0.8198768, 0.7195538, 0.7097138, 0.64121556, 0.28983486]","[[264.63, 84.26, 178.15, 279.71], [117.9, 214.39, 108.41, 164.44], [121.49, 75.35, 24.14, 12.76], [1, 76.29, 183.37, 56.03], [160.79, 74.54, 13.0, 12.23], [79.99, 74.65, 17.37, 11.86], [93.21, 71.62, 17.38, 14.3], [15.45, 79.99, 20.6, 10.36]]"
2746,/home/pi/sambashare/BacArbeit/cocoval2017/000000286907.jpg,3.1803872370001045,"['61: toilet', '39: bottle']","[61, 39]","[0.891034, 0.7644901]","[[190.27, 292.27, 190.11, 270.49], [218.55, 517.22, 17.45, 64.72]]"
2747,/home/pi/sambashare/BacArbeit/cocoval2017/000000001000.jpg,3.1943439389997366,"['0: person', '0: person', '0: person', '0: person', '0: person', '0: person', '0: person', '38: tennis racket', '0: person', '26: handbag', '0: person', '0: person', '38: tennis racket', '26: handbag', '0: person', '0: person', '24: backpack']","[0, 0, 0, 0, 0, 0, 0, 38, 0, 26, 0, 0, 38, 26, 0, 0, 24]","[0.9140476, 0.9091267, 0.88894737, 0.88700885, 0.84450084, 0.8359258, 0.76048535, 0.7288495, 0.72218364, 0.6769831, 0.66061044, 0.6396584, 0.6330559, 0.5749053, 0.4070387, 0.27245352, 0.25389686]","[[504.83, 191.23, 134.58, 288.49], [410.28, 212.54, 114.97, 267.46], [265.93, 98.63, 89.73, 316.86], [115.35, 151.08, 81.62, 230.68], [330.89, 154.16, 85.42, 319.55], [44.26, 185.95, 69.2, 210.12], [436.95, 108.15, 60.75, 113.89], [46.91, 293.95, 47.84, 98.76], [389.58, 159.39, 79.8, 310.97], [412.87, 407.45, 50.93, 52.63], [201.46, 177.26, 93.5, 238.55], [352.47, 121.53, 48.85, 86.48], [217.39, 220.91, 53.22, 92.49], [19.0, 232.09, 47.09, 116.35], [402.11, 117.2, 42.44, 89.44], [355.92, 122.4, 44.28, 36.32], [211.82, 163.29, 14.34, 44.33]]"
2748,/home/pi/sambashare/BacArbeit/cocoval2017/000000096960.jpg,3.1758132109989674,['21: bear'],[21],[0.8558574],"[[17.46, 119.12, 418.25, 299.29]]"
2749,/home/pi/sambashare/BacArbeit/cocoval2017/000000367386.jpg,3.1819821940007387,"['57: couch', '57: couch', '65: remote', '41: cup', '73: book', '73: book', '58: potted plant', '58: potted plant', '73: book', '73: book', '65: remote', '73: book', '56: chair', '66: keyboard', '58: potted plant', '58: potted plant', '75: vase']","[57, 57, 65, 41, 73, 73, 58, 58, 73, 73, 65, 73, 56, 66, 58, 58, 75]","[0.92331254, 0.91012996, 0.7620544, 0.6826529, 0.63505405, 0.6210897, 0.61478597, 0.5431921, 0.5233782, 0.50473654, 0.47820646, 0.4775841, 0.4475006, 0.4287469, 0.38139912, 0.2998494, 0.29452208]","[[314.5, 236.64, 324.09, 240.45], [72.1, 249.72, 218.12, 136.05], [364.94, 373.02, 39.0, 16.56], [341.47, 370.75, 18.55, 23.23], [364.04, 396.4, 48.1, 22.22], [363.69, 419.6, 51.98, 22.76], [88.94, 242.96, 33.0, 24.63], [119.23, 234.43, 64.05, 31.36], [362.98, 405.56, 50.78, 22.07], [337.9, 411.74, 10.95, 19.03], [359.19, 369.74, 30.75, 13.0], [296.6, 404.44, 46.6, 28.85], [2.22, 183.65, 64.89, 151.51], [1, 420.36, 48.3, 59.61], [269.93, 200.43, 58.92, 149.21], [147.32, 244.78, 36.14, 19.85], [283.14, 262.07, 37.71, 90.16]]"
2750,/home/pi/sambashare/BacArbeit/cocoval2017/000000491366.jpg,3.1876264269994863,"['0: person', '62: tv', '57: couch', '0: person', '65: remote', '56: chair', '60: dining table', '65: remote', '73: book', '0: person']","[0, 62, 57, 0, 65, 56, 60, 65, 73, 0]","[0.92106134, 0.8524422, 0.77079624, 0.67734736, 0.41582283, 0.3163507, 0.31468126, 0.26906776, 0.25501597, 0.25354907]","[[1, 58.32, 179.96, 315.84], [408.49, 115.7, 91.28, 138.92], [1, 273.21, 102.13, 101.4], [89.24, 115.41, 121.13, 249.57], [131.26, 244.18, 50.35, 23.31], [125.84, 342.13, 78.92, 32.59], [428.18, 320.15, 71.43, 54.04], [219.6, 261.15, 32.31, 10.75], [415.58, 186.97, 40.54, 55.78], [86.67, 115.2, 93.08, 144.59]]"
2751,/home/pi/sambashare/BacArbeit/cocoval2017/000000423519.jpg,3.184805413999129,"['5: bus', '0: person']","[5, 0]","[0.92747223, 0.5059714]","[[15.09, 222.99, 424.68, 309.0], [454.44, 396.59, 5.41, 36.02]]"
2752,/home/pi/sambashare/BacArbeit/cocoval2017/000000571008.jpg,3.1886473380000098,['11: stop sign'],[11],[0.73086435],"[[145.8, 46.58, 351.29, 327.71]]"
2753,/home/pi/sambashare/BacArbeit/cocoval2017/000000232088.jpg,3.187717810000322,"['62: tv', '56: chair', '57: couch']","[62, 56, 57]","[0.903331, 0.8091774, 0.6321912]","[[57.33, 150.51, 151.99, 101.68], [210.93, 278.29, 53.98, 47.24], [144.82, 267.73, 365.57, 209.56]]"
2754,/home/pi/sambashare/BacArbeit/cocoval2017/000000261712.jpg,3.1799914659986825,"['23: giraffe', '23: giraffe']","[23, 23]","[0.94471335, 0.906324]","[[326.05, 155.32, 137.01, 190.1], [210.04, 176.65, 58.81, 147.78]]"
2755,/home/pi/sambashare/BacArbeit/cocoval2017/000000044590.jpg,3.1856448210000963,"['1: bicycle', '25: umbrella', '25: umbrella', '1: bicycle', '1: bicycle', '1: bicycle', '0: person', '25: umbrella', '25: umbrella', '25: umbrella', '1: bicycle', '1: bicycle', '1: bicycle', '25: umbrella', '1: bicycle', '1: bicycle']","[1, 25, 25, 1, 1, 1, 0, 25, 25, 25, 1, 1, 1, 25, 1, 1]","[0.65776867, 0.65002173, 0.6242968, 0.6013997, 0.5325946, 0.5076841, 0.45918962, 0.45370725, 0.44472954, 0.39301586, 0.37876993, 0.36381984, 0.33170426, 0.32711443, 0.3182582, 0.31679234]","[[310.86, 105.53, 61.84, 78.04], [450.74, 94.44, 31.85, 67.03], [429.31, 98.2, 23.51, 56.16], [4.05, 120.36, 62.69, 72.62], [208.7, 132.28, 61.8, 44.64], [66.73, 135.54, 92.69, 54.23], [59.54, 96.18, 54.27, 91.49], [483.88, 94.77, 24.83, 50.53], [608.66, 82.42, 29.47, 61.25], [584.38, 85.97, 23.61, 53.55], [529.21, 122.38, 57.58, 36.09], [378.95, 125.26, 36.69, 35.67], [114.54, 135.33, 45.6, 48.6], [538.54, 96.24, 42.57, 48.71], [276.27, 127.53, 41.67, 42.75], [187.81, 130.11, 27.88, 39.37]]"
2756,/home/pi/sambashare/BacArbeit/cocoval2017/000000320664.jpg,3.1938321739999083,"['44: spoon', '44: spoon', '52: hot dog', '43: knife', '42: fork']","[44, 44, 52, 43, 42]","[0.90888625, 0.8526872, 0.70631886, 0.30681565, 0.26991275]","[[253.05, 1, 141.37, 121.95], [400.29, 143.93, 238.38, 50.88], [156.22, 213.0, 204.59, 266.66], [1, 82.54, 85.95, 80.32], [20.89, 195.26, 83.57, 283.8]]"
2757,/home/pi/sambashare/BacArbeit/cocoval2017/000000184324.jpg,3.187236400999609,"['5: bus', '0: person', '2: car', '0: person', '2: car', '2: car', '1: bicycle', '2: car', '1: bicycle', '0: person', '1: bicycle', '0: person', '0: person', '0: person', '0: person', '0: person', '26: handbag', '0: person', '1: bicycle', '0: person', '0: person', '0: person', '2: car', '0: person', '1: bicycle', '11: stop sign', '0: person', '26: handbag', '2: car', '1: bicycle']","[5, 0, 2, 0, 2, 2, 1, 2, 1, 0, 1, 0, 0, 0, 0, 0, 26, 0, 1, 0, 0, 0, 2, 0, 1, 11, 0, 26, 2, 1]","[0.87378, 0.8281002, 0.81557703, 0.7802247, 0.7489466, 0.7098061, 0.69522685, 0.68537414, 0.6628526, 0.6578034, 0.6330386, 0.60841405, 0.59490526, 0.59042734, 0.55787534, 0.533689, 0.50196224, 0.46741864, 0.45760867, 0.4568436, 0.3965601, 0.39518946, 0.38561675, 0.36028078, 0.34742898, 0.34430704, 0.32112026, 0.30867872, 0.30082092, 0.27818152]","[[118.62, 208.8, 38.78, 50.2], [349.41, 235.76, 21.39, 52.02], [275.62, 237.58, 70.74, 33.15], [79.82, 241.04, 55.4, 146.73], [427.8, 242.47, 33.82, 19.26], [253.62, 234.25, 18.01, 16.58], [456.64, 272.83, 25.3, 40.76], [457.28, 242.48, 18.08, 15.96], [458.4, 272.75, 93.09, 147.81], [414.67, 249.51, 24.86, 61.15], [544.98, 310.22, 49.4, 100.26], [31.82, 234.83, 51.22, 144.53], [435.19, 248.82, 22.2, 59.33], [307.9, 236.17, 16.36, 34.96], [566.14, 255.74, 27.9, 63.89], [243.04, 230.2, 13.85, 27.42], [415.28, 263.06, 18.66, 24.41], [550.2, 259.29, 24.12, 58.26], [454.85, 304.13, 80.46, 44.65], [33.35, 224.18, 15.78, 27.33], [191.45, 235.71, 17.56, 15.13], [233.43, 228.17, 12.35, 30.36], [294.21, 232.06, 16.59, 7.45], [47.9, 218.28, 17.16, 26.56], [360.91, 246.89, 25.61, 56.93], [471.67, 190.83, 12.65, 20.94], [1, 222.15, 34.02, 106.88], [1, 300.99, 13.39, 44.57], [269.71, 235.91, 10.62, 20.55], [356.58, 268.38, 13.69, 28.28]]"
2758,/home/pi/sambashare/BacArbeit/cocoval2017/000000229753.jpg,3.1810413350012823,"['23: giraffe', '23: giraffe']","[23, 23]","[0.8997836, 0.8543809]","[[394.63, 151.62, 139.19, 275.26], [198.13, 209.43, 165.38, 216.91]]"
2759,/home/pi/sambashare/BacArbeit/cocoval2017/000000057760.jpg,3.19274387599944,"['0: person', '33: kite', '0: person', '16: dog', '0: person', '0: person', '0: person', '0: person', '0: person', '0: person', '0: person', '0: person', '0: person', '0: person', '0: person', '0: person', '0: person', '0: person']","[0, 33, 0, 16, 0, 0, 0, 0, 0, 0, 0, 0, 0, 0, 0, 0, 0, 0]","[0.78306, 0.7162512, 0.68665206, 0.65270656, 0.5477807, 0.54723036, 0.53654444, 0.5051854, 0.47816452, 0.47728956, 0.45767137, 0.43620622, 0.41699183, 0.39530352, 0.39511928, 0.38434884, 0.34543857, 0.30003142]","[[73.14, 209.09, 12.23, 22.22], [337.02, 107.68, 6.65, 17.6], [238.97, 215.82, 10.66, 19.94], [115.13, 232.5, 14.41, 8.54], [238.12, 202.65, 6.31, 18.9], [186.76, 200.61, 9.44, 19.99], [125.65, 214.91, 10.08, 26.0], [454.46, 201.52, 7.16, 16.99], [286.75, 201.71, 6.29, 14.04], [116.89, 208.72, 10.58, 26.6], [345.46, 206.34, 6.66, 11.02], [391.19, 210.2, 7.34, 20.28], [140.6, 207.37, 19.48, 19.52], [174.93, 204.03, 8.89, 15.74], [167.19, 197.83, 10.08, 18.98], [117.5, 198.83, 6.92, 13.98], [220.79, 202.28, 7.67, 20.74], [214.32, 202.72, 7.52, 12.11]]"
2760,/home/pi/sambashare/BacArbeit/cocoval2017/000000385719.jpg,3.192813521998687,"['63: laptop', '64: mouse', '62: tv', '62: tv', '64: mouse', '66: keyboard', '66: keyboard', '62: tv', '65: remote', '66: keyboard', '73: book', '66: keyboard']","[63, 64, 62, 62, 64, 66, 66, 62, 65, 66, 73, 66]","[0.93498224, 0.9096351, 0.8776816, 0.87174433, 0.85118866, 0.77951837, 0.7141242, 0.61294067, 0.5461161, 0.43728063, 0.40202445, 0.28643084]","[[254.09, 206.2, 140.95, 106.42], [519.25, 336.62, 34.37, 26.92], [372.7, 62.69, 168.46, 145.75], [117.86, 91.23, 134.89, 117.29], [432.01, 325.39, 28.45, 23.72], [178.78, 332.67, 203.37, 27.81], [46.64, 285.23, 182.95, 21.91], [1, 190.51, 53.54, 219.25], [95.91, 272.94, 38.46, 16.47], [259.98, 284.01, 123.57, 13.89], [533.41, 19.01, 57.65, 62.82], [184.86, 321.95, 195.15, 14.84]]"
2761,/home/pi/sambashare/BacArbeit/cocoval2017/000000523807.jpg,3.186553303999972,"['39: bottle', '39: bottle', '39: bottle', '39: bottle']","[39, 39, 39, 39]","[0.7967563, 0.5938302, 0.5712197, 0.3088164]","[[363.86, 265.2, 77.74, 109.57], [16.32, 257.8, 106.19, 117.16], [125.04, 254.05, 86.11, 120.52], [1, 281.37, 49.53, 93.02]]"
2762,/home/pi/sambashare/BacArbeit/cocoval2017/000000127182.jpg,3.180508206000013,"['68: microwave', '69: oven', '58: potted plant', '43: knife', '43: knife', '69: oven', '71: sink']","[68, 69, 58, 43, 43, 69, 71]","[0.9037461, 0.85129035, 0.8057817, 0.52995324, 0.52371484, 0.47517556, 0.435112]","[[52.04, 151.5, 85.85, 118.7], [2.68, 317.88, 190.16, 306.15], [314.27, 263.79, 71.87, 95.64], [9.9, 345.9, 27.33, 29.15], [1.52, 336.94, 28.88, 29.29], [257.27, 380.85, 125.27, 162.0], [389.27, 357.73, 37.42, 17.87]]"
2763,/home/pi/sambashare/BacArbeit/cocoval2017/000000245513.jpg,3.1976922009998816,"['23: giraffe', '14: bird', '25: umbrella']","[23, 14, 25]","[0.9458129, 0.6230153, 0.43649375]","[[194.33, 126.87, 97.0, 155.86], [322.8, 256.42, 13.94, 42.3], [479.56, 161.65, 20.16, 14.67]]"
2764,/home/pi/sambashare/BacArbeit/cocoval2017/000000410934.jpg,3.1741854659994715,['50: broccoli'],[50],[0.86482507],"[[188.97, 143.88, 109.41, 104.13]]"
2765,/home/pi/sambashare/BacArbeit/cocoval2017/000000167353.jpg,3.1898424539995176,['74: clock'],[74],[0.91773367],"[[1, 39.41, 312.65, 277.93]]"
2766,/home/pi/sambashare/BacArbeit/cocoval2017/000000517832.jpg,3.1939284689997294,"['16: dog', '57: couch']","[16, 57]","[0.89571506, 0.31600356]","[[125.7, 215.43, 350.86, 356.44], [12.12, 152.84, 627.88, 452.06]]"
2767,/home/pi/sambashare/BacArbeit/cocoval2017/000000253386.jpg,3.173214952001217,"['16: dog', '18: sheep', '0: person']","[16, 18, 0]","[0.798317, 0.28356302, 0.2669686]","[[138.71, 24.84, 341.33, 307.51], [396.38, 1, 102.77, 330.76], [1, 4.6, 76.87, 264.62]]"
2768,/home/pi/sambashare/BacArbeit/cocoval2017/000000446207.jpg,3.1825366520006355,['74: clock'],[74],[0.6913021],"[[106.7, 285.04, 397.69, 178.97]]"
2769,/home/pi/sambashare/BacArbeit/cocoval2017/000000559543.jpg,3.193361970001206,"['0: person', '57: couch', '56: chair', '75: vase', '65: remote', '56: chair']","[0, 57, 56, 75, 65, 56]","[0.92988, 0.9273657, 0.7950794, 0.73783696, 0.6940848, 0.2610776]","[[215.6, 119.27, 101.75, 213.73], [332.75, 161.75, 166.37, 169.89], [83.62, 161.05, 141.12, 141.96], [381.57, 119.45, 20.37, 48.4], [266.26, 184.05, 31.84, 49.39], [460.81, 311.87, 38.87, 20.81]]"
2770,/home/pi/sambashare/BacArbeit/cocoval2017/000000299609.jpg,3.1859517579996464,['17: horse'],[17],[0.9127955],"[[186.89, 323.54, 104.01, 79.68]]"
2771,/home/pi/sambashare/BacArbeit/cocoval2017/000000024021.jpg,3.190704663998986,"['27: tie', '0: person', '0: person', '27: tie', '0: person', '0: person', '0: person', '0: person', '0: person', '0: person', '27: tie', '27: tie', '27: tie', '27: tie', '0: person', '27: tie', '27: tie']","[27, 0, 0, 27, 0, 0, 0, 0, 0, 0, 27, 27, 27, 27, 0, 27, 27]","[0.6154659, 0.48024514, 0.43246943, 0.42099965, 0.39569443, 0.35793847, 0.34961548, 0.3351909, 0.31716564, 0.3027157, 0.27439427, 0.2728122, 0.27195522, 0.26951128, 0.2646339, 0.26019838, 0.25207248]","[[486.72, 274.3, 13.01, 21.13], [460.54, 242.44, 60.45, 95.0], [150.09, 225.71, 60.73, 92.34], [177.63, 252.83, 8.31, 19.38], [506.19, 237.71, 76.66, 103.97], [195.19, 229.18, 89.52, 95.72], [393.76, 251.42, 79.08, 87.53], [327.46, 239.17, 62.11, 93.2], [576.64, 240.78, 62.92, 89.97], [92.77, 223.41, 66.52, 95.57], [230.99, 249.69, 7.38, 23.25], [527.28, 266.89, 8.51, 19.67], [299.86, 160.2, 7.53, 16.31], [275.12, 193.96, 4.89, 10.95], [280.43, 239.48, 62.14, 86.14], [112.14, 106.94, 5.44, 11.1], [67.77, 204.39, 7.42, 11.27]]"
2772,/home/pi/sambashare/BacArbeit/cocoval2017/000000465585.jpg,3.187769414000286,"['50: broccoli', '50: broccoli']","[50, 50]","[0.67058754, 0.5303723]","[[331.73, 495.78, 85.99, 78.86], [356.32, 400.61, 69.98, 69.24]]"
2773,/home/pi/sambashare/BacArbeit/cocoval2017/000000208208.jpg,3.178623294999852,['4: airplane'],[4],[0.8062283],"[[269.79, 1, 367.67, 248.05]]"
2774,/home/pi/sambashare/BacArbeit/cocoval2017/000000217425.jpg,3.1854236429990124,"['74: clock', '74: clock']","[74, 74]","[0.9255946, 0.30324915]","[[227.71, 135.92, 158.97, 120.38], [415.06, 383.38, 51.55, 95.61]]"
2775,/home/pi/sambashare/BacArbeit/cocoval2017/000000303818.jpg,3.185807334999481,"['5: bus', '2: car', '0: person', '0: person', '0: person', '0: person', '0: person', '0: person', '0: person', '0: person', '0: person', '0: person', '26: handbag', '9: traffic light', '9: traffic light', '0: person', '2: car', '24: backpack']","[5, 2, 0, 0, 0, 0, 0, 0, 0, 0, 0, 0, 26, 9, 9, 0, 2, 24]","[0.9473973, 0.9403288, 0.844722, 0.84285176, 0.8409321, 0.83627963, 0.8198592, 0.77429813, 0.7593623, 0.709823, 0.6924561, 0.5974858, 0.58352053, 0.5755222, 0.4805871, 0.4530892, 0.42414188, 0.4126009]","[[313.89, 64.29, 165.08, 245.12], [3.97, 197.25, 130.53, 77.35], [153.37, 191.26, 22.13, 60.55], [291.01, 201.01, 20.6, 74.63], [310.82, 200.56, 27.82, 76.87], [249.52, 197.07, 32.93, 74.03], [189.57, 195.58, 25.76, 70.01], [36.57, 181.21, 15.42, 20.29], [240.36, 194.11, 16.95, 66.62], [10.0, 184.52, 15.63, 32.24], [172.95, 190.48, 23.27, 55.76], [209.25, 186.48, 17.32, 59.9], [211.63, 230.33, 14.99, 17.4], [151.91, 116.68, 8.47, 30.93], [220.79, 129.95, 5.56, 18.5], [183.88, 170.47, 8.69, 18.07], [47.94, 165.58, 25.21, 16.53], [163.61, 199.89, 11.49, 18.35]]"
2776,/home/pi/sambashare/BacArbeit/cocoval2017/000000557884.jpg,3.1913157039998623,['75: vase'],[75],[0.4478265],"[[299.62, 387.44, 71.92, 134.14]]"
2777,/home/pi/sambashare/BacArbeit/cocoval2017/000000455981.jpg,3.184529345999181,['61: toilet'],[61],[0.7252543],"[[71.46, 13.07, 374.9, 562.6]]"
2778,/home/pi/sambashare/BacArbeit/cocoval2017/000000512476.jpg,3.1856609450005635,"['45: bowl', '71: sink', '71: sink', '41: cup', '41: cup']","[45, 71, 71, 41, 41]","[0.8646613, 0.6500011, 0.61804706, 0.5112816, 0.3357144]","[[316.14, 297.14, 109.29, 57.8], [84.53, 312.94, 253.41, 84.47], [142.58, 254.54, 252.22, 66.93], [483.86, 184.97, 155.19, 166.73], [1, 299.02, 54.06, 126.83]]"
2779,/home/pi/sambashare/BacArbeit/cocoval2017/000000530975.jpg,3.193526560000464,"['56: chair', '0: person', '0: person', '0: person', '55: cake', '0: person', '25: umbrella', '56: chair', '0: person', '0: person', '60: dining table', '24: backpack', '0: person', '58: potted plant', '56: chair']","[56, 0, 0, 0, 55, 0, 25, 56, 0, 0, 60, 24, 0, 58, 56]","[0.93730384, 0.92026055, 0.80613256, 0.80588824, 0.8015716, 0.74455124, 0.71177584, 0.6994197, 0.6651944, 0.50789154, 0.49866816, 0.39439398, 0.3846161, 0.3301136, 0.3090707]","[[283.37, 209.56, 200.72, 78.42], [109.29, 118.07, 44.9, 136.72], [321.15, 142.71, 76.5, 76.04], [1, 142.68, 99.11, 127.47], [97.87, 301.61, 342.88, 177.65], [415.49, 135.98, 59.77, 90.15], [284.87, 111.75, 117.84, 43.33], [446.66, 198.83, 28.64, 45.43], [312.38, 155.96, 26.58, 27.97], [16.49, 146.1, 29.97, 41.71], [277.17, 204.12, 45.73, 48.64], [13.06, 230.16, 39.76, 49.36], [420.51, 120.61, 23.66, 52.65], [367.01, 46.17, 95.82, 131.76], [1, 205.44, 33.75, 74.91]]"
2780,/home/pi/sambashare/BacArbeit/cocoval2017/000000054654.jpg,3.2039407629999914,"['0: person', '69: oven', '43: knife', '41: cup']","[0, 69, 43, 41]","[0.95238954, 0.69773847, 0.39070877, 0.25872308]","[[97.09, 46.4, 271.65, 592.57], [1.15, 362.6, 212.42, 275.54], [74.47, 203.4, 42.5, 80.24], [2.09, 96.99, 19.74, 42.52]]"
2781,/home/pi/sambashare/BacArbeit/cocoval2017/000000303566.jpg,3.186756310000419,"['0: person', '0: person', '0: person', '0: person', '0: person', '24: backpack', '0: person', '0: person', '0: person', '0: person', '0: person', '0: person', '0: person', '0: person', '0: person', '0: person', '0: person']","[0, 0, 0, 0, 0, 24, 0, 0, 0, 0, 0, 0, 0, 0, 0, 0, 0]","[0.8753457, 0.82214314, 0.8035837, 0.79866856, 0.79358953, 0.77295023, 0.7719185, 0.73702276, 0.728374, 0.67503744, 0.6063722, 0.58616626, 0.40382552, 0.39759564, 0.35417932, 0.33354878, 0.3110852]","[[561.84, 111.58, 73.89, 162.44], [424.36, 75.47, 56.18, 117.91], [196.79, 98.56, 54.45, 68.6], [121.86, 53.91, 41.98, 144.79], [22.29, 31.2, 122.88, 214.02], [439.87, 103.2, 27.49, 46.76], [519.84, 86.37, 62.34, 176.68], [262.72, 83.0, 47.34, 81.7], [307.11, 96.61, 32.57, 70.13], [1, 100.27, 45.97, 212.45], [361.27, 80.34, 20.63, 51.45], [463.85, 67.57, 53.06, 139.9], [543.26, 58.0, 62.93, 81.35], [166.78, 87.46, 37.22, 83.23], [397.44, 87.8, 24.94, 40.79], [486.61, 70.64, 43.11, 140.71], [329.4, 88.97, 14.08, 27.58]]"
2782,/home/pi/sambashare/BacArbeit/cocoval2017/000000572555.jpg,3.1944913349998387,['6: train'],[6],[0.93953735],"[[151.83, 57.09, 427.95, 298.49]]"
2783,/home/pi/sambashare/BacArbeit/cocoval2017/000000047121.jpg,3.1890808349999133,"['15: cat', '39: bottle', '45: bowl', '71: sink']","[15, 39, 45, 71]","[0.897948, 0.8641475, 0.3856544, 0.31667456]","[[326.25, 73.22, 312.68, 321.6], [78.59, 108.17, 58.15, 144.46], [1, 204.81, 68.35, 50.9], [1, 266.21, 639, 213.76]]"
2784,/home/pi/sambashare/BacArbeit/cocoval2017/000000128699.jpg,3.197057348001181,"['0: person', '36: skateboard', '0: person', '0: person', '0: person', '0: person', '0: person', '0: person', '0: person', '0: person', '0: person']","[0, 36, 0, 0, 0, 0, 0, 0, 0, 0, 0]","[0.94391423, 0.90107733, 0.8515394, 0.80866796, 0.74929774, 0.6505704, 0.61177266, 0.5714674, 0.4842062, 0.46476805, 0.3253799]","[[121.14, 48.05, 145.05, 164.1], [112.69, 198.42, 73.48, 37.33], [137.44, 346.19, 41.98, 39.44], [192.9, 316.41, 43.34, 47.97], [329.67, 263.47, 21.14, 56.42], [122.36, 345.66, 20.89, 45.83], [246.52, 293.58, 55.75, 45.44], [230.53, 315.93, 24.2, 32.47], [1, 407.44, 44.41, 92.29], [19.06, 392.21, 35.07, 101.38], [105.09, 367.77, 22.04, 31.23]]"
2785,/home/pi/sambashare/BacArbeit/cocoval2017/000000576052.jpg,3.188646371001596,"['17: horse', '0: person']","[17, 0]","[0.9096637, 0.8874498]","[[402.15, 148.91, 94.68, 231.67], [426.9, 90.9, 86.16, 159.52]]"
2786,/home/pi/sambashare/BacArbeit/cocoval2017/000000408120.jpg,3.2003307360009785,"['0: person', '2: car', '25: umbrella', '2: car']","[0, 2, 25, 2]","[0.87442875, 0.84527403, 0.8389806, 0.6880593]","[[285.67, 106.6, 33.6, 102.68], [268.78, 81.21, 68.62, 22.01], [257.79, 86.14, 62.51, 41.49], [348.61, 72.95, 46.25, 30.21]]"
2787,/home/pi/sambashare/BacArbeit/cocoval2017/000000532481.jpg,3.179364738998629,"['33: kite', '37: surfboard', '0: person', '2: car', '0: person', '2: car']","[33, 37, 0, 2, 0, 2]","[0.9323724, 0.89809495, 0.6895567, 0.41122904, 0.3823734, 0.28984565]","[[59.77, 43.08, 48.08, 78.42], [235.48, 157.53, 62.98, 56.19], [281.4, 370.97, 16.13, 18.42], [436.38, 294.16, 21.53, 7.41], [256.86, 180.35, 65.11, 53.57], [617.51, 289.32, 13.01, 9.51]]"
2788,/home/pi/sambashare/BacArbeit/cocoval2017/000000050326.jpg,3.187961757999801,"['0: person', '56: chair']","[0, 56]","[0.9333752, 0.48133257]","[[13.67, 28.5, 161.56, 257.76], [311.89, 1, 187.12, 250.71]]"
2789,/home/pi/sambashare/BacArbeit/cocoval2017/000000274411.jpg,3.1762867540001025,"['0: person', '38: tennis racket', '32: sports ball', '0: person']","[0, 38, 32, 0]","[0.9126815, 0.9020429, 0.5805632, 0.56049484]","[[149.46, 143.85, 121.57, 394.03], [152.11, 331.35, 35.61, 125.55], [197.04, 310.46, 19.81, 20.4], [1, 237.28, 55.36, 248.46]]"
2790,/home/pi/sambashare/BacArbeit/cocoval2017/000000523175.jpg,3.1857548450007016,"['44: spoon', '41: cup']","[44, 41]","[0.60103565, 0.3287391]","[[51.7, 70.92, 431.04, 248.34], [235.22, 1, 94.65, 12.05]]"
2791,/home/pi/sambashare/BacArbeit/cocoval2017/000000006723.jpg,3.194075987999895,"['2: car', '5: bus', '2: car', '2: car']","[2, 5, 2, 2]","[0.88523954, 0.7897802, 0.77964616, 0.75867933]","[[203.07, 201.33, 39.13, 27.47], [362.41, 193.91, 36.71, 29.48], [170.05, 201.76, 27.6, 21.6], [282.81, 201.2, 19.69, 11.19]]"
2792,/home/pi/sambashare/BacArbeit/cocoval2017/000000022755.jpg,3.198110042998451,"['5: bus', '2: car', '9: traffic light', '2: car']","[5, 2, 9, 2]","[0.87616146, 0.8654491, 0.345492, 0.32650983]","[[234.91, 188.7, 142.33, 140.02], [362.65, 227.89, 58.32, 25.51], [404.42, 211.73, 5.16, 8.41], [440.29, 225.83, 16.56, 6.84]]"
2793,/home/pi/sambashare/BacArbeit/cocoval2017/000000182021.jpg,3.1951500559989654,"['0: person', '0: person', '34: baseball bat']","[0, 0, 34]","[0.85676396, 0.8423515, 0.50027996]","[[50.08, 208.5, 113.31, 151.21], [144.23, 64.49, 163.84, 294.35], [120.95, 16.26, 64.41, 123.26]]"
2794,/home/pi/sambashare/BacArbeit/cocoval2017/000000199442.jpg,3.1757446259998687,"['0: person', '37: surfboard']","[0, 37]","[0.9243362, 0.79903114]","[[260.65, 78.77, 177.46, 162.49], [165.12, 203.48, 207.97, 56.97]]"
2795,/home/pi/sambashare/BacArbeit/cocoval2017/000000455597.jpg,3.1864501439995365,"['0: person', '45: bowl', '45: bowl', '39: bottle', '39: bottle', '44: spoon', '39: bottle', '45: bowl', '69: oven', '45: bowl', '41: cup', '72: refrigerator', '41: cup', '45: bowl', '45: bowl', '41: cup', '41: cup', '44: spoon']","[0, 45, 45, 39, 39, 44, 39, 45, 69, 45, 41, 72, 41, 45, 45, 41, 41, 44]","[0.9257063, 0.74466103, 0.6470899, 0.5773389, 0.5507704, 0.52043724, 0.48305473, 0.40093467, 0.398739, 0.39334455, 0.38831776, 0.36846328, 0.30383292, 0.29340747, 0.29314503, 0.28644544, 0.27661362, 0.26159185]","[[104.68, 225.85, 218.99, 219.36], [183.13, 165.92, 27.18, 8.47], [211.43, 167.03, 26.85, 6.68], [466.6, 159.34, 27.42, 46.84], [530.39, 161.86, 32.49, 50.55], [499.22, 287.47, 38.76, 31.13], [448.15, 174.63, 20.84, 31.27], [182.42, 150.63, 27.42, 6.92], [317.12, 324.98, 280.02, 120.45], [181.69, 151.97, 28.23, 11.99], [265.03, 158.2, 17.15, 15.24], [1, 5.21, 72.52, 436.87], [375.51, 267.4, 30.7, 41.58], [489.39, 196.62, 44.71, 12.97], [171.87, 161.67, 10.48, 10.86], [337.51, 159.28, 19.18, 10.83], [280.15, 157.27, 13.07, 16.06], [443.74, 261.78, 28.02, 21.51]]"
2796,/home/pi/sambashare/BacArbeit/cocoval2017/000000297396.jpg,3.1838200639995193,"['54: donut', '55: cake', '19: cow', '55: cake', '0: person', '19: cow', '0: person']","[54, 55, 19, 55, 0, 19, 0]","[0.594288, 0.5369086, 0.46771923, 0.43989486, 0.41000193, 0.38296807, 0.3431512]","[[209.91, 70.75, 139.72, 154.37], [69.51, 90.2, 165.48, 140.89], [354.27, 1, 144.44, 101.87], [326.32, 90.42, 173.17, 163.95], [1, 257.25, 112.36, 117.16], [278.54, 21.18, 83.19, 79.29], [1, 1, 64.57, 118.0]]"
2797,/home/pi/sambashare/BacArbeit/cocoval2017/000000273493.jpg,3.1915633779990458,"['0: person', '0: person', '38: tennis racket', '56: chair']","[0, 0, 38, 56]","[0.9034214, 0.893177, 0.3853455, 0.291739]","[[71.3, 119.79, 51.2, 126.42], [365.02, 158.23, 26.23, 46.12], [108.59, 188.58, 10.43, 17.53], [18.74, 179.49, 19.0, 24.15]]"
2798,/home/pi/sambashare/BacArbeit/cocoval2017/000000355817.jpg,3.177975688000515,"['5: bus', '0: person']","[5, 0]","[0.9522718, 0.53254825]","[[133.74, 132.04, 485.01, 199.24], [406.43, 200.87, 26.38, 45.37]]"
2799,/home/pi/sambashare/BacArbeit/cocoval2017/000000221291.jpg,3.188444953999351,"['0: person', '33: kite']","[0, 33]","[0.9533433, 0.84461135]","[[163.61, 291.62, 81.57, 207.52], [176.6, 102.26, 25.34, 47.67]]"
2800,/home/pi/sambashare/BacArbeit/cocoval2017/000000138115.jpg,3.181716940000115,"['29: frisbee', '0: person']","[29, 0]","[0.93197525, 0.5742623]","[[104.79, 319.01, 204.0, 198.86], [1.92, 4.51, 445.01, 615.99]]"
2801,/home/pi/sambashare/BacArbeit/cocoval2017/000000136334.jpg,3.179249590000836,"['0: person', '0: person', '30: skis', '0: person', '0: person']","[0, 0, 30, 0, 0]","[0.9257357, 0.73334485, 0.59962, 0.45620778, 0.28608456]","[[190.2, 277.67, 83.26, 108.11], [75.24, 281.85, 8.06, 16.39], [200.35, 379.89, 118.83, 11.72], [15.54, 287.48, 8.26, 5.67], [1, 275.89, 5.33, 8.44]]"
2802,/home/pi/sambashare/BacArbeit/cocoval2017/000000365642.jpg,3.185512430000017,"['0: person', '61: toilet', '2: car', '2: car', '2: car', '2: car', '2: car', '2: car', '2: car', '2: car', '2: car', '2: car']","[0, 61, 2, 2, 2, 2, 2, 2, 2, 2, 2, 2]","[0.9323074, 0.879081, 0.86722475, 0.81462234, 0.70043063, 0.5823899, 0.532273, 0.43772066, 0.42957923, 0.37521964, 0.3364425, 0.2974081]","[[99.31, 127.53, 254.56, 487.35], [213.99, 419.3, 112.83, 143.89], [1, 28.28, 90.36, 65.92], [386.84, 18.89, 38.94, 75.49], [106.43, 44.21, 49.96, 38.01], [193.91, 41.4, 33.32, 30.55], [155.35, 42.17, 31.75, 33.95], [221.32, 43.3, 33.88, 25.67], [292.54, 38.09, 25.0, 19.49], [1, 60.79, 12.91, 37.29], [245.14, 41.89, 32.72, 23.83], [369.25, 1, 44.86, 41.15]]"
2803,/home/pi/sambashare/BacArbeit/cocoval2017/000000575372.jpg,3.195552103999944,"['9: traffic light', '9: traffic light', '9: traffic light', '9: traffic light']","[9, 9, 9, 9]","[0.8595153, 0.8240422, 0.724353, 0.7239548]","[[405.56, 73.81, 46.04, 118.05], [266.88, 178.0, 36.82, 85.11], [119.56, 380.8, 35.03, 69.73], [602.72, 378.34, 32.96, 69.02]]"
2804,/home/pi/sambashare/BacArbeit/cocoval2017/000000138241.jpg,3.183550411999022,['50: broccoli'],[50],[0.30875012],"[[106.4, 1, 127.93, 105.74]]"
2805,/home/pi/sambashare/BacArbeit/cocoval2017/000000371472.jpg,3.1728541050015338,"['46: banana', '21: bear', '0: person', '46: banana', '46: banana', '46: banana', '46: banana']","[46, 21, 0, 46, 46, 46, 46]","[0.8127249, 0.49171218, 0.4669052, 0.46620092, 0.45877185, 0.3141297, 0.26470312]","[[53.9, 24.39, 111.08, 83.75], [454.38, 159.9, 25.4, 92.46], [3.29, 1, 38.93, 40.81], [36.42, 90.38, 88.27, 54.58], [1, 51.06, 40.56, 47.22], [26.72, 37.51, 73.69, 42.73], [370.89, 394.4, 109.11, 138.89]]"
2806,/home/pi/sambashare/BacArbeit/cocoval2017/000000369771.jpg,3.1895162830005575,"['45: bowl', '46: banana', '50: broccoli', '45: bowl']","[45, 46, 50, 45]","[0.88690746, 0.7537359, 0.4624182, 0.4514588]","[[346.17, 3.17, 293.1, 354.43], [1, 125.14, 347.54, 112.83], [144.75, 389.94, 57.07, 65.8], [1, 225.21, 360.27, 254.79]]"
2807,/home/pi/sambashare/BacArbeit/cocoval2017/000000474167.jpg,3.1913824990006106,"['39: bottle', '0: person', '0: person', '0: person', '60: dining table', '0: person']","[39, 0, 0, 0, 60, 0]","[0.9214761, 0.90500844, 0.77150553, 0.73082656, 0.36475116, 0.3577286]","[[108.76, 12.48, 78.09, 237.25], [91.19, 1, 253.54, 156.87], [344.81, 1, 32.19, 74.91], [395.47, 1.48, 23.79, 68.16], [1, 137.8, 425.5, 486.0], [332.65, 1, 20.78, 44.81]]"
2808,/home/pi/sambashare/BacArbeit/cocoval2017/000000272136.jpg,3.1877972679994855,"['6: train', '0: person']","[6, 0]","[0.29595268, 0.2805091]","[[30.96, 50.99, 609.04, 375.94], [597.01, 142.39, 42.45, 34.19]]"
2809,/home/pi/sambashare/BacArbeit/cocoval2017/000000356424.jpg,3.17160956799853,"['41: cup', '0: person', '0: person', '39: bottle', '56: chair', '41: cup', '0: person', '56: chair', '60: dining table', '2: car', '45: bowl']","[41, 0, 0, 39, 56, 41, 0, 56, 60, 2, 45]","[0.96033376, 0.9316845, 0.9203444, 0.91119176, 0.73262817, 0.68863547, 0.62874645, 0.6156741, 0.58926904, 0.5289522, 0.39379424]","[[131.96, 459.26, 106.15, 180.74], [304.01, 117.81, 175.59, 335.39], [34.72, 66.29, 296.68, 393.35], [22.56, 456.84, 70.27, 182.87], [336.7, 316.5, 142.34, 140.27], [56.69, 470.28, 59.34, 117.87], [267.48, 165.37, 53.95, 145.02], [1, 279.38, 39.93, 117.27], [6.41, 429.02, 473.37, 207.77], [326.31, 193.13, 60.25, 55.48], [364.88, 622.2, 113.76, 17.43]]"
2810,/home/pi/sambashare/BacArbeit/cocoval2017/000000350003.jpg,3.179652271001032,"['2: car', '5: bus', '0: person', '0: person']","[2, 5, 0, 0]","[0.93184906, 0.88112557, 0.7937945, 0.6225506]","[[474.57, 258.55, 54.4, 40.51], [225.39, 239.89, 136.28, 71.82], [410.77, 257.72, 14.3, 39.02], [534.95, 256.12, 16.96, 30.64]]"
2811,/home/pi/sambashare/BacArbeit/cocoval2017/000000427500.jpg,3.198539814000469,"['2: car', '8: boat']","[2, 8]","[0.8383595, 0.6924977]","[[1, 12.11, 41.23, 122.49], [188.19, 297.33, 152.94, 162.31]]"
2812,/home/pi/sambashare/BacArbeit/cocoval2017/000000556000.jpg,3.1873643750004703,"['0: person', '56: chair', '0: person', '0: person', '56: chair', '56: chair', '65: remote', '65: remote', '56: chair', '0: person', '65: remote', '65: remote']","[0, 56, 0, 0, 56, 56, 65, 65, 56, 0, 65, 65]","[0.9239773, 0.9000917, 0.87739235, 0.8277584, 0.53219223, 0.5101964, 0.47798792, 0.45615178, 0.44443774, 0.4096356, 0.29821664, 0.25770608]","[[1, 123.53, 184.55, 389.08], [132.4, 269.08, 90.21, 160.46], [219.9, 108.38, 116.62, 397.21], [449.88, 111.44, 184.88, 401.87], [303.3, 356.25, 174.11, 157.24], [312.6, 268.5, 139.22, 165.25], [233.99, 221.39, 22.5, 21.19], [220.21, 175.83, 18.86, 22.16], [232.46, 290.18, 37.85, 161.88], [158.19, 346.71, 64.17, 165.58], [1, 322.94, 18.77, 54.85], [220.45, 174.96, 22.96, 44.67]]"
2813,/home/pi/sambashare/BacArbeit/cocoval2017/000000499622.jpg,3.1729566300000442,"['3: motorcycle', '0: person', '32: sports ball']","[3, 0, 32]","[0.87062484, 0.74150205, 0.285822]","[[100.36, 84.27, 265.04, 305.97], [150.75, 41.29, 94.75, 290.64], [112.86, 1, 18.56, 13.34]]"
2814,/home/pi/sambashare/BacArbeit/cocoval2017/000000356347.jpg,3.1914687450007477,[],[],[],[]
2815,/home/pi/sambashare/BacArbeit/cocoval2017/000000478136.jpg,3.1979990119998547,"['54: donut', '54: donut', '54: donut', '54: donut', '54: donut', '54: donut', '60: dining table']","[54, 54, 54, 54, 54, 54, 60]","[0.90102935, 0.89192814, 0.8143234, 0.7935886, 0.650153, 0.6025782, 0.5969306]","[[71.57, 263.26, 180.65, 126.17], [138.68, 179.28, 161.12, 97.99], [231.87, 217.4, 129.4, 125.03], [358.91, 215.92, 153.79, 151.26], [184.95, 320.67, 223.49, 117.73], [295.51, 159.41, 132.14, 78.3], [22.81, 157.29, 494.67, 355.26]]"
2816,/home/pi/sambashare/BacArbeit/cocoval2017/000000157756.jpg,3.174873016001584,"['74: clock', '0: person', '2: car', '0: person', '0: person', '2: car', '1: bicycle', '9: traffic light', '0: person', '9: traffic light', '9: traffic light', '9: traffic light', '0: person', '2: car', '0: person', '9: traffic light', '0: person', '9: traffic light', '2: car', '0: person']","[74, 0, 2, 0, 0, 2, 1, 9, 0, 9, 9, 9, 0, 2, 0, 9, 0, 9, 2, 0]","[0.89235026, 0.8097838, 0.76121294, 0.735271, 0.72070223, 0.69105184, 0.6727181, 0.66546255, 0.6371684, 0.54262495, 0.5204815, 0.49935734, 0.46936986, 0.3966447, 0.38349083, 0.36460721, 0.3428979, 0.33394742, 0.274027, 0.2560072]","[[227.64, 151.2, 40.03, 36.63], [69.0, 436.37, 26.32, 71.73], [320.33, 445.18, 102.77, 59.98], [32.22, 436.42, 26.18, 74.63], [86.59, 438.27, 15.9, 67.32], [3.17, 441.03, 75.75, 41.16], [238.16, 464.83, 43.48, 43.7], [452.64, 409.82, 10.56, 30.7], [466.05, 452.02, 10.81, 25.92], [472.63, 401.47, 7.23, 23.9], [408.53, 387.03, 18.48, 46.88], [378.85, 363.24, 16.24, 54.29], [396.82, 444.05, 29.94, 63.54], [313.41, 462.13, 21.96, 27.69], [154.35, 441.96, 8.81, 21.82], [101.48, 374.63, 15.24, 29.03], [447.07, 450.62, 16.54, 31.3], [460.39, 416.82, 10.23, 21.33], [49.38, 441.41, 29.43, 39.52], [450.7, 451.55, 28.79, 26.26]]"
2817,/home/pi/sambashare/BacArbeit/cocoval2017/000000402334.jpg,3.1822941320006066,"['74: clock', '74: clock']","[74, 74]","[0.86333513, 0.8173392]","[[223.97, 418.12, 27.15, 32.73], [128.06, 425.17, 14.41, 33.31]]"
2818,/home/pi/sambashare/BacArbeit/cocoval2017/000000308476.jpg,3.187599932000012,"['21: bear', '32: sports ball']","[21, 32]","[0.9608477, 0.89622384]","[[67.96, 88.16, 462.11, 319.74], [525.6, 215.91, 68.75, 70.06]]"
2819,/home/pi/sambashare/BacArbeit/cocoval2017/000000198805.jpg,3.182233047000409,"['7: truck', '2: car', '2: car', '7: truck', '0: person']","[7, 2, 2, 7, 0]","[0.9546532, 0.79993576, 0.77782196, 0.42543292, 0.25933653]","[[128.62, 155.76, 484.7, 237.9], [52.33, 238.11, 86.99, 66.26], [11.07, 226.92, 127.34, 53.75], [41.75, 226.96, 58.47, 25.42], [325.71, 184.5, 24.7, 23.44]]"
2820,/home/pi/sambashare/BacArbeit/cocoval2017/000000214200.jpg,3.17846909400032,"['11: stop sign', '2: car', '2: car', '2: car']","[11, 2, 2, 2]","[0.94486535, 0.892042, 0.8254344, 0.25801337]","[[98.5, 175.8, 219.98, 261.91], [24.76, 488.05, 401.05, 146.0], [328.64, 453.78, 98.02, 32.45], [298.14, 482.3, 128.33, 60.34]]"
2821,/home/pi/sambashare/BacArbeit/cocoval2017/000000335954.jpg,3.179117278999911,"['45: bowl', '45: bowl', '44: spoon']","[45, 45, 44]","[0.87562805, 0.86550885, 0.72127974]","[[271.47, 151.37, 340.11, 364.79], [1.06, 131.34, 276.36, 408.79], [189.72, 482.49, 190.49, 129.4]]"
2822,/home/pi/sambashare/BacArbeit/cocoval2017/000000046048.jpg,3.1928155290006544,"['0: person', '59: bed', '59: bed', '73: book']","[0, 59, 59, 73]","[0.9387903, 0.8367892, 0.40209243, 0.3589644]","[[408.48, 137.93, 95.72, 134.87], [279.77, 124.88, 357.82, 354.45], [1, 197.0, 115.92, 263.58], [576.93, 243.45, 27.28, 8.84]]"
2823,/home/pi/sambashare/BacArbeit/cocoval2017/000000346968.jpg,3.202717070998915,"['0: person', '73: book', '67: cell phone', '27: tie', '73: book', '73: book', '73: book']","[0, 73, 67, 27, 73, 73, 73]","[0.91010904, 0.778687, 0.71052814, 0.5862894, 0.5740884, 0.53500986, 0.4916233]","[[35.19, 38.84, 465.39, 385.38], [427.43, 70.45, 210.81, 67.04], [370.3, 206.35, 30.24, 51.56], [121.21, 296.04, 95.41, 102.7], [429.24, 43.74, 209.82, 51.1], [413.32, 1, 225.71, 43.08], [427.62, 26.02, 212.38, 46.7]]"
2824,/home/pi/sambashare/BacArbeit/cocoval2017/000000127135.jpg,3.1868614179984434,"['16: dog', '13: bench']","[16, 13]","[0.6101782, 0.41696793]","[[60.69, 250.01, 253.22, 245.05], [388.82, 46.09, 37.86, 74.3]]"
2825,/home/pi/sambashare/BacArbeit/cocoval2017/000000150649.jpg,3.1776798050013895,"['0: person', '0: person', '0: person', '0: person', '0: person', '36: skateboard', '36: skateboard', '36: skateboard', '36: skateboard', '36: skateboard']","[0, 0, 0, 0, 0, 36, 36, 36, 36, 36]","[0.93992734, 0.92840827, 0.92636395, 0.88373923, 0.8368923, 0.6611244, 0.656052, 0.5737217, 0.56205064, 0.50113136]","[[120.09, 20.93, 73.42, 108.63], [312.94, 36.54, 63.35, 92.04], [202.0, 20.72, 73.29, 102.22], [107.97, 143.15, 87.56, 123.59], [447.61, 144.96, 52.3, 156.83], [113.1, 235.22, 34.25, 39.19], [195.96, 118.22, 43.03, 9.51], [114.89, 123.52, 44.97, 9.14], [467.41, 256.84, 32.28, 48.65], [327.75, 120.31, 50.55, 11.57]]"
2826,/home/pi/sambashare/BacArbeit/cocoval2017/000000285047.jpg,3.1830020639990835,"['41: cup', '0: person', '67: cell phone', '60: dining table', '58: potted plant']","[41, 0, 67, 60, 58]","[0.8318394, 0.7657733, 0.6831143, 0.3280443, 0.3217772]","[[195.26, 541.45, 65.06, 49.5], [1, 152.0, 424.99, 474.08], [332.26, 473.86, 73.16, 46.65], [1, 542.48, 426, 97.52], [1, 211.2, 79.57, 208.37]]"
2827,/home/pi/sambashare/BacArbeit/cocoval2017/000000158548.jpg,3.172568707999744,"['0: person', '18: sheep', '2: car', '7: truck', '0: person', '0: person', '0: person']","[0, 18, 2, 7, 0, 0, 0]","[0.9213122, 0.9202129, 0.86446524, 0.83991235, 0.7531161, 0.32901016, 0.2760466]","[[528.53, 180.77, 46.71, 78.61], [139.07, 235.58, 46.68, 71.86], [430.49, 186.62, 37.73, 17.89], [306.9, 159.72, 166.46, 44.09], [207.47, 182.38, 17.61, 41.73], [346.02, 192.46, 8.55, 12.29], [203.01, 194.61, 7.11, 13.2]]"
2828,/home/pi/sambashare/BacArbeit/cocoval2017/000000224051.jpg,3.1933162059995084,"['2: car', '1: bicycle', '2: car']","[2, 1, 2]","[0.92595553, 0.90933144, 0.61309844]","[[235.25, 161.85, 74.41, 51.48], [347.37, 79.16, 157.73, 282.01], [312.04, 174.41, 26.43, 24.05]]"
2829,/home/pi/sambashare/BacArbeit/cocoval2017/000000137106.jpg,3.187084130000585,"['0: person', '63: laptop']","[0, 63]","[0.6611136, 0.39810768]","[[14.94, 159.51, 482.34, 164.03], [97.92, 1.08, 528.23, 194.89]]"
2830,/home/pi/sambashare/BacArbeit/cocoval2017/000000127517.jpg,3.1764017830009834,"['37: surfboard', '37: surfboard', '37: surfboard', '37: surfboard', '37: surfboard', '37: surfboard', '37: surfboard', '25: umbrella', '37: surfboard', '37: surfboard']","[37, 37, 37, 37, 37, 37, 37, 25, 37, 37]","[0.93577117, 0.9216997, 0.88813204, 0.8364427, 0.82344663, 0.82308936, 0.6285582, 0.6087221, 0.5391483, 0.386402]","[[1, 1, 133.8, 447.07], [224.12, 1, 149.32, 407.51], [314.88, 1, 149.6, 394.65], [507.99, 57.68, 90.76, 299.0], [404.25, 8.08, 119.85, 375.94], [129.93, 1.38, 122.41, 434.75], [569.11, 55.06, 55.87, 290.48], [446.12, 1, 192.85, 80.68], [465.05, 15.68, 61.87, 341.39], [610.29, 77.18, 29.2, 242.9]]"
2831,/home/pi/sambashare/BacArbeit/cocoval2017/000000493864.jpg,3.180600477000553,"['0: person', '37: surfboard', '0: person']","[0, 37, 0]","[0.92897844, 0.7802776, 0.76787966]","[[122.63, 87.87, 194.8, 475.79], [233.9, 206.08, 175.93, 157.03], [422.42, 88.02, 17.16, 57.17]]"
2832,/home/pi/sambashare/BacArbeit/cocoval2017/000000235857.jpg,3.1898075659992173,"['19: cow', '19: cow', '19: cow']","[19, 19, 19]","[0.9528737, 0.95050657, 0.9083441]","[[54.88, 118.41, 266.09, 159.14], [252.94, 105.65, 295.91, 249.78], [347.32, 80.52, 113.12, 48.39]]"
2833,/home/pi/sambashare/BacArbeit/cocoval2017/000000511647.jpg,3.165422659001706,"['33: kite', '0: person', '0: person']","[33, 0, 0]","[0.60550094, 0.5545002, 0.28021264]","[[321.38, 69.66, 13.1, 15.15], [1, 1, 207.3, 330.67], [6.76, 3.04, 317.78, 474.63]]"
2834,/home/pi/sambashare/BacArbeit/cocoval2017/000000568584.jpg,3.1938621579993196,"['57: couch', '56: chair', '56: chair', '58: potted plant', '0: person']","[57, 56, 56, 58, 0]","[0.88248646, 0.73673147, 0.5444947, 0.36160162, 0.29632342]","[[1.4, 162.28, 288.46, 262.09], [328.82, 154.64, 219.44, 248.8], [452.46, 374.47, 52.58, 38.45], [34.52, 122.21, 69.93, 44.13], [383.02, 140.71, 154.55, 127.08]]"
2835,/home/pi/sambashare/BacArbeit/cocoval2017/000000517069.jpg,3.175260463000086,"['0: person', '0: person', '2: car', '2: car', '2: car', '56: chair', '67: cell phone', '26: handbag', '2: car']","[0, 0, 2, 2, 2, 56, 67, 26, 2]","[0.91098213, 0.90712976, 0.7862225, 0.633814, 0.56844133, 0.55719453, 0.5358922, 0.41518012, 0.33970848]","[[218.23, 235.98, 202.27, 242.61], [526.34, 228.95, 107.46, 250.54], [416.21, 301.87, 123.18, 54.53], [221.12, 265.93, 43.96, 28.37], [121.97, 241.68, 60.06, 27.29], [295.24, 330.16, 128.38, 149.27], [381.68, 259.4, 12.15, 15.84], [266.45, 343.41, 45.62, 34.34], [414.25, 304.27, 40.52, 33.92]]"
2836,/home/pi/sambashare/BacArbeit/cocoval2017/000000186422.jpg,3.1859316720001516,"['21: bear', '14: bird', '21: bear']","[21, 14, 21]","[0.9226307, 0.7920929, 0.5176276]","[[168.58, 106.57, 279.7, 195.64], [488.01, 276.18, 77.66, 72.86], [524.32, 143.2, 115.12, 107.55]]"
2837,/home/pi/sambashare/BacArbeit/cocoval2017/000000393469.jpg,3.1779949789997772,"['31: snowboard', '0: person']","[31, 0]","[0.8876738, 0.82921994]","[[236.63, 519.29, 150.18, 54.82], [217.72, 373.55, 67.95, 158.5]]"
2838,/home/pi/sambashare/BacArbeit/cocoval2017/000000047828.jpg,3.1900991080001404,"['8: boat', '2: car', '17: horse', '0: person', '0: person']","[8, 2, 17, 0, 0]","[0.5702276, 0.45596206, 0.38836998, 0.3828038, 0.2723831]","[[127.71, 154.96, 101.53, 59.53], [14.91, 164.66, 14.24, 9.42], [19.13, 246.03, 40.09, 61.79], [98.98, 233.94, 20.26, 58.42], [72.47, 243.44, 27.27, 52.16]]"
2839,/home/pi/sambashare/BacArbeit/cocoval2017/000000220310.jpg,3.1835642420010117,"['77: teddy bear', '13: bench', '2: car', '2: car']","[77, 13, 2, 2]","[0.7137488, 0.663495, 0.4768394, 0.35978013]","[[63.08, 30.43, 267.47, 231.67], [7.77, 34.95, 322.63, 458.43], [295.99, 55.88, 36.7, 31.85], [251.69, 53.2, 62.97, 37.24]]"
2840,/home/pi/sambashare/BacArbeit/cocoval2017/000000356505.jpg,3.1853106660000776,"['0: person', '37: surfboard']","[0, 37]","[0.9408742, 0.8114561]","[[224.77, 87.81, 176.32, 270.61], [332.05, 343.16, 150.35, 30.4]]"
2841,/home/pi/sambashare/BacArbeit/cocoval2017/000000415536.jpg,3.1731507999993482,['5: bus'],[5],[0.9159865],"[[261.32, 178.74, 128.05, 133.03]]"
2842,/home/pi/sambashare/BacArbeit/cocoval2017/000000471991.jpg,3.19263418599985,"['74: clock', '56: chair', '56: chair', '74: clock']","[74, 56, 56, 74]","[0.8547262, 0.43593806, 0.41548708, 0.34512687]","[[303.29, 118.81, 33.96, 47.95], [347.71, 234.83, 54.36, 46.21], [240.08, 236.03, 51.39, 48.01], [554.11, 41.28, 50.8, 55.44]]"
2843,/home/pi/sambashare/BacArbeit/cocoval2017/000000283037.jpg,3.17041750899989,"['2: car', '9: traffic light']","[2, 9]","[0.9214867, 0.32339424]","[[1, 355.99, 92.69, 92.29], [195.35, 169.05, 30.38, 103.05]]"
2844,/home/pi/sambashare/BacArbeit/cocoval2017/000000017959.jpg,3.168998974000715,"['0: person', '33: kite', '33: kite', '0: person', '33: kite', '33: kite', '33: kite', '33: kite', '0: person', '33: kite', '0: person', '33: kite']","[0, 33, 33, 0, 33, 33, 33, 33, 0, 33, 0, 33]","[0.8282501, 0.65914947, 0.6170473, 0.5965954, 0.5937732, 0.57527024, 0.5273651, 0.4895629, 0.38061318, 0.36304232, 0.27186546, 0.25395492]","[[5.27, 330.15, 34.26, 77.48], [446.5, 200.13, 152.57, 107.9], [355.63, 101.86, 283.44, 191.68], [122.42, 340.08, 20.19, 55.9], [14.64, 205.51, 95.54, 203.68], [154.27, 144.72, 168.46, 272.39], [240.06, 115.46, 244.04, 116.64], [227.45, 114.56, 220.53, 303.58], [538.46, 345.08, 7.66, 15.79], [120.49, 216.34, 92.08, 200.34], [406.57, 348.95, 8.55, 14.12], [1, 310.74, 6.8, 13.54]]"
2845,/home/pi/sambashare/BacArbeit/cocoval2017/000000215723.jpg,3.1704991850001534,"['0: person', '0: person', '9: traffic light', '25: umbrella', '26: handbag']","[0, 0, 9, 25, 26]","[0.8803261, 0.83826864, 0.8157515, 0.63001287, 0.288372]","[[175.65, 111.93, 121.66, 149.38], [356.58, 134.21, 108.66, 122.59], [370.36, 1, 143.05, 169.56], [82.66, 28.73, 310.9, 89.5], [203.15, 154.98, 74.51, 104.57]]"
2846,/home/pi/sambashare/BacArbeit/cocoval2017/000000451879.jpg,3.1826438099997176,"['32: sports ball', '0: person', '0: person', '0: person', '0: person', '0: person']","[32, 0, 0, 0, 0, 0]","[0.9326865, 0.90567803, 0.87223166, 0.6904936, 0.49193135, 0.39168867]","[[239.5, 14.11, 30.99, 30.28], [1, 80.67, 295.08, 357.27], [259.54, 129.63, 235.24, 305.88], [1.06, 306.75, 109.15, 130.8], [328.66, 1, 157.88, 188.41], [1, 64.55, 136.69, 274.56]]"
2847,/home/pi/sambashare/BacArbeit/cocoval2017/000000017207.jpg,3.1853646540002956,"['7: truck', '0: person', '5: bus', '2: car', '3: motorcycle', '2: car']","[7, 0, 5, 2, 3, 2]","[0.9323826, 0.83069384, 0.81980217, 0.7553492, 0.70150316, 0.3233783]","[[480.26, 81.97, 158.84, 239.02], [1, 193.87, 31.71, 85.15], [39.47, 1.17, 446.07, 377.03], [9.75, 204.85, 37.81, 37.65], [1, 235.93, 27.24, 66.21], [1, 182.19, 33.34, 23.35]]"
2848,/home/pi/sambashare/BacArbeit/cocoval2017/000000074058.jpg,3.1761342310001055,"['1: bicycle', '2: car', '0: person', '2: car', '1: bicycle', '0: person', '56: chair', '56: chair', '25: umbrella', '2: car', '2: car', '0: person', '25: umbrella', '0: person', '0: person', '56: chair', '0: person', '0: person']","[1, 2, 0, 2, 1, 0, 56, 56, 25, 2, 2, 0, 25, 0, 0, 56, 0, 0]","[0.8911413, 0.8705865, 0.81029797, 0.79938823, 0.77459776, 0.7464786, 0.69927293, 0.6033604, 0.5409319, 0.523601, 0.51294684, 0.49711826, 0.49096623, 0.42301112, 0.3867477, 0.37002409, 0.33088797, 0.26818612]","[[462.46, 209.69, 93.6, 148.93], [467.86, 198.5, 107.47, 76.58], [125.55, 169.86, 89.44, 126.42], [580.51, 196.6, 59.19, 153.34], [414.91, 209.24, 65.89, 143.86], [49.46, 171.19, 54.43, 115.79], [54.59, 221.8, 59.54, 130.72], [203.78, 219.56, 47.33, 53.8], [170.1, 28.2, 214.12, 113.53], [561.52, 220.02, 32.25, 21.34], [589.29, 215.16, 21.7, 17.66], [231.4, 196.98, 18.15, 17.44], [284.55, 131.72, 99.86, 93.51], [125.61, 171.11, 40.86, 39.53], [286.11, 208.85, 30.26, 39.93], [129.08, 234.01, 35.49, 59.1], [288.75, 208.2, 27.88, 17.12], [253.1, 196.79, 15.79, 18.38]]"
2849,/home/pi/sambashare/BacArbeit/cocoval2017/000000063552.jpg,3.174698029000865,['45: bowl'],[45],[0.5119153],"[[18.74, 11.31, 615.62, 574.69]]"
2850,/home/pi/sambashare/BacArbeit/cocoval2017/000000241677.jpg,3.1942164490010327,"['17: horse', '17: horse', '17: horse', '17: horse', '17: horse', '0: person', '17: horse', '17: horse', '17: horse', '0: person', '17: horse', '0: person', '17: horse', '17: horse', '17: horse', '0: person', '17: horse', '17: horse', '17: horse', '17: horse']","[17, 17, 17, 17, 17, 0, 17, 17, 17, 0, 17, 0, 17, 17, 17, 0, 17, 17, 17, 17]","[0.88339305, 0.8765866, 0.86870044, 0.8283214, 0.79676706, 0.76020086, 0.7037463, 0.6964358, 0.69188625, 0.67972195, 0.61117196, 0.54017824, 0.50821143, 0.4805389, 0.47023943, 0.41529104, 0.33576742, 0.31593502, 0.27080604, 0.25882822]","[[217.56, 166.91, 69.72, 53.86], [133.35, 175.56, 75.76, 47.21], [1, 183.37, 38.82, 49.36], [419.67, 302.83, 69.44, 119.94], [301.26, 312.52, 46.66, 70.69], [455.75, 284.55, 26.87, 29.31], [367.46, 315.64, 54.56, 75.38], [349.13, 159.73, 43.38, 84.83], [530.65, 330.91, 57.17, 106.18], [493.28, 268.48, 17.49, 29.0], [383.13, 171.1, 24.91, 56.22], [360.74, 294.05, 24.97, 28.66], [476.55, 317.17, 65.62, 90.29], [320.3, 263.36, 38.13, 60.02], [346.73, 317.67, 38.39, 70.23], [529.48, 297.98, 65.94, 80.92], [622.81, 348.55, 16.98, 60.69], [485.1, 285.08, 43.09, 39.12], [304.83, 209.74, 43.16, 80.56], [415.31, 303.08, 20.95, 32.78]]"
2851,/home/pi/sambashare/BacArbeit/cocoval2017/000000572620.jpg,3.175138890999733,"['0: person', '0: person', '36: skateboard', '0: person', '0: person', '0: person', '36: skateboard', '0: person', '0: person', '0: person', '0: person', '0: person', '0: person', '0: person', '0: person', '0: person', '0: person', '0: person']","[0, 0, 36, 0, 0, 0, 36, 0, 0, 0, 0, 0, 0, 0, 0, 0, 0, 0]","[0.93384576, 0.8780027, 0.866439, 0.7665588, 0.7436043, 0.69306886, 0.6506126, 0.58571917, 0.5640114, 0.53362966, 0.5176786, 0.43044633, 0.38113058, 0.3370884, 0.31988528, 0.291245, 0.27000326, 0.25490475]","[[274.19, 88.09, 114.1, 198.39], [439.83, 190.62, 49.41, 135.6], [332.22, 228.99, 56.46, 62.61], [406.66, 204.44, 33.53, 74.46], [539.17, 110.89, 100.43, 244.99], [112.64, 287.68, 38.05, 47.75], [275.86, 280.65, 26.2, 18.17], [480.6, 194.93, 36.79, 97.01], [75.03, 261.23, 35.88, 53.39], [48.35, 251.92, 22.79, 45.71], [267.16, 228.32, 38.05, 68.31], [1, 260.6, 50.04, 82.73], [494.02, 190.8, 33.5, 55.79], [596.71, 246.65, 43.29, 154.4], [109.33, 244.31, 21.2, 40.71], [160.01, 265.36, 19.37, 42.47], [504.78, 179.01, 64.91, 146.46], [13.42, 255.18, 27.01, 45.26]]"
2852,/home/pi/sambashare/BacArbeit/cocoval2017/000000148508.jpg,3.1906474269999308,"['5: bus', '2: car', '0: person', '0: person', '0: person', '0: person', '0: person', '0: person', '0: person', '7: truck', '0: person', '0: person', '0: person', '0: person', '0: person', '0: person', '0: person', '0: person', '0: person', '0: person', '0: person', '0: person', '0: person', '0: person', '0: person', '0: person', '0: person']","[5, 2, 0, 0, 0, 0, 0, 0, 0, 7, 0, 0, 0, 0, 0, 0, 0, 0, 0, 0, 0, 0, 0, 0, 0, 0, 0]","[0.93911254, 0.89700973, 0.84588397, 0.765934, 0.73863584, 0.60878164, 0.5996466, 0.55334026, 0.54559624, 0.5007297, 0.4916616, 0.47578236, 0.4428262, 0.42722863, 0.42100933, 0.38854524, 0.3566616, 0.3519388, 0.33712438, 0.33387476, 0.32372272, 0.30181178, 0.29699376, 0.27081883, 0.26932925, 0.2653933, 0.2639068]","[[164.31, 117.04, 114.34, 157.22], [376.26, 200.39, 31.21, 25.57], [238.64, 286.57, 132.5, 138.05], [318.78, 210.89, 17.29, 37.91], [29.26, 218.92, 28.47, 75.21], [541.4, 174.45, 97.65, 249.62], [575.92, 172.57, 41.13, 35.54], [429.94, 189.38, 78.15, 208.4], [51.84, 218.17, 27.31, 65.12], [1, 199.56, 60.8, 37.95], [76.88, 225.89, 20.73, 51.47], [147.33, 215.16, 17.13, 47.87], [427.96, 178.17, 42.16, 82.44], [623.52, 123.73, 5.65, 5.69], [385.32, 182.2, 8.67, 17.89], [94.8, 230.47, 23.35, 45.95], [111.36, 223.39, 10.1, 10.86], [291.22, 215.46, 12.83, 23.27], [1, 218.02, 22.05, 106.45], [277.95, 216.29, 9.64, 22.06], [503.08, 176.66, 92.76, 227.55], [301.27, 211.12, 12.07, 25.15], [120.48, 220.27, 21.07, 50.25], [425.77, 163.61, 28.17, 37.46], [79.19, 212.08, 17.82, 25.6], [355.56, 191.17, 13.22, 25.67], [336.48, 197.78, 13.19, 25.67]]"
2853,/home/pi/sambashare/BacArbeit/cocoval2017/000000237928.jpg,3.1780369600000995,"['72: refrigerator', '68: microwave', '69: oven']","[72, 68, 69]","[0.93406135, 0.8796727, 0.7991447]","[[296.94, 88.41, 139.49, 438.82], [93.45, 239.42, 110.38, 74.51], [1, 326.7, 112.81, 290.93]]"
2854,/home/pi/sambashare/BacArbeit/cocoval2017/000000459634.jpg,3.1879054210003233,"['0: person', '0: person', '26: handbag', '0: person']","[0, 0, 26, 0]","[0.73843795, 0.6981298, 0.63924855, 0.3251977]","[[308.48, 334.74, 331.1, 197.3], [93.35, 300.94, 15.63, 20.26], [516.29, 404.32, 123.25, 128.43], [200.76, 276.72, 7.89, 9.55]]"
2855,/home/pi/sambashare/BacArbeit/cocoval2017/000000519491.jpg,3.1985844780010666,"['74: clock', '33: kite']","[74, 33]","[0.9279543, 0.77179986]","[[173.08, 494.09, 116.07, 105.58], [210.8, 207.74, 72.37, 64.35]]"
2856,/home/pi/sambashare/BacArbeit/cocoval2017/000000306733.jpg,3.1784590139996,"['39: bottle', '39: bottle', '58: potted plant', '75: vase', '39: bottle', '61: toilet', '39: bottle']","[39, 39, 58, 75, 39, 61, 39]","[0.7773104, 0.75715107, 0.7010505, 0.65584916, 0.6170882, 0.31339797, 0.30566782]","[[586.7, 323.09, 16.79, 40.48], [572.18, 322.14, 16.64, 39.37], [288.24, 255.74, 174.56, 97.98], [369.48, 320.52, 34.66, 33.88], [93.6, 353.28, 41.64, 72.72], [437.34, 325.77, 202.66, 99.98], [72.71, 324.72, 22.81, 28.04]]"
2857,/home/pi/sambashare/BacArbeit/cocoval2017/000000031735.jpg,3.183610119998775,"['57: couch', '58: potted plant', '58: potted plant', '75: vase', '75: vase', '56: chair', '60: dining table', '56: chair', '26: handbag', '75: vase']","[57, 58, 58, 75, 75, 56, 60, 56, 26, 75]","[0.9433284, 0.8449995, 0.8116794, 0.49276358, 0.48314446, 0.36888745, 0.3139791, 0.3059774, 0.28966063, 0.25726599]","[[298.55, 233.38, 341.15, 225.99], [17.95, 112.95, 213.7, 177.31], [546.39, 189.6, 54.71, 75.55], [251.0, 235.71, 36.45, 64.3], [93.75, 225.98, 68.08, 64.24], [627.51, 211.12, 12.23, 52.73], [1.1, 389.49, 143.09, 89.66], [1, 347.39, 64.41, 65.89], [620.36, 363.96, 19.44, 46.3], [564.07, 239.25, 34.4, 25.72]]"
2858,/home/pi/sambashare/BacArbeit/cocoval2017/000000020059.jpg,3.172317278000264,"['22: zebra', '22: zebra']","[22, 22]","[0.95306677, 0.92846835]","[[344.06, 189.08, 164.48, 109.45], [108.15, 199.21, 108.78, 109.11]]"
2859,/home/pi/sambashare/BacArbeit/cocoval2017/000000182923.jpg,3.180932143000973,"['0: person', '27: tie', '0: person', '0: person', '0: person', '0: person', '0: person', '0: person', '0: person', '0: person', '0: person', '0: person', '0: person', '0: person', '0: person', '56: chair', '0: person', '0: person', '0: person']","[0, 27, 0, 0, 0, 0, 0, 0, 0, 0, 0, 0, 0, 0, 0, 56, 0, 0, 0]","[0.9117333, 0.7871087, 0.77683, 0.6391249, 0.6255835, 0.62394994, 0.57184523, 0.57005614, 0.53880334, 0.50421256, 0.5021822, 0.44643745, 0.37846625, 0.36001024, 0.35323936, 0.29787913, 0.29655075, 0.276006, 0.26081154]","[[48.09, 41.01, 219.65, 396.17], [33.71, 112.7, 14.98, 43.36], [275.19, 104.9, 81.26, 143.4], [1, 82.51, 70.53, 133.98], [10.05, 38.01, 46.02, 78.15], [319.51, 40.6, 54.97, 91.4], [141.08, 45.2, 47.89, 68.99], [98.14, 34.05, 52.43, 83.02], [210.97, 114.1, 67.32, 130.11], [164.98, 4.07, 52.26, 73.61], [272.5, 54.93, 49.15, 75.62], [183.82, 51.1, 40.93, 65.78], [215.46, 2.32, 49.94, 69.45], [84.17, 1, 48.89, 70.13], [222.82, 47.18, 49.78, 79.34], [18.07, 161.08, 61.05, 57.67], [1, 61.99, 10.67, 51.08], [1, 1, 36.14, 72.52], [263.77, 11.58, 41.99, 89.0]]"
2860,/home/pi/sambashare/BacArbeit/cocoval2017/000000334767.jpg,3.178054219999467,"['0: person', '0: person', '0: person', '0: person', '0: person', '30: skis', '30: skis', '30: skis', '30: skis', '30: skis']","[0, 0, 0, 0, 0, 30, 30, 30, 30, 30]","[0.91787076, 0.9164794, 0.89988303, 0.89754754, 0.8723219, 0.6362525, 0.60714525, 0.47947732, 0.46732944, 0.44713125]","[[259.43, 60.16, 73.85, 133.7], [453.08, 63.04, 46.77, 111.86], [60.36, 68.77, 99.3, 173.35], [361.53, 66.86, 58.93, 132.68], [136.6, 71.43, 67.35, 142.62], [1.44, 236.82, 188.58, 16.04], [259.86, 187.33, 93.7, 11.67], [378.81, 190.57, 32.92, 11.31], [135.71, 197.15, 80.13, 24.15], [454.72, 170.0, 39.69, 7.23]]"
2861,/home/pi/sambashare/BacArbeit/cocoval2017/000000146155.jpg,3.192417321999528,"['0: person', '0: person', '39: bottle', '40: wine glass', '39: bottle', '0: person', '39: bottle', '39: bottle', '39: bottle', '39: bottle', '39: bottle', '39: bottle', '39: bottle', '39: bottle', '41: cup', '39: bottle', '39: bottle', '39: bottle', '39: bottle', '39: bottle', '39: bottle', '60: dining table']","[0, 0, 39, 40, 39, 0, 39, 39, 39, 39, 39, 39, 39, 39, 41, 39, 39, 39, 39, 39, 39, 60]","[0.92898333, 0.8653064, 0.8103496, 0.76304245, 0.7459048, 0.7432786, 0.72619474, 0.71681756, 0.58142716, 0.44963777, 0.41778874, 0.41652203, 0.40914848, 0.39344618, 0.37238258, 0.36250913, 0.338613, 0.3251788, 0.29879448, 0.29588556, 0.2867405, 0.28443462]","[[157.91, 21.14, 223.62, 489.9], [5.52, 115.91, 187.02, 394.12], [578.98, 51.08, 19.96, 54.2], [486.85, 284.97, 117.21, 130.85], [562.56, 59.23, 18.06, 46.17], [569.19, 170.11, 69.75, 237.27], [470.99, 82.29, 15.74, 48.61], [486.46, 75.31, 16.98, 51.04], [613.49, 303.99, 26.25, 108.84], [485.77, 245.56, 15.65, 60.01], [446.18, 340.14, 13.17, 44.85], [441.6, 173.27, 16.17, 55.51], [443.35, 249.21, 15.24, 58.53], [484.96, 165.06, 14.98, 59.91], [332.47, 143.79, 38.86, 32.52], [470.27, 248.3, 16.48, 58.09], [464.74, 165.92, 18.42, 61.25], [452.74, 248.14, 16.05, 58.04], [477.83, 165.32, 15.77, 61.22], [457.11, 339.56, 12.09, 46.13], [451.2, 170.71, 13.93, 58.27], [364.0, 373.0, 274.78, 138.09]]"
2862,/home/pi/sambashare/BacArbeit/cocoval2017/000000492362.jpg,3.1801183909992687,"['0: person', '36: skateboard', '0: person', '0: person', '25: umbrella', '0: person', '24: backpack', '26: handbag', '45: bowl']","[0, 36, 0, 0, 25, 0, 24, 26, 45]","[0.93229973, 0.9226703, 0.90156305, 0.86103773, 0.56286085, 0.33945066, 0.3202131, 0.25403526, 0.25122896]","[[270.46, 165.49, 86.56, 278.73], [81.93, 502.35, 236.6, 106.27], [96.14, 95.57, 166.05, 460.21], [395.47, 184.01, 31.41, 272.08], [247.97, 1.5, 178.32, 247.98], [334.77, 174.18, 47.0, 68.59], [138.07, 156.12, 58.01, 126.57], [415.22, 226.57, 10.73, 37.5], [79.13, 324.26, 50.62, 38.56]]"
2863,/home/pi/sambashare/BacArbeit/cocoval2017/000000012748.jpg,3.1897210470015125,"['0: person', '17: horse']","[0, 17]","[0.83907807, 0.79174227]","[[219.75, 179.71, 260.25, 457.63], [1, 47.21, 239.54, 523.69]]"
2864,/home/pi/sambashare/BacArbeit/cocoval2017/000000407298.jpg,3.1830765779996,"['0: person', '35: baseball glove', '32: sports ball']","[0, 35, 32]","[0.67780143, 0.6337939, 0.5516841]","[[2.61, 4.02, 583.16, 473.77], [290.33, 122.24, 293.69, 357.76], [368.68, 317.83, 91.11, 153.12]]"
2865,/home/pi/sambashare/BacArbeit/cocoval2017/000000170191.jpg,3.1727578560003167,"['0: person', '59: bed', '24: backpack', '28: suitcase']","[0, 59, 24, 28]","[0.90880597, 0.8589524, 0.8127541, 0.72425]","[[449.98, 6.44, 177.65, 520.3], [1, 170.75, 478.12, 353.67], [108.58, 478.84, 176.01, 52.03], [1.5, 435.5, 153.42, 94.99]]"
2866,/home/pi/sambashare/BacArbeit/cocoval2017/000000326627.jpg,3.179884819999643,"['7: truck', '2: car', '7: truck', '2: car', '2: car', '2: car', '1: bicycle', '2: car']","[7, 2, 7, 2, 2, 2, 1, 2]","[0.90800345, 0.858041, 0.80031854, 0.77139205, 0.6214251, 0.43514204, 0.3967486, 0.252165]","[[291.28, 396.69, 53.2, 40.13], [377.53, 399.26, 25.04, 16.4], [411.15, 393.63, 20.74, 19.23], [339.82, 401.99, 26.9, 26.25], [394.39, 396.26, 17.03, 15.79], [497.48, 394.24, 11.36, 9.82], [261.65, 407.1, 20.35, 11.06], [351.47, 402.36, 19.23, 22.49]]"
2867,/home/pi/sambashare/BacArbeit/cocoval2017/000000119452.jpg,3.188006852000399,"['47: apple', '47: apple', '46: banana', '46: banana', '27: tie']","[47, 47, 46, 46, 27]","[0.78107667, 0.52588946, 0.48285648, 0.44657218, 0.28955004]","[[336.4, 1, 290.71, 263.18], [490.97, 66.32, 147.6, 340.69], [17.63, 1.25, 622.37, 475.68], [217.29, 1, 122.48, 136.97], [326.53, 1, 45.53, 55.28]]"
2868,/home/pi/sambashare/BacArbeit/cocoval2017/000000104669.jpg,3.171003393999854,"['43: knife', '42: fork', '50: broccoli', '0: person', '50: broccoli', '50: broccoli', '50: broccoli', '50: broccoli', '45: bowl']","[43, 42, 50, 0, 50, 50, 50, 50, 45]","[0.8901883, 0.85894346, 0.73215574, 0.68563426, 0.5857465, 0.57657444, 0.45188215, 0.40939227, 0.40217617]","[[1, 160.55, 71.1, 214.45], [463.2, 124.91, 35.89, 248.41], [200.12, 260.73, 84.45, 67.79], [18.53, 1, 423.89, 82.26], [152.12, 253.04, 27.43, 66.08], [308.62, 234.28, 75.38, 43.63], [244.16, 209.93, 86.71, 125.32], [246.89, 163.09, 55.53, 50.43], [6.26, 25.9, 488.59, 341.35]]"
2869,/home/pi/sambashare/BacArbeit/cocoval2017/000000485895.jpg,3.1769787760003965,['23: giraffe'],[23],[0.92797846],"[[384.89, 131.63, 88.68, 163.75]]"
2870,/home/pi/sambashare/BacArbeit/cocoval2017/000000313034.jpg,3.183847082000284,"['0: person', '0: person', '43: knife', '39: bottle']","[0, 0, 43, 39]","[0.89693594, 0.53397596, 0.47568917, 0.26046792]","[[291.36, 89.22, 259.79, 388.79], [1, 108.27, 270.23, 370.34], [298.89, 273.85, 34.64, 66.59], [230.62, 182.33, 21.67, 79.74]]"
2871,/home/pi/sambashare/BacArbeit/cocoval2017/000000108253.jpg,3.182952512999691,"['39: bottle', '41: cup', '0: person', '67: cell phone', '41: cup', '41: cup', '43: knife', '43: knife']","[39, 41, 0, 67, 41, 41, 43, 43]","[0.93195873, 0.84109217, 0.82944655, 0.794204, 0.6430965, 0.6334058, 0.50011265, 0.47438133]","[[238.23, 1.19, 125.29, 316.16], [329.26, 233.63, 66.54, 116.05], [1, 1, 160.39, 314.97], [2.34, 1, 78.44, 117.19], [419.54, 240.83, 60.29, 103.72], [397.81, 203.79, 58.47, 107.58], [146.48, 253.63, 110.0, 26.92], [11.71, 300.91, 114.57, 19.2]]"
2872,/home/pi/sambashare/BacArbeit/cocoval2017/000000484351.jpg,3.171886579999409,"['0: person', '0: person', '56: chair', '0: person', '0: person', '44: spoon', '0: person', '0: person', '0: person', '27: tie', '39: bottle', '39: bottle', '27: tie', '0: person', '0: person', '0: person', '0: person', '56: chair', '0: person', '0: person', '39: bottle', '64: mouse', '73: book', '26: handbag', '39: bottle', '56: chair', '73: book', '60: dining table', '73: book', '0: person', '0: person', '73: book']","[0, 0, 56, 0, 0, 44, 0, 0, 0, 27, 39, 39, 27, 0, 0, 0, 0, 56, 0, 0, 39, 64, 73, 26, 39, 56, 73, 60, 73, 0, 0, 73]","[0.9141544, 0.91198087, 0.8882037, 0.88602775, 0.8702009, 0.8565083, 0.8519456, 0.8370175, 0.8220904, 0.79761624, 0.7968701, 0.79675597, 0.78399897, 0.74556786, 0.7148637, 0.59840894, 0.5547025, 0.54202616, 0.5352096, 0.49359536, 0.47689685, 0.44860458, 0.39725545, 0.3901365, 0.3795358, 0.36765215, 0.32729474, 0.3257873, 0.3169615, 0.2650119, 0.2642657, 0.2527575]","[[1, 243.88, 184.67, 181.18], [278.76, 135.59, 96.95, 109.45], [541.28, 167.24, 72.4, 115.38], [123.95, 31.26, 56.4, 155.11], [495.42, 109.92, 79.13, 101.31], [151.98, 327.64, 31.59, 28.1], [185.4, 48.95, 40.14, 117.3], [472.96, 46.53, 51.3, 98.71], [329.22, 36.5, 59.17, 183.48], [148.69, 58.86, 16.36, 46.37], [297.34, 243.77, 20.46, 42.72], [177.92, 279.75, 23.62, 49.33], [451.73, 195.74, 21.29, 56.24], [237.75, 215.95, 229.19, 209.32], [1, 52.66, 79.35, 149.98], [386.54, 112.64, 184.97, 302.69], [618.92, 85.26, 20.97, 64.96], [213.27, 181.78, 43.18, 52.65], [392.37, 118.26, 50.71, 75.67], [313.76, 53.17, 28.0, 85.41], [433.55, 310.76, 26.12, 41.63], [182.42, 322.81, 25.6, 31.84], [227.61, 224.84, 57.42, 26.68], [224.26, 71.27, 25.33, 38.8], [456.52, 338.93, 32.38, 40.35], [604.06, 156.61, 35.65, 124.24], [173.77, 262.08, 104.68, 56.11], [78.19, 223.57, 274.75, 157.66], [490.51, 15.84, 19.38, 26.94], [1, 70.37, 28.07, 127.45], [450.6, 179.03, 34.7, 84.99], [602.23, 21.03, 13.99, 30.0]]"
2873,/home/pi/sambashare/BacArbeit/cocoval2017/000000312720.jpg,3.1829573570012144,"['0: person', '30: skis']","[0, 30]","[0.88884276, 0.81236047]","[[403.22, 228.73, 40.85, 74.98], [383.33, 285.06, 64.55, 29.25]]"
2874,/home/pi/sambashare/BacArbeit/cocoval2017/000000240250.jpg,3.184606975000861,"['41: cup', '0: person', '0: person', '0: person', '42: fork', '0: person', '0: person', '0: person', '60: dining table', '56: chair', '55: cake', '56: chair', '56: chair', '0: person', '0: person', '0: person']","[41, 0, 0, 0, 42, 0, 0, 0, 60, 56, 55, 56, 56, 0, 0, 0]","[0.9037189, 0.8992184, 0.76590014, 0.73747426, 0.7022118, 0.64232016, 0.56256425, 0.5425409, 0.5193864, 0.5160535, 0.51438165, 0.50196713, 0.3751326, 0.34528422, 0.34030128, 0.30216035]","[[559.38, 306.73, 52.35, 141.65], [198.22, 17.52, 312.24, 375.24], [165.41, 51.15, 31.53, 39.82], [121.9, 59.74, 44.63, 50.12], [248.32, 325.95, 168.33, 39.7], [138.27, 77.4, 82.92, 126.29], [90.64, 69.68, 51.92, 60.25], [1, 1.64, 65.36, 345.03], [1.46, 355.34, 609.56, 254.61], [168.51, 105.58, 59.73, 105.58], [294.95, 414.96, 301.69, 184.7], [88.08, 116.58, 81.71, 170.92], [478.87, 136.92, 132.57, 233.28], [142.57, 47.54, 22.92, 36.14], [64.9, 39.34, 31.32, 44.77], [31.37, 13.9, 87.92, 172.64]]"
2875,/home/pi/sambashare/BacArbeit/cocoval2017/000000133233.jpg,3.18321725900023,"['8: boat', '8: boat', '8: boat', '8: boat', '8: boat', '8: boat', '8: boat', '8: boat', '8: boat']","[8, 8, 8, 8, 8, 8, 8, 8, 8]","[0.70976996, 0.57224613, 0.4704696, 0.4329, 0.33591413, 0.30379412, 0.29603165, 0.27119234, 0.26378846]","[[252.76, 237.7, 69.4, 35.29], [435.72, 220.87, 46.85, 19.95], [1, 192.16, 26.62, 27.43], [70.57, 205.88, 28.84, 12.55], [130.03, 217.07, 38.01, 21.52], [542.82, 181.61, 96.44, 50.09], [511.13, 219.66, 80.08, 18.48], [162.11, 220.73, 41.64, 24.59], [293.15, 184.92, 30.78, 30.26]]"
2876,/home/pi/sambashare/BacArbeit/cocoval2017/000000007818.jpg,3.190937715000473,"['39: bottle', '56: chair', '75: vase', '43: knife', '75: vase', '75: vase', '60: dining table', '73: book', '42: fork']","[39, 56, 75, 43, 75, 75, 60, 73, 42]","[0.877452, 0.87620175, 0.8442809, 0.6844945, 0.6784444, 0.42700303, 0.32400918, 0.2982316, 0.28258452]","[[400.05, 186.71, 43.42, 97.03], [7.5, 260.98, 108.05, 48.63], [329.4, 158.43, 84.23, 193.23], [440.05, 317.36, 197.52, 42.62], [288.32, 214.71, 71.13, 99.51], [133.33, 145.27, 96.36, 224.85], [1, 253.18, 638.06, 171.9], [474.59, 271.61, 112.05, 29.08], [1, 319.72, 113.98, 12.01]]"
2877,/home/pi/sambashare/BacArbeit/cocoval2017/000000269942.jpg,3.1895958290006092,"['2: car', '9: traffic light', '9: traffic light', '9: traffic light', '2: car', '9: traffic light', '2: car', '9: traffic light', '9: traffic light']","[2, 9, 9, 9, 2, 9, 2, 9, 9]","[0.92560506, 0.8824386, 0.80300707, 0.73926395, 0.39989153, 0.3956794, 0.302652, 0.2965643, 0.27952486]","[[92.28, 461.02, 59.76, 48.29], [179.91, 157.68, 53.86, 96.14], [166.82, 278.7, 29.55, 53.35], [258.18, 260.1, 34.38, 58.33], [91.67, 445.2, 7.47, 6.63], [427.92, 469.92, 23.52, 42.25], [104.25, 444.87, 7.91, 5.74], [385.64, 415.49, 6.37, 24.65], [240.65, 425.52, 12.63, 17.05]]"
2878,/home/pi/sambashare/BacArbeit/cocoval2017/000000187243.jpg,3.183922516000166,"['61: toilet', '0: person', '71: sink', '39: bottle', '39: bottle', '39: bottle']","[61, 0, 71, 39, 39, 39]","[0.8964664, 0.87616706, 0.6315286, 0.50001717, 0.48818153, 0.3564551]","[[281.09, 56.87, 137.28, 293.26], [1, 254.83, 314.72, 384.81], [1, 26.86, 65.38, 30.22], [83.82, 1, 11.14, 35.72], [65.05, 1, 20.52, 30.46], [132.28, 1, 20.97, 44.05]]"
2879,/home/pi/sambashare/BacArbeit/cocoval2017/000000009448.jpg,3.1755614440007776,"['0: person', '25: umbrella']","[0, 25]","[0.924598, 0.4434552]","[[137.63, 97.17, 243.97, 540.11], [2.39, 2.79, 548.16, 418.54]]"
2880,/home/pi/sambashare/BacArbeit/cocoval2017/000000219485.jpg,3.1901451270005055,['15: cat'],[15],[0.8944395],"[[200.55, 540.89, 51.25, 83.45]]"
2881,/home/pi/sambashare/BacArbeit/cocoval2017/000000170474.jpg,3.173709486000007,"['0: person', '38: tennis racket', '32: sports ball', '56: chair']","[0, 38, 32, 56]","[0.9464418, 0.92689145, 0.85769796, 0.7885014]","[[148.09, 36.06, 311.38, 438.75], [66.62, 324.1, 108.52, 142.2], [345.24, 34.58, 27.3, 28.07], [488.24, 409.67, 121.86, 66.01]]"
2882,/home/pi/sambashare/BacArbeit/cocoval2017/000000222317.jpg,3.18445929399968,"['16: dog', '57: couch', '39: bottle', '24: backpack']","[16, 57, 39, 24]","[0.8833957, 0.6169907, 0.53191847, 0.31189555]","[[226.15, 198.41, 228.53, 91.76], [57.78, 90.74, 561.76, 386.87], [1, 427.81, 59.64, 52.06], [1, 326.13, 63.96, 80.05]]"
2883,/home/pi/sambashare/BacArbeit/cocoval2017/000000187362.jpg,3.1946822709996923,"['0: person', '37: surfboard']","[0, 37]","[0.9145625, 0.8868114]","[[256.3, 171.24, 81.73, 217.86], [305.73, 224.11, 47.84, 92.56]]"
2884,/home/pi/sambashare/BacArbeit/cocoval2017/000000091921.jpg,3.1767308229991613,"['22: zebra', '22: zebra', '22: zebra']","[22, 22, 22]","[0.9459104, 0.8713174, 0.3966464]","[[307.53, 224.86, 295.27, 194.61], [70.79, 296.2, 145.86, 96.23], [1, 387.52, 96.0, 91.8]]"
2885,/home/pi/sambashare/BacArbeit/cocoval2017/000000474452.jpg,3.195798463999381,"['2: car', '2: car', '2: car', '2: car', '2: car', '2: car', '2: car', '2: car', '2: car', '2: car', '2: car']","[2, 2, 2, 2, 2, 2, 2, 2, 2, 2, 2]","[0.8626197, 0.85889894, 0.59124935, 0.5532321, 0.5005145, 0.4634831, 0.43627825, 0.39442268, 0.3775769, 0.3550686, 0.29328007]","[[5.71, 201.5, 62.84, 31.12], [73.3, 193.64, 39.3, 26.29], [222.22, 200.68, 18.83, 8.97], [40.97, 191.93, 34.15, 24.2], [1, 194.82, 15.22, 34.65], [178.26, 189.59, 18.6, 12.5], [139.42, 195.54, 22.09, 13.97], [249.22, 199.73, 13.19, 11.05], [221.8, 190.43, 12.33, 6.35], [99.18, 193.22, 25.54, 21.82], [118.88, 195.85, 16.71, 16.6]]"
2886,/home/pi/sambashare/BacArbeit/cocoval2017/000000370999.jpg,3.1904405589993985,"['54: donut', '41: cup', '54: donut']","[54, 41, 54]","[0.9486518, 0.28858227, 0.28434643]","[[226.44, 329.0, 211.45, 150.93], [218.37, 128.17, 204.81, 190.14], [47.47, 55.99, 157.58, 197.7]]"
2887,/home/pi/sambashare/BacArbeit/cocoval2017/000000016502.jpg,3.189366010001322,['14: bird'],[14],[0.9217949],"[[75.69, 239.17, 107.66, 73.98]]"
2888,/home/pi/sambashare/BacArbeit/cocoval2017/000000309173.jpg,3.1894579119998525,['11: stop sign'],[11],[0.90475214],"[[61.85, 35.21, 256.11, 313.76]]"
2889,/home/pi/sambashare/BacArbeit/cocoval2017/000000476119.jpg,3.166424970000662,"['2: car', '0: person', '36: skateboard', '7: truck', '2: car']","[2, 0, 36, 7, 2]","[0.9488046, 0.91515625, 0.9102426, 0.8920496, 0.5509993]","[[242.67, 79.64, 204.55, 117.12], [93.88, 2.36, 235.18, 382.33], [75.64, 359.93, 121.16, 56.16], [268.0, 56.88, 149.81, 39.22], [1, 73.67, 55.73, 55.79]]"
2890,/home/pi/sambashare/BacArbeit/cocoval2017/000000468233.jpg,3.1811753659985698,"['74: clock', '63: laptop']","[74, 63]","[0.812103, 0.3106935]","[[119.54, 185.75, 75.93, 87.8], [537.04, 186.16, 62.23, 148.31]]"
2891,/home/pi/sambashare/BacArbeit/cocoval2017/000000015746.jpg,3.183523117000732,['10: fire hydrant'],[10],[0.91258955],"[[70.26, 197.62, 276.92, 383.43]]"
2892,/home/pi/sambashare/BacArbeit/cocoval2017/000000554002.jpg,3.1762353440008155,"['16: dog', '0: person', '0: person', '26: handbag', '0: person', '0: person', '0: person', '26: handbag']","[16, 0, 0, 26, 0, 0, 0, 26]","[0.93435687, 0.82141244, 0.7970625, 0.7861167, 0.7824515, 0.7749353, 0.65240866, 0.35329264]","[[431.04, 90.5, 188.72, 283.02], [155.86, 1, 147.78, 277.54], [256.5, 3.24, 214.49, 336.1], [24.38, 1, 68.9, 69.71], [102.87, 1.33, 42.16, 113.73], [9.13, 1.48, 114.38, 255.07], [1, 6.93, 43.64, 249.49], [402.82, 1, 68.2, 43.03]]"
2893,/home/pi/sambashare/BacArbeit/cocoval2017/000000581482.jpg,3.1834753710008954,"['74: clock', '74: clock']","[74, 74]","[0.8891369, 0.31363463]","[[405.93, 207.06, 102.42, 95.38], [519.71, 225.7, 17.47, 75.86]]"
2894,/home/pi/sambashare/BacArbeit/cocoval2017/000000170955.jpg,3.186803634000171,"['0: person', '75: vase', '27: tie']","[0, 75, 27]","[0.9134038, 0.69915736, 0.62164664]","[[405.04, 9.68, 233.11, 415.13], [1, 1, 150.45, 147.1], [463.72, 120.45, 20.47, 97.07]]"
2895,/home/pi/sambashare/BacArbeit/cocoval2017/000000391290.jpg,3.1804556740007683,"['29: frisbee', '0: person', '0: person', '0: person', '0: person', '2: car', '0: person', '24: backpack']","[29, 0, 0, 0, 0, 2, 0, 24]","[0.9238084, 0.8869362, 0.82063186, 0.7276711, 0.641879, 0.6341261, 0.36965448, 0.2845732]","[[428.54, 142.38, 40.44, 16.9], [292.83, 64.69, 120.52, 222.83], [224.85, 83.32, 127.76, 204.06], [230.61, 39.41, 36.74, 64.06], [205.9, 72.85, 68.48, 134.91], [124.08, 50.6, 105.64, 53.59], [533.62, 94.73, 39.07, 22.69], [590.72, 99.9, 40.59, 13.9]]"
2896,/home/pi/sambashare/BacArbeit/cocoval2017/000000159112.jpg,3.1804794649997348,['51: carrot'],[51],[0.45218173],"[[383.98, 1, 114.11, 119.96]]"
2897,/home/pi/sambashare/BacArbeit/cocoval2017/000000319721.jpg,3.1859992280005827,"['0: person', '17: horse', '0: person', '0: person']","[0, 17, 0, 0]","[0.95870525, 0.9113701, 0.7196289, 0.39346966]","[[1, 171.87, 176.82, 467.11], [155.89, 151.53, 218.81, 485.64], [1, 169.56, 31.61, 121.33], [135.57, 257.28, 27.03, 77.98]]"
2898,/home/pi/sambashare/BacArbeit/cocoval2017/000000327769.jpg,3.1930213550003828,"['15: cat', '39: bottle', '41: cup', '61: toilet', '39: bottle']","[15, 39, 41, 61, 39]","[0.85607123, 0.8297046, 0.7196876, 0.4830431, 0.45358965]","[[202.5, 119.11, 251.65, 136.13], [111.8, 16.5, 58.34, 117.46], [258.49, 1.48, 57.58, 85.77], [1, 251.67, 33.04, 166.05], [307.78, 1, 54.03, 69.62]]"
2899,/home/pi/sambashare/BacArbeit/cocoval2017/000000409268.jpg,3.189474702001462,['77: teddy bear'],[77],[0.68370175],"[[14.95, 43.8, 446.37, 591.37]]"
2900,/home/pi/sambashare/BacArbeit/cocoval2017/000000396903.jpg,3.194719477000035,"['4: airplane', '0: person', '0: person', '0: person']","[4, 0, 0, 0]","[0.9112537, 0.65602285, 0.27371266, 0.25265476]","[[24.08, 275.46, 386.23, 125.52], [210.18, 312.85, 13.37, 13.67], [259.16, 317.63, 14.97, 14.12], [197.17, 312.67, 13.79, 12.48]]"
2901,/home/pi/sambashare/BacArbeit/cocoval2017/000000532129.jpg,3.1822544550013845,"['41: cup', '55: cake', '44: spoon', '45: bowl']","[41, 55, 44, 45]","[0.9145255, 0.63011307, 0.51951426, 0.31750602]","[[590.64, 1, 49.12, 142.19], [14.36, 24.01, 600.12, 395.28], [1, 2.97, 40.3, 36.25], [27.98, 1, 212.86, 50.52]]"
2902,/home/pi/sambashare/BacArbeit/cocoval2017/000000343149.jpg,3.191690164998363,"['0: person', '0: person', '74: clock', '0: person', '0: person', '0: person', '24: backpack', '26: handbag']","[0, 0, 74, 0, 0, 0, 24, 26]","[0.93150914, 0.89987415, 0.897521, 0.8965685, 0.82078195, 0.27296305, 0.2672567, 0.25234947]","[[424.91, 445.03, 54.82, 145.94], [51.2, 473.94, 49.98, 149.03], [277.58, 137.18, 62.79, 73.99], [1, 486.16, 22.21, 132.97], [260.66, 466.11, 42.5, 98.54], [65.72, 481.59, 16.0, 46.45], [1, 505.3, 16.44, 29.18], [259.66, 482.09, 19.28, 35.66]]"
2903,/home/pi/sambashare/BacArbeit/cocoval2017/000000193494.jpg,3.176345613999729,['59: bed'],[59],[0.85010517],"[[62.66, 337.05, 271.91, 251.9]]"
2904,/home/pi/sambashare/BacArbeit/cocoval2017/000000389381.jpg,3.18731392600057,"['50: broccoli', '45: bowl', '45: bowl', '60: dining table']","[50, 45, 45, 60]","[0.9031944, 0.72502136, 0.61678475, 0.25305974]","[[371.76, 278.77, 106.65, 129.46], [59.48, 47.21, 412.73, 277.24], [132.62, 203.19, 423.93, 292.27], [19.97, 13.19, 602.53, 500.94]]"
2905,/home/pi/sambashare/BacArbeit/cocoval2017/000000276284.jpg,3.1841501990002143,"['3: motorcycle', '2: car', '2: car', '2: car', '2: car', '9: traffic light']","[3, 2, 2, 2, 2, 9]","[0.94372004, 0.91031605, 0.8967392, 0.8955755, 0.6117406, 0.3682825]","[[168.33, 228.39, 271.66, 271.83], [120.18, 193.65, 25.9, 14.42], [182.34, 181.59, 55.1, 31.79], [20.48, 202.0, 47.1, 33.71], [14.29, 198.39, 18.64, 15.36], [89.96, 140.52, 6.41, 20.98]]"
2906,/home/pi/sambashare/BacArbeit/cocoval2017/000000474170.jpg,3.1916851540008793,['20: elephant'],[20],[0.89266795],"[[245.99, 186.66, 126.18, 94.45]]"
2907,/home/pi/sambashare/BacArbeit/cocoval2017/000000124277.jpg,3.1794738409989804,"['6: train', '2: car', '6: train', '7: truck', '2: car', '0: person']","[6, 2, 6, 7, 2, 0]","[0.76210266, 0.5450913, 0.5434646, 0.43249398, 0.42062545, 0.30674735]","[[293.1, 129.77, 316.47, 265.88], [504.24, 299.89, 23.03, 12.69], [265.28, 17.19, 34.41, 47.32], [431.74, 180.94, 21.7, 16.93], [591.85, 300.71, 16.79, 15.99], [116.83, 357.02, 6.22, 7.99]]"
2908,/home/pi/sambashare/BacArbeit/cocoval2017/000000467176.jpg,3.17423938399952,"['0: person', '62: tv', '0: person', '0: person', '56: chair', '73: book', '73: book', '73: book', '73: book', '65: remote', '0: person']","[0, 62, 0, 0, 56, 73, 73, 73, 73, 65, 0]","[0.947893, 0.8978609, 0.88076234, 0.78479445, 0.4002528, 0.35275206, 0.2986237, 0.28039712, 0.25867653, 0.25357175, 0.25308642]","[[267.82, 220.66, 141.24, 206.7], [347.9, 101.06, 137.15, 93.12], [467.88, 252.13, 132.83, 175.12], [1.43, 160.18, 183.84, 265.3], [564.49, 289.27, 74.97, 138.25], [234.5, 153.69, 11.89, 31.07], [203.63, 116.7, 56.3, 31.43], [166.57, 153.67, 15.22, 22.36], [218.41, 153.81, 28.1, 29.99], [210.06, 229.44, 14.24, 12.43], [1, 291.05, 59.73, 135.22]]"
2909,/home/pi/sambashare/BacArbeit/cocoval2017/000000102356.jpg,3.178817887999685,"['0: person', '3: motorcycle']","[0, 3]","[0.83498335, 0.36465824]","[[163.26, 46.94, 237.17, 354.5], [1.67, 201.36, 381.93, 427.83]]"
2910,/home/pi/sambashare/BacArbeit/cocoval2017/000000206218.jpg,3.184011458999521,"['63: laptop', '66: keyboard', '28: suitcase', '56: chair']","[63, 66, 28, 56]","[0.9493427, 0.4337207, 0.42731217, 0.31625688]","[[357.81, 100.56, 270.4, 214.94], [393.09, 231.7, 171.85, 43.21], [1, 173.85, 136.14, 157.27], [554.81, 1, 84.6, 153.15]]"
2911,/home/pi/sambashare/BacArbeit/cocoval2017/000000359540.jpg,3.1845971279999503,"['0: person', '0: person', '0: person', '0: person', '35: baseball glove', '32: sports ball', '34: baseball bat', '32: sports ball']","[0, 0, 0, 0, 35, 32, 34, 32]","[0.93038106, 0.9253182, 0.9132416, 0.8680006, 0.8396797, 0.74159086, 0.6874728, 0.5946476]","[[153.91, 170.64, 129.91, 172.3], [66.0, 52.25, 48.68, 90.22], [421.4, 211.13, 88.9, 129.05], [336.68, 202.47, 103.36, 138.28], [338.25, 203.52, 21.56, 24.15], [363.22, 58.4, 11.56, 8.96], [124.92, 201.77, 54.88, 12.7], [268.87, 97.66, 12.75, 6.01]]"
2912,/home/pi/sambashare/BacArbeit/cocoval2017/000000378453.jpg,3.1836101400003827,"['22: zebra', '22: zebra', '22: zebra', '22: zebra', '22: zebra', '22: zebra', '22: zebra', '22: zebra', '22: zebra', '22: zebra', '22: zebra', '22: zebra', '22: zebra', '22: zebra', '22: zebra', '22: zebra', '22: zebra', '22: zebra']","[22, 22, 22, 22, 22, 22, 22, 22, 22, 22, 22, 22, 22, 22, 22, 22, 22, 22]","[0.9150306, 0.9017046, 0.86655647, 0.84095377, 0.82213867, 0.71717906, 0.7162407, 0.712797, 0.61073965, 0.44115946, 0.43975556, 0.39139453, 0.38823742, 0.37179276, 0.36356476, 0.32714576, 0.31178614, 0.30415255]","[[383.21, 198.57, 98.01, 62.76], [303.94, 200.73, 76.61, 54.5], [317.9, 173.73, 74.91, 33.39], [64.47, 192.55, 76.67, 57.79], [101.65, 220.31, 101.18, 82.23], [31.93, 178.63, 77.4, 49.88], [205.49, 175.68, 23.4, 50.97], [135.56, 208.16, 65.14, 37.42], [24.41, 151.88, 55.37, 30.1], [368.88, 161.25, 60.03, 28.18], [95.82, 161.47, 61.25, 33.86], [368.69, 189.71, 49.01, 50.87], [490.17, 177.42, 9.68, 30.75], [51.87, 169.8, 43.2, 18.28], [341.35, 164.6, 39.93, 21.79], [136.69, 172.44, 27.26, 38.0], [178.18, 201.16, 37.08, 35.07], [1, 165.6, 31.13, 41.92]]"
2913,/home/pi/sambashare/BacArbeit/cocoval2017/000000009590.jpg,3.16730318000009,"['0: person', '41: cup', '39: bottle', '41: cup', '41: cup', '0: person', '0: person', '0: person', '74: clock', '39: bottle', '0: person', '41: cup', '41: cup', '45: bowl', '41: cup', '0: person', '60: dining table', '45: bowl', '41: cup', '45: bowl', '45: bowl', '44: spoon', '41: cup', '41: cup', '41: cup']","[0, 41, 39, 41, 41, 0, 0, 0, 74, 39, 0, 41, 41, 45, 41, 0, 60, 45, 41, 45, 45, 44, 41, 41, 41]","[0.8970948, 0.8691027, 0.8499344, 0.8481095, 0.8422945, 0.83519924, 0.82943654, 0.81658244, 0.7930711, 0.77831256, 0.7323849, 0.70254594, 0.6688653, 0.59126365, 0.56453973, 0.5511341, 0.52715206, 0.4957596, 0.47796866, 0.4675026, 0.45584154, 0.39416862, 0.38650602, 0.2791767, 0.27281657]","[[1, 58.26, 246.46, 368.74], [384.11, 272.24, 33.79, 28.35], [485.12, 247.86, 36.86, 76.25], [347.85, 270.54, 37.96, 40.07], [424.87, 276.37, 45.61, 29.39], [377.23, 169.27, 78.23, 91.47], [253.19, 176.75, 72.18, 74.47], [136.27, 155.16, 95.77, 136.17], [177.51, 95.65, 21.78, 30.18], [427.78, 226.65, 24.22, 51.02], [479.33, 111.95, 160.48, 172.11], [288.02, 274.34, 34.7, 20.85], [415.61, 256.74, 15.87, 19.56], [332.35, 296.93, 79.95, 22.83], [251.05, 249.59, 24.7, 18.62], [234.05, 346.94, 133.25, 79.63], [226.58, 240.95, 412.71, 137.88], [271.48, 262.33, 63.23, 15.58], [302.78, 235.13, 24.65, 27.88], [340.05, 256.71, 64.66, 13.7], [247.4, 277.28, 42.31, 14.19], [373.88, 298.39, 42.17, 12.75], [245.63, 255.36, 25.68, 18.97], [203.4, 202.86, 24.02, 13.3], [345.25, 248.77, 24.73, 10.39]]"
2914,/home/pi/sambashare/BacArbeit/cocoval2017/000000336209.jpg,3.179415128000983,"['0: person', '36: skateboard', '19: cow']","[0, 36, 19]","[0.9218789, 0.7292499, 0.2856272]","[[268.77, 120.92, 116.21, 159.21], [345.36, 271.46, 55.0, 17.97], [371.06, 401.51, 107.26, 30.46]]"
2915,/home/pi/sambashare/BacArbeit/cocoval2017/000000226417.jpg,3.1855051790007565,"['0: person', '0: person', '0: person', '1: bicycle', '2: car', '9: traffic light', '9: traffic light', '10: fire hydrant', '26: handbag', '0: person', '0: person', '0: person', '1: bicycle', '1: bicycle', '0: person', '0: person', '1: bicycle', '1: bicycle', '26: handbag', '1: bicycle']","[0, 0, 0, 1, 2, 9, 9, 10, 26, 0, 0, 0, 1, 1, 0, 0, 1, 1, 26, 1]","[0.9466947, 0.92154646, 0.8896286, 0.8713099, 0.86681545, 0.8499875, 0.8477282, 0.8220575, 0.82008946, 0.77426296, 0.74137706, 0.70988464, 0.7034195, 0.64033186, 0.6331708, 0.632711, 0.59209967, 0.4653202, 0.29648024, 0.27266538]","[[1, 171.29, 51.38, 115.16], [93.89, 163.77, 54.11, 99.88], [185.36, 161.5, 48.67, 95.26], [448.14, 191.06, 51.43, 53.4], [154.29, 182.29, 42.68, 37.07], [54.42, 67.44, 22.68, 50.22], [407.29, 55.1, 23.83, 53.11], [430.1, 210.68, 15.72, 23.49], [1, 228.48, 21.31, 35.06], [293.78, 158.83, 60.14, 110.61], [351.94, 164.14, 38.29, 69.38], [280.16, 163.84, 31.71, 86.33], [195.57, 209.8, 34.66, 51.27], [304.59, 216.12, 48.16, 57.61], [476.66, 163.04, 22.84, 79.02], [252.31, 179.94, 10.91, 22.36], [111.76, 202.88, 31.57, 64.85], [364.38, 195.41, 23.18, 55.47], [100.97, 193.26, 14.6, 13.78], [253.58, 188.69, 8.14, 14.57]]"
2916,/home/pi/sambashare/BacArbeit/cocoval2017/000000334399.jpg,3.1855185570002504,"['0: person', '74: clock', '0: person', '0: person', '26: handbag']","[0, 74, 0, 0, 26]","[0.7991802, 0.67205894, 0.52641, 0.5215972, 0.49077147]","[[487.98, 112.41, 109.65, 286.75], [309.86, 222.0, 103.6, 110.49], [299.71, 65.1, 148.23, 306.84], [559.52, 108.79, 79.97, 370.62], [559.53, 161.04, 38.43, 128.98]]"
2917,/home/pi/sambashare/BacArbeit/cocoval2017/000000450100.jpg,3.1870276869994996,"['42: fork', '44: spoon', '41: cup', '55: cake', '41: cup']","[42, 44, 41, 55, 41]","[0.95281255, 0.81265295, 0.7709945, 0.7115254, 0.58218855]","[[154.49, 393.72, 286.27, 238.57], [352.62, 494.98, 126.55, 144.5], [154.53, 1, 250.04, 256.75], [48.11, 165.5, 283.02, 417.71], [391.46, 1, 88.25, 259.71]]"
2918,/home/pi/sambashare/BacArbeit/cocoval2017/000000062355.jpg,3.1808135629999015,"['0: person', '0: person', '0: person', '0: person', '34: baseball bat', '0: person']","[0, 0, 0, 0, 34, 0]","[0.94145465, 0.93583095, 0.92435336, 0.7755666, 0.7326706, 0.64406824]","[[1, 100.07, 90.38, 179.97], [531.42, 153.31, 100.08, 179.02], [298.59, 142.25, 111.35, 176.24], [476.12, 1, 52.83, 40.9], [578.17, 262.83, 31.19, 69.95], [603.7, 327.14, 35.97, 100.34]]"
2919,/home/pi/sambashare/BacArbeit/cocoval2017/000000527616.jpg,3.1735645179996936,"['0: person', '27: tie']","[0, 27]","[0.8819695, 0.3367134]","[[254.06, 52.82, 126.08, 115.13], [301.1, 104.69, 25.54, 58.27]]"
2920,/home/pi/sambashare/BacArbeit/cocoval2017/000000191845.jpg,3.18344677999994,"['25: umbrella', '25: umbrella', '25: umbrella', '25: umbrella', '0: person', '25: umbrella', '25: umbrella', '25: umbrella', '25: umbrella', '25: umbrella', '0: person', '0: person', '25: umbrella', '25: umbrella', '0: person', '0: person', '0: person', '25: umbrella', '0: person', '25: umbrella', '26: handbag', '25: umbrella', '0: person', '0: person', '25: umbrella', '0: person', '25: umbrella', '26: handbag', '0: person']","[25, 25, 25, 25, 0, 25, 25, 25, 25, 25, 0, 0, 25, 25, 0, 0, 0, 25, 0, 25, 26, 25, 0, 0, 25, 0, 25, 26, 0]","[0.91518813, 0.8526358, 0.84747326, 0.84511584, 0.84429276, 0.8082837, 0.80020976, 0.79635674, 0.79281706, 0.7885044, 0.7786335, 0.6595649, 0.62371796, 0.5906248, 0.5820764, 0.5365561, 0.5301906, 0.51308006, 0.5073266, 0.46999744, 0.46988934, 0.45225993, 0.38016963, 0.3272799, 0.3117531, 0.3089742, 0.26977578, 0.268461, 0.26745185]","[[435.02, 243.83, 112.36, 69.1], [258.67, 67.41, 68.2, 48.34], [394.34, 167.75, 88.71, 52.74], [365.02, 135.79, 78.7, 61.97], [339.55, 43.85, 68.35, 100.11], [214.95, 69.22, 63.06, 38.27], [199.91, 183.06, 68.12, 50.2], [296.82, 27.93, 54.18, 40.83], [106.36, 209.55, 70.23, 47.6], [401.85, 10.17, 61.59, 32.27], [457.94, 300.22, 79.37, 60.58], [1, 204.69, 49.9, 107.98], [520.67, 306.46, 53.05, 47.19], [472.06, 1, 39.14, 14.87], [302.45, 322.66, 82.86, 38.26], [499.46, 1, 96.02, 94.41], [435.15, 21.24, 89.32, 131.73], [564.47, 32.33, 74.87, 52.31], [489.66, 20.33, 68.71, 105.39], [609.92, 56.81, 30.05, 35.35], [429.87, 216.88, 36.98, 38.98], [51.82, 139.08, 62.07, 39.89], [398.71, 214.67, 67.0, 52.18], [141.81, 112.14, 56.16, 97.29], [430.98, 1, 44.28, 12.78], [222.16, 352.49, 48.22, 8.3], [167.09, 43.87, 51.42, 34.33], [400.1, 254.76, 37.29, 44.24], [574.58, 65.39, 61.92, 70.36]]"
2921,/home/pi/sambashare/BacArbeit/cocoval2017/000000011122.jpg,3.1908051110003726,['11: stop sign'],[11],[0.81540215],"[[251.03, 165.71, 83.34, 81.24]]"
2922,/home/pi/sambashare/BacArbeit/cocoval2017/000000121586.jpg,3.1808074210002815,"['62: tv', '73: book', '15: cat', '15: cat', '73: book', '73: book', '73: book', '73: book', '73: book', '73: book', '73: book']","[62, 73, 15, 15, 73, 73, 73, 73, 73, 73, 73]","[0.8850159, 0.59330165, 0.43067014, 0.3957096, 0.37975195, 0.35289752, 0.34457266, 0.33121482, 0.2968526, 0.27612093, 0.25867298]","[[97.12, 55.64, 197.95, 135.09], [396.28, 309.82, 85.02, 61.61], [187.19, 101.98, 51.91, 46.43], [165.16, 80.0, 90.36, 90.03], [297.58, 319.85, 26.61, 76.62], [313.74, 325.67, 27.55, 68.91], [283.42, 325.32, 21.21, 71.61], [539.88, 331.75, 52.77, 13.43], [328.77, 329.52, 30.27, 63.71], [346.46, 329.91, 20.9, 63.63], [543.3, 319.38, 48.98, 20.67]]"
2923,/home/pi/sambashare/BacArbeit/cocoval2017/000000166509.jpg,3.181127636000383,"['9: traffic light', '9: traffic light']","[9, 9]","[0.82833886, 0.78958875]","[[560.41, 78.04, 32.62, 72.24], [163.56, 51.7, 14.52, 36.64]]"
2924,/home/pi/sambashare/BacArbeit/cocoval2017/000000348045.jpg,3.1910154710003553,"['61: toilet', '61: toilet', '61: toilet']","[61, 61, 61]","[0.90376604, 0.9003456, 0.89671767]","[[238.61, 404.38, 119.94, 189.02], [451.4, 402.23, 132.21, 177.78], [5.48, 408.08, 133.74, 185.79]]"
2925,/home/pi/sambashare/BacArbeit/cocoval2017/000000002431.jpg,3.1997970559987152,"['40: wine glass', '44: spoon', '43: knife', '45: bowl', '0: person', '41: cup', '60: dining table', '56: chair', '0: person']","[40, 44, 43, 45, 0, 41, 60, 56, 0]","[0.9457374, 0.8947159, 0.88197255, 0.85937625, 0.69082683, 0.4216018, 0.37419206, 0.37412798, 0.34283674]","[[303.91, 1, 127.08, 212.02], [43.9, 375.01, 139.38, 96.78], [179.47, 116.49, 66.44, 76.14], [105.93, 391.92, 124.31, 172.48], [1, 1, 77.6, 131.06], [357.99, 416.72, 98.05, 218.68], [2.05, 106.81, 454.95, 531.39], [118.48, 9.69, 96.29, 111.8], [105.34, 1, 223.55, 117.8]]"
2926,/home/pi/sambashare/BacArbeit/cocoval2017/000000025394.jpg,3.177049504000024,"['0: person', '40: wine glass', '41: cup', '0: person', '39: bottle', '39: bottle', '39: bottle', '0: person', '39: bottle', '39: bottle', '39: bottle', '39: bottle', '39: bottle', '39: bottle', '39: bottle', '39: bottle', '39: bottle', '39: bottle', '39: bottle', '39: bottle', '39: bottle', '39: bottle', '41: cup', '39: bottle', '39: bottle', '40: wine glass', '40: wine glass', '40: wine glass', '39: bottle', '39: bottle', '40: wine glass', '40: wine glass', '40: wine glass', '60: dining table']","[0, 40, 41, 0, 39, 39, 39, 0, 39, 39, 39, 39, 39, 39, 39, 39, 39, 39, 39, 39, 39, 39, 41, 39, 39, 40, 40, 40, 39, 39, 40, 40, 40, 60]","[0.9446597, 0.93905294, 0.92012423, 0.8756478, 0.84457046, 0.8161051, 0.8090677, 0.7924, 0.7812665, 0.71656257, 0.70315677, 0.6928241, 0.68913776, 0.6812785, 0.671633, 0.66195065, 0.6509934, 0.6507638, 0.6361585, 0.5763344, 0.55928797, 0.5287798, 0.5220186, 0.5037797, 0.45333487, 0.4002259, 0.34692886, 0.32730308, 0.3184983, 0.31768644, 0.2960606, 0.2947964, 0.29281902, 0.27472207]","[[39.81, 136.28, 246.15, 413.74], [354.77, 407.98, 63.27, 167.96], [245.42, 435.39, 128.9, 204.61], [382.33, 475.98, 97.26, 81.27], [264.19, 17.82, 30.15, 84.46], [443.01, 367.91, 32.67, 89.68], [233.38, 22.92, 18.69, 71.17], [434.6, 260.37, 45.26, 149.89], [257.18, 139.78, 15.35, 58.71], [396.8, 278.92, 11.94, 45.11], [83.72, 2.17, 21.55, 54.68], [415.94, 94.43, 12.29, 37.9], [312.97, 67.57, 18.7, 42.84], [50.84, 1, 22.0, 50.03], [129.08, 17.2, 17.98, 49.8], [331.81, 71.87, 12.22, 42.3], [169.99, 6.74, 17.95, 72.39], [293.19, 46.69, 12.67, 59.77], [206.22, 44.29, 18.92, 41.81], [394.99, 89.57, 11.7, 37.92], [342.05, 75.93, 10.68, 41.51], [358.67, 83.82, 11.17, 37.59], [215.35, 374.48, 40.73, 53.64], [466.47, 212.73, 10.58, 44.0], [147.34, 1, 20.3, 72.79], [326.73, 265.91, 11.68, 30.02], [346.4, 265.38, 12.75, 35.71], [357.09, 263.79, 13.35, 50.32], [300.8, 139.95, 12.99, 51.18], [460.7, 212.66, 9.49, 44.05], [337.56, 264.55, 12.77, 35.82], [361.5, 263.69, 15.02, 51.85], [367.41, 261.75, 10.67, 36.99], [2.48, 431.43, 473.32, 205.6]]"
2927,/home/pi/sambashare/BacArbeit/cocoval2017/000000430871.jpg,3.193583213000238,['12: parking meter'],[12],[0.8502771],"[[38.99, 43.58, 145.58, 353.04]]"
2928,/home/pi/sambashare/BacArbeit/cocoval2017/000000207538.jpg,3.1879779860009876,"['68: microwave', '68: microwave']","[68, 68]","[0.9379753, 0.39008]","[[100.47, 155.17, 315.53, 188.29], [162.0, 360.62, 136.1, 14.25]]"
2929,/home/pi/sambashare/BacArbeit/cocoval2017/000000197022.jpg,3.1745515080001496,"['53: pizza', '45: bowl']","[53, 45]","[0.9123446, 0.78928965]","[[25.91, 64.08, 479.63, 267.09], [174.89, 346.75, 464.5, 130.25]]"
2930,/home/pi/sambashare/BacArbeit/cocoval2017/000000488270.jpg,3.18762128599883,['4: airplane'],[4],[0.9168615],"[[352.58, 225.21, 147.64, 45.46]]"
2931,/home/pi/sambashare/BacArbeit/cocoval2017/000000376284.jpg,3.178967202000422,"['2: car', '7: truck', '2: car', '2: car', '2: car', '10: fire hydrant', '2: car', '2: car']","[2, 7, 2, 2, 2, 10, 2, 2]","[0.95231086, 0.9027962, 0.87147415, 0.8506195, 0.7940958, 0.76265866, 0.56524605, 0.4841556]","[[70.81, 27.98, 184.11, 112.54], [348.44, 1, 150.84, 77.28], [37.78, 49.03, 57.87, 69.88], [11.52, 50.26, 56.0, 59.54], [211.09, 27.36, 60.59, 33.17], [271.5, 12.2, 138.34, 312.68], [1, 68.43, 18.05, 31.52], [248.07, 35.96, 54.54, 43.71]]"
2932,/home/pi/sambashare/BacArbeit/cocoval2017/000000089078.jpg,3.191392561999237,['0: person'],[0],[0.94212425],"[[154.59, 30.33, 200.02, 559.96]]"
2933,/home/pi/sambashare/BacArbeit/cocoval2017/000000259597.jpg,3.186892194000393,"['0: person', '67: cell phone', '23: giraffe']","[0, 67, 23]","[0.76101965, 0.40600958, 0.2844923]","[[32.31, 7.98, 265.79, 298.65], [204.27, 105.35, 29.91, 79.5], [451.66, 26.25, 66.63, 129.97]]"
2934,/home/pi/sambashare/BacArbeit/cocoval2017/000000048924.jpg,3.1932353419997526,['3: motorcycle'],[3],[0.7900112],"[[276.9, 107.84, 199.04, 302.01]]"
2935,/home/pi/sambashare/BacArbeit/cocoval2017/000000486479.jpg,3.200771421999889,['16: dog'],[16],[0.90055895],"[[64.81, 53.07, 236.13, 180.64]]"
2936,/home/pi/sambashare/BacArbeit/cocoval2017/000000297830.jpg,3.205508376999205,"['16: dog', '39: bottle', '13: bench']","[16, 39, 13]","[0.9171159, 0.9166363, 0.31196472]","[[162.58, 55.04, 311.63, 547.29], [118.13, 427.71, 48.98, 172.14], [1.04, 414.36, 502.87, 221.95]]"
2937,/home/pi/sambashare/BacArbeit/cocoval2017/000000074092.jpg,3.178991770000721,"['0: person', '32: sports ball', '38: tennis racket', '0: person', '0: person']","[0, 32, 38, 0, 0]","[0.92705184, 0.79765916, 0.7514041, 0.6164679, 0.4289293]","[[142.67, 160.72, 92.3, 271.89], [229.11, 93.47, 10.09, 10.44], [220.89, 87.75, 12.87, 86.34], [67.82, 278.26, 34.83, 77.11], [124.28, 184.3, 26.27, 25.72]]"
2938,/home/pi/sambashare/BacArbeit/cocoval2017/000000386912.jpg,3.198080352998659,"['0: person', '63: laptop', '73: book', '66: keyboard', '73: book', '73: book', '73: book', '73: book', '73: book', '73: book', '73: book', '73: book', '73: book', '73: book', '73: book', '73: book', '73: book', '73: book', '73: book', '73: book', '73: book', '73: book']","[0, 63, 73, 66, 73, 73, 73, 73, 73, 73, 73, 73, 73, 73, 73, 73, 73, 73, 73, 73, 73, 73]","[0.9277779, 0.80733407, 0.7967741, 0.5147548, 0.4121371, 0.37185162, 0.3681399, 0.36057186, 0.35296282, 0.35171118, 0.32269448, 0.31466636, 0.31289947, 0.31159756, 0.30917218, 0.28933367, 0.28251502, 0.2744293, 0.2728255, 0.26506424, 0.2626704, 0.2616051]","[[210.71, 143.34, 218.41, 275.61], [41.61, 248.37, 267.08, 197.76], [281.18, 404.85, 134.23, 75.0], [211.25, 370.41, 95.98, 50.52], [506.42, 1, 31.51, 82.55], [550.1, 1, 34.02, 82.64], [483.78, 279.9, 95.54, 33.09], [528.88, 331.54, 20.71, 76.74], [535.58, 331.81, 24.47, 77.79], [531.75, 1, 36.44, 82.45], [564.9, 1, 37.33, 82.92], [556.28, 336.76, 25.29, 76.36], [496.38, 126.36, 88.05, 17.02], [594.34, 352.4, 45.46, 27.55], [590.35, 388.05, 49.65, 24.17], [497.18, 112.36, 94.84, 25.68], [598.33, 172.62, 29.86, 60.37], [620.1, 176.4, 19.53, 58.88], [600.79, 341.25, 39.06, 28.26], [484.76, 266.98, 93.4, 26.34], [497.76, 105.07, 93.35, 20.65], [497.44, 99.48, 98.88, 13.85]]"
2939,/home/pi/sambashare/BacArbeit/cocoval2017/000000054931.jpg,3.1879615130001184,"['0: person', '17: horse']","[0, 17]","[0.9419702, 0.8246791]","[[200.43, 154.89, 175.69, 470.08], [1, 87.7, 145.07, 189.4]]"
2940,/home/pi/sambashare/BacArbeit/cocoval2017/000000442661.jpg,3.1770060030012246,['23: giraffe'],[23],[0.9503931],"[[107.49, 120.5, 254.67, 358.91]]"
2941,/home/pi/sambashare/BacArbeit/cocoval2017/000000079229.jpg,3.193004621,"['17: horse', '16: dog', '0: person']","[17, 16, 0]","[0.94909775, 0.9048027, 0.89666176]","[[203.37, 191.36, 282.91, 160.46], [106.95, 293.64, 92.55, 48.48], [329.36, 118.95, 63.05, 161.38]]"
2942,/home/pi/sambashare/BacArbeit/cocoval2017/000000074733.jpg,3.181555909000963,"['41: cup', '41: cup', '41: cup', '41: cup', '41: cup', '41: cup', '41: cup', '41: cup', '56: chair', '41: cup', '55: cake', '55: cake', '41: cup', '56: chair', '56: chair', '41: cup', '56: chair', '0: person', '56: chair', '60: dining table', '41: cup', '40: wine glass', '60: dining table']","[41, 41, 41, 41, 41, 41, 41, 41, 56, 41, 55, 55, 41, 56, 56, 41, 56, 0, 56, 60, 41, 40, 60]","[0.94493836, 0.94198436, 0.93655366, 0.9277117, 0.92598885, 0.91624373, 0.90898, 0.8797628, 0.8668118, 0.83642787, 0.79231036, 0.78569305, 0.7832762, 0.67094445, 0.650203, 0.569853, 0.5006199, 0.48866576, 0.47510585, 0.42788342, 0.42616194, 0.30353016, 0.26416457]","[[279.15, 394.36, 164.18, 216.84], [392.17, 324.43, 149.14, 243.99], [487.46, 273.0, 124.09, 214.21], [535.32, 124.1, 76.55, 130.73], [49.19, 69.92, 80.18, 134.74], [116.28, 52.32, 73.23, 126.53], [178.44, 39.26, 66.88, 117.3], [1, 87.52, 59.25, 146.52], [350.99, 67.56, 124.49, 76.81], [359.72, 1, 23.65, 32.01], [286.25, 200.14, 203.74, 131.49], [98.4, 256.41, 237.46, 141.57], [305.38, 1, 25.57, 32.28], [534.93, 1.01, 76.59, 124.19], [458.83, 1, 85.32, 147.48], [564.95, 232.06, 46.68, 65.21], [407.52, 1, 81.23, 67.99], [1, 1, 181.32, 95.72], [585.3, 93.5, 26.51, 38.02], [195.15, 1, 258.29, 77.82], [565.18, 231.57, 46.37, 192.26], [277.02, 1, 18.23, 13.46], [1.2, 107.82, 610.8, 504.18]]"
2943,/home/pi/sambashare/BacArbeit/cocoval2017/000000254814.jpg,3.1772361240000464,"['2: car', '7: truck', '7: truck', '5: bus', '2: car', '7: truck', '3: motorcycle', '1: bicycle', '1: bicycle', '3: motorcycle', '3: motorcycle', '3: motorcycle', '1: bicycle', '1: bicycle', '1: bicycle', '9: traffic light', '1: bicycle', '1: bicycle', '1: bicycle', '1: bicycle', '1: bicycle', '0: person', '1: bicycle', '1: bicycle', '3: motorcycle', '3: motorcycle', '1: bicycle', '3: motorcycle', '1: bicycle', '0: person', '0: person', '25: umbrella', '0: person', '0: person', '1: bicycle', '0: person', '1: bicycle', '0: person', '1: bicycle', '1: bicycle', '1: bicycle', '0: person', '0: person', '25: umbrella', '0: person', '0: person', '1: bicycle', '0: person']","[2, 7, 7, 5, 2, 7, 3, 1, 1, 3, 3, 3, 1, 1, 1, 9, 1, 1, 1, 1, 1, 0, 1, 1, 3, 3, 1, 3, 1, 0, 0, 25, 0, 0, 1, 0, 1, 0, 1, 1, 1, 0, 0, 25, 0, 0, 1, 0]","[0.929192, 0.9155458, 0.9029074, 0.88924927, 0.8836396, 0.8105502, 0.7806865, 0.70853317, 0.70567983, 0.70217115, 0.68361956, 0.6638921, 0.6475362, 0.6202919, 0.61803305, 0.6080688, 0.5813555, 0.57981235, 0.5758872, 0.5593947, 0.5409893, 0.5324823, 0.5154601, 0.50470746, 0.50101274, 0.49951896, 0.49738473, 0.49055067, 0.46358186, 0.4574764, 0.44383606, 0.41729027, 0.41653195, 0.40253583, 0.38362336, 0.3773922, 0.37101448, 0.35302743, 0.3490802, 0.34248707, 0.34072867, 0.30508396, 0.27987418, 0.27873212, 0.27787957, 0.27234325, 0.25256878, 0.25110835]","[[505.52, 375.16, 133.79, 104.6], [378.98, 308.13, 167.8, 117.7], [301.43, 274.94, 129.64, 92.7], [152.97, 46.22, 105.97, 52.58], [9.0, 163.64, 82.35, 56.92], [1, 51.52, 78.9, 75.2], [476.74, 193.67, 40.13, 29.11], [69.09, 264.64, 49.55, 31.39], [190.23, 135.1, 32.27, 23.09], [578.48, 205.03, 41.93, 33.41], [398.34, 188.46, 42.29, 23.67], [466.41, 159.54, 45.28, 26.1], [170.75, 275.57, 29.79, 57.47], [12.65, 257.65, 59.0, 47.75], [327.88, 219.19, 17.57, 32.16], [417.67, 98.64, 14.35, 29.21], [544.99, 344.35, 18.38, 26.5], [592.5, 180.49, 32.83, 26.1], [106.35, 129.31, 23.4, 23.44], [571.09, 92.71, 37.15, 20.83], [284.56, 235.7, 18.91, 31.45], [540.36, 316.69, 22.49, 46.43], [134.75, 127.16, 21.3, 21.09], [609.94, 138.82, 29.42, 27.3], [516.89, 147.71, 39.61, 29.63], [74.21, 125.11, 15.09, 19.71], [234.29, 245.05, 27.02, 39.76], [44.89, 211.93, 47.71, 34.57], [559.42, 311.37, 15.87, 34.69], [551.38, 284.67, 21.19, 47.97], [486.83, 177.81, 23.62, 37.63], [150.65, 9.66, 27.43, 10.71], [535.88, 468.14, 39.76, 11.76], [521.9, 77.42, 12.59, 21.25], [558.13, 145.42, 40.52, 28.09], [282.77, 216.7, 23.8, 41.12], [104.23, 250.74, 35.26, 29.7], [580.45, 193.11, 26.03, 38.42], [147.43, 258.99, 32.34, 26.37], [175.4, 251.18, 25.69, 33.13], [348.03, 180.22, 33.99, 27.18], [519.16, 290.41, 25.47, 39.7], [73.22, 109.87, 15.21, 30.84], [243.45, 23.89, 35.89, 14.99], [327.1, 200.62, 18.62, 42.21], [111.14, 116.06, 18.23, 31.26], [1, 271.63, 35.33, 34.62], [136.54, 114.48, 14.73, 27.86]]"
2944,/home/pi/sambashare/BacArbeit/cocoval2017/000000035326.jpg,3.181835916999262,[],[],[],[]
2945,/home/pi/sambashare/BacArbeit/cocoval2017/000000502168.jpg,3.17920082099954,"['0: person', '0: person', '0: person', '8: boat', '0: person', '0: person', '0: person', '8: boat', '0: person', '8: boat', '8: boat']","[0, 0, 0, 8, 0, 0, 0, 8, 0, 8, 8]","[0.9124321, 0.8982256, 0.89198923, 0.880491, 0.8376962, 0.82640135, 0.8135905, 0.79562193, 0.41258213, 0.35580498, 0.2779526]","[[434.78, 337.56, 84.43, 120.14], [554.44, 287.81, 60.29, 153.24], [511.4, 315.64, 55.61, 141.33], [550.86, 57.33, 64.27, 50.47], [432.64, 232.28, 40.28, 102.93], [472.8, 258.1, 38.87, 89.74], [590.05, 124.32, 18.51, 44.54], [50.66, 69.82, 60.4, 35.87], [391.61, 404.44, 83.55, 53.31], [406.71, 128.0, 232.72, 314.6], [277.8, 131.95, 16.44, 14.32]]"
2946,/home/pi/sambashare/BacArbeit/cocoval2017/000000540466.jpg,3.1888547750004363,"['25: umbrella', '26: handbag']","[25, 26]","[0.9200898, 0.31726047]","[[370.68, 91.65, 255.9, 189.88], [433.75, 190.2, 57.74, 94.9]]"
2947,/home/pi/sambashare/BacArbeit/cocoval2017/000000193926.jpg,3.17664788699949,"['46: banana', '0: person', '0: person', '1: bicycle', '0: person', '46: banana', '29: frisbee']","[46, 0, 0, 1, 0, 46, 29]","[0.8169382, 0.7085403, 0.5667509, 0.53218865, 0.43919578, 0.30619135, 0.2826065]","[[31.86, 19.66, 251.62, 204.98], [441.23, 323.16, 176.75, 133.73], [22.85, 257.15, 80.34, 177.91], [442.56, 25.36, 168.27, 98.33], [64.54, 323.74, 39.6, 62.83], [376.2, 114.52, 220.47, 100.59], [308.08, 269.38, 223.15, 180.01]]"
2948,/home/pi/sambashare/BacArbeit/cocoval2017/000000397351.jpg,3.1885205449998466,"['0: person', '7: truck']","[0, 7]","[0.7782944, 0.6626749]","[[32.18, 43.27, 268.85, 227.71], [247.88, 8.04, 384.96, 252.79]]"
2949,/home/pi/sambashare/BacArbeit/cocoval2017/000000009483.jpg,3.17921300099988,"['66: keyboard', '62: tv', '0: person', '64: mouse', '56: chair', '56: chair', '0: person', '27: tie', '56: chair']","[66, 62, 0, 64, 56, 56, 0, 27, 56]","[0.92219603, 0.91504884, 0.9016518, 0.8543615, 0.7846296, 0.776784, 0.69034505, 0.596519, 0.46435854]","[[305.39, 316.67, 117.87, 44.94], [456.94, 212.2, 121.56, 140.15], [37.0, 67.21, 139.72, 407.09], [374.68, 361.38, 33.41, 17.73], [355.91, 201.1, 84.39, 83.89], [299.0, 194.66, 74.3, 76.83], [290.3, 75.39, 87.09, 149.93], [109.45, 143.11, 19.87, 62.35], [259.74, 205.77, 48.95, 55.7]]"
2950,/home/pi/sambashare/BacArbeit/cocoval2017/000000092416.jpg,3.1799366360010026,"['0: person', '0: person', '39: bottle', '27: tie', '0: person', '0: person', '8: boat', '8: boat']","[0, 0, 39, 27, 0, 0, 8, 8]","[0.9314566, 0.8650438, 0.8298618, 0.8126715, 0.7462043, 0.74017644, 0.5935654, 0.41130528]","[[66.44, 46.61, 288.12, 590.58], [425.39, 305.17, 54.22, 333.28], [281.1, 389.07, 59.21, 209.62], [239.59, 270.78, 56.52, 192.57], [15.59, 218.42, 32.54, 59.78], [1, 227.51, 29.93, 58.75], [27.01, 154.37, 156.82, 103.56], [1, 259.72, 12.45, 20.75]]"
2951,/home/pi/sambashare/BacArbeit/cocoval2017/000000560279.jpg,3.185165048000272,"['61: toilet', '39: bottle']","[61, 39]","[0.8451237, 0.7359271]","[[182.62, 145.93, 249.28, 465.32], [328.55, 67.37, 42.27, 104.59]]"
2952,/home/pi/sambashare/BacArbeit/cocoval2017/000000100723.jpg,3.176524716000131,"['0: person', '0: person', '0: person', '0: person', '0: person', '0: person', '0: person', '0: person', '26: handbag', '0: person', '0: person', '0: person', '0: person', '0: person', '0: person', '0: person', '24: backpack', '0: person', '26: handbag', '26: handbag', '0: person']","[0, 0, 0, 0, 0, 0, 0, 0, 26, 0, 0, 0, 0, 0, 0, 0, 24, 0, 26, 26, 0]","[0.91516674, 0.9041842, 0.83114815, 0.82192945, 0.79012823, 0.7864533, 0.7026368, 0.5870953, 0.508646, 0.4930643, 0.4695445, 0.43207043, 0.42674255, 0.38678175, 0.36088294, 0.32786763, 0.323089, 0.29906294, 0.2959101, 0.2896271, 0.25965893]","[[3.87, 192.49, 158.29, 140.06], [196.21, 182.89, 123.75, 149.85], [372.1, 187.88, 94.74, 145.12], [108.04, 167.8, 90.45, 164.79], [328.5, 122.38, 126.43, 209.59], [258.22, 110.95, 80.91, 140.37], [454.01, 108.32, 45.95, 193.91], [200.07, 142.89, 58.67, 128.38], [487.26, 268.23, 12.52, 57.37], [322.12, 65.88, 37.71, 123.73], [448.25, 1, 11.87, 26.76], [13.81, 140.63, 97.23, 138.41], [378.58, 16.25, 28.48, 30.3], [416.82, 1, 13.17, 14.93], [427.8, 1, 10.86, 19.44], [188.02, 2.04, 17.16, 41.15], [363.47, 228.68, 55.72, 78.96], [464.56, 10.17, 29.75, 33.97], [55.75, 116.66, 19.3, 32.13], [345.13, 178.3, 47.74, 73.9], [149.16, 121.63, 60.26, 125.39]]"
2953,/home/pi/sambashare/BacArbeit/cocoval2017/000000377946.jpg,3.185337906999848,"['2: car', '2: car', '5: bus', '5: bus', '0: person', '0: person', '0: person', '9: traffic light', '0: person', '9: traffic light', '0: person', '7: truck']","[2, 2, 5, 5, 0, 0, 0, 9, 0, 9, 0, 7]","[0.9250461, 0.920438, 0.84092337, 0.7593905, 0.66233224, 0.6310985, 0.6103867, 0.5496588, 0.50709087, 0.43771482, 0.3115608, 0.2876214]","[[506.8, 253.24, 132.38, 172.17], [1, 189.0, 83.56, 85.97], [1, 144.44, 90.46, 58.65], [80.05, 45.19, 537.53, 356.24], [540.16, 170.54, 14.43, 33.12], [553.87, 168.02, 15.27, 42.68], [612.43, 165.04, 26.99, 55.94], [552.2, 100.94, 19.53, 31.8], [582.25, 166.77, 19.08, 42.2], [158.39, 43.1, 22.14, 34.57], [609.12, 165.22, 17.33, 52.39], [531.42, 138.75, 76.39, 47.65]]"
2954,/home/pi/sambashare/BacArbeit/cocoval2017/000000575187.jpg,3.185863327998959,"['0: person', '23: giraffe']","[0, 23]","[0.92787343, 0.8676136]","[[1, 161.56, 255.69, 187.46], [257.72, 46.64, 241.7, 128.06]]"
2955,/home/pi/sambashare/BacArbeit/cocoval2017/000000508639.jpg,3.1883255200009444,['17: horse'],[17],[0.738876],"[[126.31, 272.51, 217.09, 150.71]]"
2956,/home/pi/sambashare/BacArbeit/cocoval2017/000000434297.jpg,3.1818215619987313,"['41: cup', '45: bowl', '50: broccoli', '75: vase', '75: vase']","[41, 45, 50, 75, 75]","[0.65870625, 0.36793888, 0.36549413, 0.28287828, 0.27736542]","[[335.32, 1, 170.41, 61.6], [82.34, 97.19, 541.47, 369.56], [395.97, 244.39, 91.9, 97.79], [266.76, 1, 53.9, 55.53], [201.48, 1, 70.72, 46.01]]"
2957,/home/pi/sambashare/BacArbeit/cocoval2017/000000348488.jpg,3.1659346550004557,"['17: horse', '17: horse']","[17, 17]","[0.41189647, 0.4088833]","[[16.68, 82.01, 567.87, 395.93], [435.74, 88.37, 114.52, 214.87]]"
2958,/home/pi/sambashare/BacArbeit/cocoval2017/000000260106.jpg,3.181690763000006,"['17: horse', '0: person', '0: person', '17: horse', '0: person', '0: person']","[17, 0, 0, 17, 0, 0]","[0.88343096, 0.8323324, 0.70023835, 0.61399645, 0.5556308, 0.42801315]","[[112.28, 110.49, 263.19, 365.75], [102.24, 393.61, 36.0, 94.34], [163.3, 88.99, 148.73, 209.07], [23.97, 395.21, 36.15, 92.73], [70.44, 407.28, 25.64, 82.21], [1, 330.81, 22.97, 91.91]]"
2959,/home/pi/sambashare/BacArbeit/cocoval2017/000000311295.jpg,3.1851536550002493,"['22: zebra', '22: zebra', '22: zebra', '22: zebra', '23: giraffe', '23: giraffe']","[22, 22, 22, 22, 23, 23]","[0.860103, 0.84227544, 0.8237995, 0.65007716, 0.45812738, 0.42626914]","[[498.27, 226.17, 85.12, 59.9], [30.72, 214.04, 47.52, 40.9], [220.93, 226.42, 43.52, 43.87], [85.92, 215.22, 21.61, 39.14], [464.3, 169.11, 20.38, 77.99], [243.83, 180.43, 46.08, 33.76]]"
2960,/home/pi/sambashare/BacArbeit/cocoval2017/000000335450.jpg,3.1987106679989665,"['17: horse', '17: horse', '17: horse']","[17, 17, 17]","[0.8303932, 0.7679348, 0.41736916]","[[302.66, 26.26, 284.05, 383.01], [166.75, 172.83, 15.88, 10.26], [253.38, 177.58, 136.68, 226.44]]"
2961,/home/pi/sambashare/BacArbeit/cocoval2017/000000045550.jpg,3.1825000509998063,"['41: cup', '0: person', '0: person', '74: clock', '0: person', '0: person', '0: person', '0: person']","[41, 0, 0, 74, 0, 0, 0, 0]","[0.92242825, 0.8536897, 0.8024476, 0.70644045, 0.5148276, 0.46840194, 0.44321746, 0.41424626]","[[98.65, 378.61, 108.45, 78.12], [518.65, 37.51, 90.38, 270.54], [97.13, 61.32, 54.38, 56.55], [200.98, 1, 39.49, 28.0], [593.42, 71.32, 36.69, 67.37], [48.03, 3.97, 587.57, 471.52], [7.03, 85.49, 54.79, 44.94], [67.76, 89.06, 30.34, 29.58]]"
2962,/home/pi/sambashare/BacArbeit/cocoval2017/000000237071.jpg,3.173885121999774,"['0: person', '38: tennis racket', '32: sports ball', '74: clock']","[0, 38, 32, 74]","[0.9297868, 0.9050925, 0.74118185, 0.42832446]","[[178.03, 101.02, 290.86, 324.94], [103.65, 258.76, 96.86, 80.64], [362.02, 151.54, 24.62, 24.85], [111.83, 1, 29.12, 3.66]]"
2963,/home/pi/sambashare/BacArbeit/cocoval2017/000000153343.jpg,3.1797286179989896,"['77: teddy bear', '77: teddy bear']","[77, 77]","[0.8462782, 0.659013]","[[357.15, 153.53, 197.31, 226.66], [73.58, 150.58, 208.79, 232.88]]"
2964,/home/pi/sambashare/BacArbeit/cocoval2017/000000270066.jpg,3.172419856999113,"['3: motorcycle', '7: truck']","[3, 7]","[0.9052851, 0.7439655]","[[85.7, 85.86, 496.39, 297.56], [62.29, 1.48, 503.97, 179.31]]"
2965,/home/pi/sambashare/BacArbeit/cocoval2017/000000270677.jpg,3.180926521999936,"['0: person', '36: skateboard', '2: car']","[0, 36, 2]","[0.918301, 0.7276789, 0.65487695]","[[181.96, 89.43, 272.18, 549.45], [405.81, 465.72, 89.61, 174.28], [1, 538.06, 119.68, 96.67]]"
2966,/home/pi/sambashare/BacArbeit/cocoval2017/000000557258.jpg,3.183381045000715,['61: toilet'],[61],[0.6068264],"[[12.21, 186.43, 286.22, 313.35]]"
2967,/home/pi/sambashare/BacArbeit/cocoval2017/000000433915.jpg,3.180323276001218,"['0: person', '27: tie']","[0, 27]","[0.76618075, 0.73659575]","[[38.39, 65.83, 467.92, 348.31], [229.1, 354.28, 47.69, 56.43]]"
2968,/home/pi/sambashare/BacArbeit/cocoval2017/000000239347.jpg,3.1764989260009315,"['0: person', '0: person', '59: bed']","[0, 0, 59]","[0.6441383, 0.5151939, 0.4834026]","[[209.0, 156.98, 164.74, 107.2], [283.38, 135.83, 114.08, 91.77], [125.21, 105.74, 406.9, 346.42]]"
2969,/home/pi/sambashare/BacArbeit/cocoval2017/000000273132.jpg,3.180596288999368,"['0: person', '13: bench', '24: backpack', '0: person']","[0, 13, 24, 0]","[0.7877978, 0.46306014, 0.4120081, 0.37304536]","[[115.31, 184.98, 385.28, 428.9], [392.43, 332.02, 222.9, 262.58], [26.82, 334.87, 152.64, 155.86], [430.73, 481.07, 187.03, 137.21]]"
2970,/home/pi/sambashare/BacArbeit/cocoval2017/000000005001.jpg,3.193421110001509,"['0: person', '0: person', '0: person', '0: person', '0: person', '0: person', '0: person', '0: person', '0: person', '0: person', '0: person', '0: person', '0: person', '0: person', '27: tie', '0: person', '0: person', '0: person', '30: skis', '0: person', '31: snowboard', '37: surfboard']","[0, 0, 0, 0, 0, 0, 0, 0, 0, 0, 0, 0, 0, 0, 27, 0, 0, 0, 30, 0, 31, 37]","[0.8723861, 0.8662178, 0.8473594, 0.7931446, 0.7068374, 0.65331393, 0.64636266, 0.6366414, 0.629243, 0.59035295, 0.58894724, 0.5720664, 0.50579804, 0.5032858, 0.46284497, 0.4372314, 0.42636687, 0.36009791, 0.3343947, 0.28414315, 0.2837239, 0.2767133]","[[78.17, 227.01, 111.49, 252.95], [364.27, 96.44, 158.18, 381.86], [203.33, 254.71, 143.1, 224.85], [433.25, 51.93, 72.58, 107.97], [342.89, 54.1, 61.24, 104.41], [128.32, 82.29, 51.07, 64.78], [296.82, 52.91, 59.3, 83.09], [526.6, 53.68, 42.39, 68.57], [170.58, 32.52, 79.32, 169.61], [568.53, 146.29, 71.22, 333.71], [212.45, 88.24, 121.6, 227.22], [41.49, 96.29, 174.02, 260.12], [427.17, 27.32, 48.75, 70.95], [10.51, 34.12, 60.46, 199.44], [428.85, 175.19, 12.56, 20.5], [233.34, 63.16, 62.74, 111.31], [45.71, 52.62, 89.46, 87.04], [530.84, 56.94, 107.24, 286.58], [183.57, 201.16, 53.27, 169.82], [431.88, 37.47, 74.68, 69.45], [303.81, 134.92, 85.32, 232.39], [48.9, 346.1, 504.13, 111.11]]"
2971,/home/pi/sambashare/BacArbeit/cocoval2017/000000530162.jpg,3.1939437679993716,"['0: person', '22: zebra', '0: person', '0: person', '0: person', '0: person', '0: person', '25: umbrella', '0: person', '0: person', '25: umbrella', '0: person']","[0, 22, 0, 0, 0, 0, 0, 25, 0, 0, 25, 0]","[0.8906237, 0.8661212, 0.82952577, 0.7504932, 0.7495471, 0.56638604, 0.56498903, 0.45437798, 0.39362553, 0.34443927, 0.2823143, 0.26214132]","[[304.37, 275.27, 160.06, 151.35], [137.31, 167.44, 115.28, 258.72], [266.31, 149.08, 148.77, 220.62], [176.54, 271.76, 134.58, 154.87], [1, 145.42, 55.92, 245.55], [541.38, 311.15, 98.31, 115.67], [121.1, 182.17, 23.83, 58.59], [126.43, 1.72, 385.76, 138.95], [139.91, 181.17, 23.07, 54.27], [1.21, 155.18, 121.29, 234.63], [1, 157.8, 24.04, 50.47], [235.25, 177.68, 12.09, 37.85]]"
2972,/home/pi/sambashare/BacArbeit/cocoval2017/000000135673.jpg,3.1779000110000197,"['4: airplane', '4: airplane']","[4, 4]","[0.92632324, 0.906292]","[[312.84, 200.74, 104.05, 47.13], [218.5, 161.34, 127.02, 45.81]]"
2973,/home/pi/sambashare/BacArbeit/cocoval2017/000000519208.jpg,3.1924101330005215,"['0: person', '20: elephant']","[0, 20]","[0.822924, 0.25551376]","[[290.62, 35.68, 349.38, 368.48], [1.19, 160.4, 103.65, 242.53]]"
2974,/home/pi/sambashare/BacArbeit/cocoval2017/000000177539.jpg,3.1817709679999098,"['0: person', '37: surfboard']","[0, 37]","[0.9064597, 0.7293909]","[[250.58, 1, 233.15, 302.69], [2.12, 7.29, 316.33, 395.41]]"
2975,/home/pi/sambashare/BacArbeit/cocoval2017/000000246308.jpg,3.175279467001019,"['63: laptop', '64: mouse', '66: keyboard', '62: tv', '56: chair', '66: keyboard', '67: cell phone', '67: cell phone']","[63, 64, 66, 62, 56, 66, 67, 67]","[0.9266585, 0.8754837, 0.8398909, 0.77287644, 0.76610494, 0.42516494, 0.32220563, 0.2656328]","[[107.69, 408.55, 130.88, 130.27], [311.99, 590.15, 37.96, 32.06], [109.98, 585.32, 197.78, 53.39], [224.06, 376.54, 158.8, 112.65], [27.22, 561.38, 81.77, 77.99], [112.09, 486.21, 124.27, 45.32], [403.28, 439.27, 24.88, 46.97], [53.74, 467.63, 34.56, 50.68]]"
2976,/home/pi/sambashare/BacArbeit/cocoval2017/000000153797.jpg,3.1810386489996745,"['0: person', '32: sports ball', '35: baseball glove']","[0, 32, 35]","[0.9491543, 0.81849146, 0.8032658]","[[321.89, 106.8, 115.25, 219.19], [142.51, 97.22, 13.66, 11.22], [383.94, 178.33, 33.69, 38.19]]"
2977,/home/pi/sambashare/BacArbeit/cocoval2017/000000123131.jpg,3.181437791999997,"['7: truck', '7: truck', '7: truck']","[7, 7, 7]","[0.7464992, 0.65575165, 0.6527488]","[[1, 218.46, 34.98, 66.81], [44.79, 27.21, 570.06, 327.9], [46.75, 226.57, 32.3, 61.83]]"
2978,/home/pi/sambashare/BacArbeit/cocoval2017/000000179141.jpg,3.1856232240006648,"['41: cup', '45: bowl', '53: pizza', '0: person', '45: bowl', '39: bottle', '0: person', '16: dog', '0: person', '67: cell phone']","[41, 45, 53, 0, 45, 39, 0, 16, 0, 67]","[0.82457834, 0.7398632, 0.6796775, 0.6276037, 0.5930133, 0.4371456, 0.37577325, 0.33636287, 0.3078225, 0.28072235]","[[290.98, 274.34, 41.31, 63.71], [405.24, 327.16, 91.16, 58.21], [87.94, 418.62, 262.77, 60.73], [400.2, 25.37, 237.73, 453.97], [310.48, 348.83, 105.02, 69.24], [258.65, 242.44, 40.94, 80.36], [1.86, 2.56, 281.78, 472.0], [1.34, 1, 191.17, 279.77], [268.69, 1, 249.98, 353.8], [479.86, 135.42, 38.15, 46.85]]"
2979,/home/pi/sambashare/BacArbeit/cocoval2017/000000528399.jpg,3.183002490000945,"['41: cup', '41: cup', '41: cup', '41: cup', '41: cup', '44: spoon', '0: person', '45: bowl', '44: spoon', '75: vase', '44: spoon', '45: bowl']","[41, 41, 41, 41, 41, 44, 0, 45, 44, 75, 44, 45]","[0.92232287, 0.8991434, 0.8858684, 0.8697202, 0.82296294, 0.8036106, 0.675446, 0.47987124, 0.41977307, 0.3921533, 0.3810907, 0.28475296]","[[351.3, 195.24, 209.38, 202.59], [437.07, 137.47, 134.74, 88.37], [505.72, 32.21, 89.13, 132.55], [571.43, 102.22, 68.12, 200.16], [439.36, 29.78, 80.98, 119.16], [536.17, 218.14, 75.56, 209.52], [333.93, 1.09, 306.07, 101.4], [54.81, 156.59, 285.91, 191.74], [22.0, 284.09, 109.53, 26.07], [68.04, 1, 167.4, 114.05], [444.3, 366.55, 129.2, 61.17], [32.67, 36.2, 288.03, 112.54]]"
2980,/home/pi/sambashare/BacArbeit/cocoval2017/000000289659.jpg,3.197228548999192,['23: giraffe'],[23],[0.94514185],"[[202.75, 72.41, 325.74, 289.91]]"
2981,/home/pi/sambashare/BacArbeit/cocoval2017/000000481567.jpg,3.1895486140001594,"['3: motorcycle', '0: person']","[3, 0]","[0.8721738, 0.7735219]","[[212.36, 170.32, 194.81, 287.66], [237.67, 89.14, 150.24, 222.96]]"
2982,/home/pi/sambashare/BacArbeit/cocoval2017/000000088040.jpg,3.173088054998516,"['44: spoon', '42: fork', '45: bowl', '45: bowl', '45: bowl', '44: spoon', '45: bowl', '45: bowl', '44: spoon', '45: bowl', '45: bowl', '45: bowl', '43: knife', '44: spoon']","[44, 42, 45, 45, 45, 44, 45, 45, 44, 45, 45, 45, 43, 44]","[0.93066335, 0.86989665, 0.83077425, 0.82876474, 0.81925356, 0.8168771, 0.79277927, 0.6144607, 0.58576006, 0.44007576, 0.37433565, 0.36255014, 0.34673998, 0.28158537]","[[80.39, 107.0, 65.64, 101.63], [49.36, 517.28, 152.1, 56.52], [75.32, 80.3, 96.95, 97.71], [106.73, 190.7, 60.45, 64.28], [50.64, 262.85, 66.89, 78.81], [43.23, 80.26, 44.4, 203.34], [313.58, 370.61, 100.99, 103.67], [348.01, 1.28, 78.22, 62.13], [344.93, 231.72, 52.57, 103.38], [1, 1, 64.18, 80.07], [41.58, 222.17, 45.59, 60.27], [173.37, 123.79, 229.28, 220.33], [1, 62.41, 48.78, 196.18], [395.99, 553.15, 30.71, 68.22]]"
2983,/home/pi/sambashare/BacArbeit/cocoval2017/000000272148.jpg,3.177349908999531,"['0: person', '0: person', '0: person', '0: person', '0: person', '0: person', '0: person', '0: person', '0: person', '0: person']","[0, 0, 0, 0, 0, 0, 0, 0, 0, 0]","[0.6821378, 0.58823407, 0.51950145, 0.5192949, 0.38795125, 0.3397936, 0.30167916, 0.28090727, 0.2604052, 0.25810665]","[[280.64, 261.97, 14.67, 18.32], [200.57, 251.38, 10.32, 12.99], [258.83, 328.4, 53.84, 15.0], [156.02, 224.93, 9.42, 9.69], [145.54, 214.52, 9.23, 9.37], [124.52, 184.89, 7.61, 5.56], [605.38, 118.61, 7.77, 13.8], [112.54, 207.85, 7.67, 6.76], [296.35, 324.48, 9.83, 14.13], [615.4, 162.65, 4.53, 7.43]]"
2984,/home/pi/sambashare/BacArbeit/cocoval2017/000000160772.jpg,3.1832725839994964,"['8: boat', '0: person']","[8, 0]","[0.73463666, 0.30563116]","[[85.93, 66.32, 469.03, 199.59], [459.11, 216.32, 6.76, 8.77]]"
2985,/home/pi/sambashare/BacArbeit/cocoval2017/000000070158.jpg,3.1826895240010344,"['22: zebra', '22: zebra', '22: zebra']","[22, 22, 22]","[0.951365, 0.9303112, 0.91358256]","[[126.42, 185.37, 283.28, 415.77], [20.09, 96.47, 148.07, 412.13], [23.58, 29.73, 322.22, 221.5]]"
2986,/home/pi/sambashare/BacArbeit/cocoval2017/000000546826.jpg,3.1866358349998336,"['37: surfboard', '76: scissors', '37: surfboard']","[37, 76, 37]","[0.72284263, 0.55824894, 0.53227174]","[[25.9, 1.41, 178.02, 477.18], [322.32, 11.89, 317.68, 464.77], [1, 4.17, 74.97, 465.61]]"
2987,/home/pi/sambashare/BacArbeit/cocoval2017/000000259640.jpg,3.197261448000063,"['0: person', '0: person', '1: bicycle', '0: person', '0: person', '0: person', '0: person', '1: bicycle', '26: handbag', '25: umbrella', '0: person', '74: clock', '24: backpack', '1: bicycle', '26: handbag']","[0, 0, 1, 0, 0, 0, 0, 1, 26, 25, 0, 74, 24, 1, 26]","[0.84043074, 0.8044828, 0.7691646, 0.7298363, 0.72007453, 0.6909559, 0.6305326, 0.61631715, 0.5119345, 0.4612936, 0.40823075, 0.40550494, 0.31015962, 0.28735143, 0.26960817]","[[513.9, 224.25, 33.53, 98.28], [397.17, 204.39, 104.96, 222.61], [543.19, 277.34, 96.76, 77.07], [483.42, 230.43, 31.76, 93.55], [350.62, 213.5, 38.87, 137.99], [549.09, 221.69, 65.14, 131.08], [457.39, 221.26, 27.27, 49.15], [399.5, 352.1, 86.91, 74.49], [399.0, 248.87, 49.0, 101.31], [1.58, 55.18, 178.11, 152.46], [582.72, 217.97, 39.42, 73.91], [452.88, 145.77, 27.37, 29.54], [573.2, 242.97, 28.1, 31.97], [497.98, 266.28, 31.5, 39.15], [543.04, 243.77, 23.21, 37.78]]"
2988,/home/pi/sambashare/BacArbeit/cocoval2017/000000397354.jpg,3.1746584529992106,"['0: person', '0: person', '0: person', '0: person', '39: bottle', '0: person', '39: bottle', '72: refrigerator', '56: chair', '68: microwave', '41: cup', '0: person', '40: wine glass', '40: wine glass', '40: wine glass', '26: handbag', '40: wine glass', '39: bottle', '39: bottle', '24: backpack', '39: bottle', '39: bottle', '39: bottle', '39: bottle', '40: wine glass', '40: wine glass', '45: bowl', '60: dining table', '40: wine glass', '39: bottle', '40: wine glass', '40: wine glass']","[0, 0, 0, 0, 39, 0, 39, 72, 56, 68, 41, 0, 40, 40, 40, 26, 40, 39, 39, 24, 39, 39, 39, 39, 40, 40, 45, 60, 40, 39, 40, 40]","[0.9443964, 0.9189672, 0.90727246, 0.8855842, 0.85557806, 0.8064025, 0.7377109, 0.7193531, 0.7154274, 0.69968265, 0.68996614, 0.6895274, 0.68706393, 0.6456416, 0.6375049, 0.60888577, 0.58409375, 0.5116658, 0.50941306, 0.43769845, 0.42912203, 0.42762434, 0.40343916, 0.38928026, 0.38122702, 0.37639877, 0.35053322, 0.34537473, 0.32554874, 0.30763245, 0.26615646, 0.25441366]","[[337.51, 216.71, 193.25, 262.82], [148.67, 167.6, 70.91, 177.02], [246.51, 173.85, 116.99, 158.01], [494.95, 243.8, 144.83, 234.94], [46.59, 279.06, 30.76, 72.3], [336.05, 154.35, 64.46, 167.6], [294.84, 281.3, 21.27, 82.68], [451.47, 158.89, 139.92, 202.77], [199.25, 405.69, 176.92, 73.95], [43.04, 234.03, 93.31, 55.74], [241.23, 330.53, 26.34, 29.97], [1, 409.39, 26.54, 70.21], [418.9, 123.96, 14.21, 26.69], [434.79, 124.38, 12.45, 26.41], [405.87, 124.02, 13.35, 26.63], [35.55, 392.11, 104.52, 87.73], [396.87, 123.99, 11.19, 26.73], [6.22, 322.26, 25.42, 44.14], [222.69, 244.99, 10.97, 26.29], [299.1, 417.33, 67.38, 62.56], [314.92, 321.82, 17.75, 54.27], [331.4, 330.11, 24.01, 54.48], [233.04, 241.13, 10.84, 30.51], [142.22, 246.12, 13.19, 37.9], [397.03, 161.14, 12.07, 23.13], [419.42, 161.66, 11.17, 23.21], [187.53, 351.2, 32.63, 21.39], [9.99, 320.83, 377.49, 107.64], [432.66, 164.01, 13.33, 20.89], [415.92, 80.94, 14.11, 32.66], [406.03, 161.37, 12.84, 22.52], [431.76, 84.12, 15.93, 29.87]]"
2989,/home/pi/sambashare/BacArbeit/cocoval2017/000000377635.jpg,3.182898273998944,"['0: person', '36: skateboard', '0: person', '38: tennis racket', '0: person']","[0, 36, 0, 38, 0]","[0.9307551, 0.7428538, 0.6513734, 0.5385468, 0.36925283]","[[252.23, 38.34, 125.82, 138.33], [283.05, 188.57, 78.08, 12.99], [297.28, 204.97, 11.41, 17.52], [630.24, 195.92, 9.51, 29.04], [284.34, 205.64, 12.96, 16.27]]"
2990,/home/pi/sambashare/BacArbeit/cocoval2017/000000482970.jpg,3.1912018330003775,"['63: laptop', '64: mouse', '66: keyboard']","[63, 64, 66]","[0.9400411, 0.5909664, 0.32734558]","[[184.71, 109.76, 285.39, 242.65], [525.91, 323.7, 112.81, 36.12], [218.16, 274.2, 215.69, 34.79]]"
2991,/home/pi/sambashare/BacArbeit/cocoval2017/000000246436.jpg,3.196876460999192,"['45: bowl', '0: person', '53: pizza', '41: cup', '45: bowl']","[45, 0, 53, 41, 45]","[0.8924909, 0.7473989, 0.62888783, 0.46321332, 0.29463977]","[[181.93, 435.77, 69.98, 42.94], [1.2, 1, 353.99, 637.11], [263.11, 470.18, 165.85, 89.26], [236.79, 402.61, 44.11, 60.19], [463.79, 560.04, 15.93, 77.34]]"
2992,/home/pi/sambashare/BacArbeit/cocoval2017/000000500423.jpg,3.163692654999977,"['6: train', '11: stop sign']","[6, 11]","[0.6195107, 0.4047763]","[[1.41, 27.02, 637.8, 336.65], [424.51, 66.16, 42.77, 49.76]]"
2993,/home/pi/sambashare/BacArbeit/cocoval2017/000000215114.jpg,3.1857110609998927,"['39: bottle', '39: bottle', '0: person', '39: bottle', '39: bottle', '39: bottle', '72: refrigerator']","[39, 39, 0, 39, 39, 39, 72]","[0.8105641, 0.7513964, 0.70123464, 0.53492045, 0.52674294, 0.26086724, 0.2533771]","[[287.87, 480.05, 43.13, 91.47], [277.3, 244.78, 37.54, 101.57], [163.68, 127.71, 156.77, 370.91], [301.69, 434.35, 30.23, 61.1], [313.95, 292.85, 23.33, 54.69], [279.18, 514.86, 46.17, 73.63], [3.37, 3.86, 219.55, 631.93]]"
2994,/home/pi/sambashare/BacArbeit/cocoval2017/000000260925.jpg,3.183634783999878,"['15: cat', '2: car', '0: person']","[15, 2, 0]","[0.7949005, 0.2759272, 0.25744036]","[[70.89, 225.88, 481.88, 190.1], [4.65, 19.79, 634.94, 422.49], [546.27, 35.83, 15.05, 24.45]]"
2995,/home/pi/sambashare/BacArbeit/cocoval2017/000000304545.jpg,3.1882941929998196,['28: suitcase'],[28],[0.4921702],"[[3.52, 8.5, 634.46, 512.58]]"
2996,/home/pi/sambashare/BacArbeit/cocoval2017/000000190676.jpg,3.1880007319996366,"['4: airplane', '25: umbrella', '0: person', '0: person', '25: umbrella', '0: person', '25: umbrella', '25: umbrella']","[4, 25, 0, 0, 25, 0, 25, 25]","[0.85837847, 0.77476877, 0.7315549, 0.6636677, 0.6043261, 0.3403183, 0.29180878, 0.29011625]","[[3.44, 71.68, 217.77, 74.91], [309.46, 104.07, 21.61, 48.7], [288.85, 109.05, 15.37, 22.19], [212.94, 111.28, 12.65, 23.67], [432.11, 98.69, 14.59, 42.13], [224.7, 111.45, 13.62, 23.47], [506.17, 91.79, 34.61, 64.58], [550.54, 30.26, 88.28, 231.05]]"
2997,/home/pi/sambashare/BacArbeit/cocoval2017/000000313130.jpg,3.1787871129999985,"['68: microwave', '56: chair', '72: refrigerator', '39: bottle', '59: bed', '56: chair', '56: chair']","[68, 56, 72, 39, 59, 56, 56]","[0.9322656, 0.82433534, 0.80205107, 0.37649336, 0.32480124, 0.27090982, 0.2502717]","[[387.8, 136.24, 135.14, 89.09], [50.56, 124.01, 78.39, 150.99], [188.68, 65.76, 197.34, 411.84], [371.9, 1.47, 16.56, 44.95], [604.76, 393.1, 34.8, 59.52], [51.94, 124.38, 76.36, 52.71], [88.73, 132.36, 38.78, 35.63]]"
2998,/home/pi/sambashare/BacArbeit/cocoval2017/000000389451.jpg,3.187523450000299,"['19: cow', '19: cow', '19: cow', '19: cow', '0: person', '0: person', '0: person', '0: person', '8: boat', '0: person', '0: person', '0: person', '0: person', '0: person', '0: person', '14: bird']","[19, 19, 19, 19, 0, 0, 0, 0, 8, 0, 0, 0, 0, 0, 0, 14]","[0.9352229, 0.9351979, 0.9191711, 0.8859595, 0.81283826, 0.7380966, 0.7158776, 0.70834386, 0.63298064, 0.5888948, 0.43288139, 0.41174665, 0.4068915, 0.3518619, 0.3361275, 0.2963195]","[[551.44, 256.37, 68.2, 60.9], [453.91, 259.33, 80.82, 68.92], [12.75, 270.19, 74.79, 56.85], [134.5, 283.63, 94.05, 69.18], [114.38, 151.57, 11.43, 21.59], [309.69, 161.03, 8.6, 18.91], [340.74, 164.95, 9.79, 20.07], [326.04, 143.19, 8.99, 14.89], [295.83, 117.65, 90.0, 50.97], [354.53, 148.63, 8.55, 19.84], [380.2, 143.88, 4.14, 5.83], [365.34, 143.4, 4.75, 5.22], [133.79, 171.04, 4.16, 5.86], [162.13, 103.28, 5.99, 5.44], [317.57, 139.02, 30.44, 23.58], [600.53, 139.51, 5.08, 4.36]]"
2999,/home/pi/sambashare/BacArbeit/cocoval2017/000000570736.jpg,3.1728862740001205,"['61: toilet', '71: sink']","[61, 71]","[0.83641714, 0.778505]","[[138.49, 351.6, 141.73, 201.41], [331.43, 368.31, 93.08, 30.7]]"
3000,/home/pi/sambashare/BacArbeit/cocoval2017/000000060770.jpg,3.1805865980004455,"['22: zebra', '22: zebra']","[22, 22]","[0.9446426, 0.7909142]","[[121.13, 106.52, 231.7, 247.34], [1, 160.86, 148.66, 131.81]]"
3001,/home/pi/sambashare/BacArbeit/cocoval2017/000000453584.jpg,3.1873304410000856,"['13: bench', '56: chair', '11: stop sign']","[13, 56, 11]","[0.83941686, 0.4593806, 0.27458906]","[[249.15, 170.62, 277.82, 182.52], [1, 215.86, 21.63, 100.66], [104.25, 146.29, 75.15, 64.8]]"
3002,/home/pi/sambashare/BacArbeit/cocoval2017/000000122962.jpg,3.185512910000398,"['0: person', '0: person', '0: person', '0: person', '0: person', '0: person', '0: person', '0: person', '0: person', '43: knife', '39: bottle', '0: person', '45: bowl', '0: person', '0: person', '39: bottle', '0: person', '60: dining table', '45: bowl', '0: person', '60: dining table', '0: person', '0: person', '0: person', '0: person', '0: person', '0: person', '45: bowl', '39: bottle', '41: cup', '0: person', '41: cup']","[0, 0, 0, 0, 0, 0, 0, 0, 0, 43, 39, 0, 45, 0, 0, 39, 0, 60, 45, 0, 60, 0, 0, 0, 0, 0, 0, 45, 39, 41, 0, 41]","[0.9091321, 0.8855061, 0.814658, 0.81448245, 0.80908334, 0.78358984, 0.7517148, 0.70016396, 0.68169713, 0.6735517, 0.64743274, 0.63815224, 0.60520947, 0.5853796, 0.5764109, 0.56105757, 0.553343, 0.5410628, 0.44168463, 0.4360434, 0.42289546, 0.4203458, 0.41376758, 0.3887378, 0.3548817, 0.3531763, 0.32033253, 0.3035736, 0.3024346, 0.28596026, 0.2811861, 0.2758636]","[[56.99, 292.95, 137.77, 130.57], [442.27, 210.02, 101.54, 175.5], [109.79, 1, 88.06, 214.03], [496.89, 66.38, 111.2, 174.69], [44.91, 1, 97.67, 202.67], [424.71, 152.23, 73.4, 116.89], [201.0, 67.15, 87.16, 162.53], [378.61, 214.86, 58.96, 156.85], [143.07, 179.51, 93.09, 153.04], [267.83, 336.4, 22.85, 41.08], [248.74, 198.83, 14.66, 30.98], [575.44, 192.82, 64.3, 188.49], [151.22, 331.64, 62.63, 38.18], [283.86, 289.43, 134.59, 133.77], [300.59, 94.04, 55.73, 97.17], [329.87, 178.65, 10.32, 23.56], [249.58, 132.71, 56.48, 97.99], [145.82, 115.77, 295.5, 303.88], [323.97, 249.37, 50.83, 26.89], [329.65, 18.94, 77.2, 106.67], [444.68, 30.44, 113.63, 41.82], [398.49, 129.99, 85.18, 61.14], [5.56, 81.63, 92.74, 111.85], [332.07, 96.59, 60.36, 65.47], [585.01, 34.05, 54.92, 162.42], [210.09, 19.08, 47.99, 83.77], [306.51, 1, 48.74, 83.49], [357.83, 157.38, 31.77, 13.03], [216.51, 2.04, 6.46, 13.3], [360.62, 227.19, 19.5, 25.95], [420.29, 5.44, 49.95, 105.82], [374.44, 137.39, 13.06, 18.72]]"
3003,/home/pi/sambashare/BacArbeit/cocoval2017/000000378873.jpg,3.1695279920004396,"['0: person', '0: person', '0: person', '0: person', '26: handbag', '47: apple']","[0, 0, 0, 0, 26, 47]","[0.90146035, 0.83573586, 0.7623318, 0.58401716, 0.53547007, 0.33692175]","[[202.63, 1, 75.35, 89.05], [275.71, 1, 57.46, 90.15], [339.01, 1, 59.13, 65.76], [502.83, 1, 36.87, 88.46], [262.72, 3.23, 31.07, 63.99], [632.07, 386.72, 7.83, 36.34]]"
3004,/home/pi/sambashare/BacArbeit/cocoval2017/000000312552.jpg,3.1858580009993602,"['0: person', '29: frisbee']","[0, 29]","[0.82268614, 0.5838686]","[[109.83, 42.89, 241.49, 256.31], [182.99, 176.95, 75.79, 57.14]]"
3005,/home/pi/sambashare/BacArbeit/cocoval2017/000000054628.jpg,3.179648832001476,"['56: chair', '55: cake', '55: cake', '55: cake', '0: person', '56: chair', '56: chair', '25: umbrella', '25: umbrella', '56: chair', '58: potted plant', '60: dining table', '60: dining table', '60: dining table', '25: umbrella']","[56, 55, 55, 55, 0, 56, 56, 25, 25, 56, 58, 60, 60, 60, 25]","[0.876959, 0.8500626, 0.80864674, 0.8037085, 0.73683715, 0.6436331, 0.60740966, 0.5472698, 0.51508284, 0.44670942, 0.43198323, 0.43069798, 0.36551765, 0.27589306, 0.25778773]","[[252.51, 199.94, 83.06, 128.97], [137.59, 364.53, 143.3, 115.2], [159.45, 133.91, 98.64, 89.52], [148.15, 251.06, 117.59, 105.17], [286.41, 112.57, 15.41, 33.34], [320.16, 273.49, 10.04, 51.25], [62.26, 174.64, 57.8, 151.54], [121.66, 98.65, 60.84, 26.6], [68.62, 97.01, 53.38, 45.59], [360.72, 178.03, 14.17, 82.3], [328.7, 99.5, 37.93, 43.91], [115.24, 207.56, 59.73, 108.18], [2.25, 328.24, 372.75, 168.61], [86.06, 177.57, 77.53, 59.44], [68.25, 97.04, 53.45, 20.66]]"
3006,/home/pi/sambashare/BacArbeit/cocoval2017/000000312340.jpg,3.2003791440001805,['15: cat'],[15],[0.64687544],"[[142.39, 112.26, 267.31, 234.74]]"
3007,/home/pi/sambashare/BacArbeit/cocoval2017/000000384513.jpg,3.191814830999647,['17: horse'],[17],[0.9247039],"[[100.75, 219.11, 132.14, 157.36]]"
3008,/home/pi/sambashare/BacArbeit/cocoval2017/000000379332.jpg,3.178458693999346,"['0: person', '0: person', '0: person', '38: tennis racket', '38: tennis racket', '35: baseball glove', '13: bench']","[0, 0, 0, 38, 38, 35, 13]","[0.8591331, 0.84729815, 0.8323352, 0.7935228, 0.68096966, 0.5024285, 0.30481258]","[[88.83, 142.98, 86.19, 189.89], [429.81, 124.08, 69.56, 208.84], [63.16, 46.75, 397.31, 285.67], [1, 70.24, 93.49, 192.06], [147.71, 259.07, 36.75, 74.36], [402.93, 206.94, 73.8, 30.12], [319.93, 265.91, 122.76, 67.88]]"
3009,/home/pi/sambashare/BacArbeit/cocoval2017/000000480021.jpg,3.1851534090001223,"['3: motorcycle', '0: person', '0: person', '3: motorcycle', '2: car', '27: tie', '0: person', '0: person', '2: car']","[3, 0, 0, 3, 2, 27, 0, 0, 2]","[0.8999751, 0.8563151, 0.8194464, 0.7421194, 0.6966725, 0.63316727, 0.5643979, 0.4143819, 0.3959694]","[[60.7, 140.03, 218.71, 177.03], [100.43, 80.13, 125.79, 192.64], [375.4, 63.05, 201.04, 404.25], [222.19, 230.11, 388.5, 240.66], [303.38, 98.93, 103.59, 58.56], [72.43, 89.43, 8.25, 22.89], [520.15, 53.29, 118.75, 385.21], [1, 52.74, 114.2, 198.11], [148.74, 106.75, 119.77, 63.1]]"
3010,/home/pi/sambashare/BacArbeit/cocoval2017/000000010363.jpg,3.1959260499988886,"['15: cat', '1: bicycle', '2: car', '2: car', '72: refrigerator']","[15, 1, 2, 2, 72]","[0.8770876, 0.78952974, 0.38957956, 0.28312084, 0.2577207]","[[243.94, 107.81, 218.28, 138.01], [488.69, 1, 149.85, 49.97], [398.13, 25.51, 240.99, 199.75], [86.5, 117.42, 553.5, 242.56], [1, 87.91, 56.01, 205.55]]"
3011,/home/pi/sambashare/BacArbeit/cocoval2017/000000191614.jpg,3.1916392109997105,"['17: horse', '17: horse', '0: person']","[17, 17, 0]","[0.9378969, 0.92611885, 0.83782154]","[[74.38, 305.95, 152.02, 170.57], [295.71, 306.91, 128.18, 99.19], [348.62, 289.0, 35.87, 69.7]]"
3012,/home/pi/sambashare/BacArbeit/cocoval2017/000000396200.jpg,3.17693257099927,"['0: person', '2: car', '0: person', '36: skateboard', '2: car', '2: car', '36: skateboard', '36: skateboard', '9: traffic light', '2: car', '9: traffic light', '13: bench']","[0, 2, 0, 36, 2, 2, 36, 36, 9, 2, 9, 13]","[0.9190485, 0.91045237, 0.8965751, 0.834305, 0.81073964, 0.78891325, 0.78724533, 0.7407779, 0.6894917, 0.5888517, 0.5627802, 0.261657]","[[307.56, 101.97, 78.93, 187.35], [413.66, 171.65, 80.38, 44.05], [466.56, 152.47, 155.44, 172.25], [455.83, 267.36, 43.23, 29.62], [619.99, 178.41, 19.8, 76.07], [384.63, 192.74, 31.97, 19.36], [537.11, 319.19, 34.99, 21.22], [338.8, 279.33, 25.25, 21.96], [474.56, 66.29, 11.85, 34.37], [501.33, 192.29, 19.64, 26.29], [525.16, 71.28, 15.65, 28.13], [357.42, 223.32, 37.61, 30.29]]"
3013,/home/pi/sambashare/BacArbeit/cocoval2017/000000287649.jpg,3.1757973989988386,"['15: cat', '66: keyboard']","[15, 66]","[0.72920364, 0.52282673]","[[128.77, 9.33, 511.23, 400.47], [4.28, 403.46, 633.14, 75.72]]"
3014,/home/pi/sambashare/BacArbeit/cocoval2017/000000060823.jpg,3.1901256000001013,"['19: cow', '19: cow', '0: person', '14: bird', '14: bird', '14: bird', '14: bird', '14: bird', '14: bird', '17: horse', '14: bird', '14: bird', '14: bird', '14: bird', '14: bird', '14: bird', '26: handbag', '14: bird', '14: bird', '14: bird', '14: bird', '14: bird', '14: bird']","[19, 19, 0, 14, 14, 14, 14, 14, 14, 17, 14, 14, 14, 14, 14, 14, 26, 14, 14, 14, 14, 14, 14]","[0.88100386, 0.8167356, 0.8071985, 0.80573505, 0.7936458, 0.58115494, 0.5527021, 0.53784287, 0.5285757, 0.50276107, 0.47906542, 0.4648008, 0.3918194, 0.38964966, 0.30937773, 0.30856547, 0.30077347, 0.29393765, 0.2847042, 0.27803499, 0.26540786, 0.26026666, 0.25802574]","[[444.88, 121.96, 123.07, 196.2], [383.1, 271.74, 232.68, 126.07], [165.27, 33.45, 103.99, 182.36], [551.25, 76.17, 57.23, 40.07], [392.8, 75.85, 58.65, 60.5], [583.83, 126.13, 30.17, 23.27], [380.38, 128.5, 24.16, 29.05], [567.23, 120.55, 16.01, 34.14], [84.47, 410.71, 32.46, 56.23], [17.66, 270.52, 140.87, 115.91], [358.52, 164.3, 71.19, 36.51], [588.0, 190.14, 33.66, 25.15], [564.09, 183.07, 19.54, 35.48], [318.0, 200.96, 68.48, 47.63], [499.15, 390.94, 57.46, 64.8], [186.59, 197.42, 68.45, 58.97], [34.65, 115.56, 27.06, 48.4], [277.1, 420.52, 50.8, 59.34], [565.83, 121.95, 36.68, 29.1], [424.6, 123.45, 26.65, 31.44], [552.21, 419.06, 38.42, 60.39], [42.92, 386.29, 24.39, 83.01], [192.08, 406.82, 49.71, 44.13]]"
3015,/home/pi/sambashare/BacArbeit/cocoval2017/000000190236.jpg,3.1747153960004653,"['56: chair', '63: laptop', '62: tv', '62: tv', '62: tv', '66: keyboard', '66: keyboard', '24: backpack', '39: bottle', '41: cup', '41: cup', '39: bottle', '64: mouse', '41: cup', '66: keyboard']","[56, 63, 62, 62, 62, 66, 66, 24, 39, 41, 41, 39, 64, 41, 66]","[0.89888823, 0.8977831, 0.8847975, 0.84821796, 0.837206, 0.83510786, 0.8182753, 0.69900125, 0.67173433, 0.6235733, 0.553872, 0.53872037, 0.48908445, 0.4306717, 0.3907569]","[[250.51, 160.99, 108.34, 133.72], [386.17, 112.06, 69.86, 62.34], [344.07, 70.71, 61.83, 58.31], [154.53, 78.29, 67.51, 61.38], [295.75, 75.23, 50.16, 39.88], [198.75, 132.69, 39.31, 23.11], [305.79, 139.83, 62.12, 15.88], [193.97, 313.24, 107.94, 77.06], [548.23, 90.11, 15.78, 45.73], [526.64, 104.95, 25.36, 27.66], [451.67, 161.81, 22.41, 25.7], [140.73, 182.14, 15.37, 34.09], [373.87, 146.63, 10.93, 9.25], [486.67, 139.79, 15.95, 33.43], [393.17, 149.74, 52.99, 21.72]]"
3016,/home/pi/sambashare/BacArbeit/cocoval2017/000000489091.jpg,3.174736936000045,"['61: toilet', '71: sink', '61: toilet']","[61, 71, 61]","[0.75324416, 0.7206406, 0.635831]","[[1, 304.76, 65.37, 96.05], [131.17, 299.36, 111.03, 47.76], [1, 249.88, 129.19, 152.28]]"
3017,/home/pi/sambashare/BacArbeit/cocoval2017/000000559956.jpg,3.1834455499993055,"['0: person', '0: person', '18: sheep', '0: person', '18: sheep', '39: bottle', '18: sheep']","[0, 0, 18, 0, 18, 39, 18]","[0.8799164, 0.87831545, 0.8479553, 0.80991197, 0.71743715, 0.6377232, 0.58521587]","[[1.07, 67.44, 235.75, 407.91], [77.12, 7.79, 258.64, 290.97], [305.47, 88.16, 174.25, 390.83], [329.42, 1, 180.87, 209.56], [465.4, 54.43, 174.15, 235.83], [144.14, 361.25, 38.18, 68.39], [432.73, 123.4, 206.11, 356.41]]"
3018,/home/pi/sambashare/BacArbeit/cocoval2017/000000218997.jpg,3.1836938219985313,"['0: person', '0: person', '0: person', '0: person', '34: baseball bat', '35: baseball glove', '34: baseball bat', '32: sports ball', '0: person', '32: sports ball', '34: baseball bat', '0: person', '32: sports ball', '0: person', '34: baseball bat', '34: baseball bat', '35: baseball glove', '0: person', '0: person', '0: person', '0: person']","[0, 0, 0, 0, 34, 35, 34, 32, 0, 32, 34, 0, 32, 0, 34, 34, 35, 0, 0, 0, 0]","[0.9262545, 0.9244051, 0.923641, 0.90671587, 0.8046826, 0.7918934, 0.73696506, 0.73663145, 0.7166717, 0.70607394, 0.6370094, 0.6186858, 0.5105524, 0.48737213, 0.3950122, 0.39221072, 0.37518677, 0.3383932, 0.32718706, 0.31396243, 0.31087872]","[[50.03, 76.2, 106.75, 322.79], [119.07, 53.57, 107.82, 285.25], [243.72, 66.98, 86.27, 274.8], [296.22, 345.66, 139.42, 124.8], [116.43, 509.53, 55.87, 61.46], [162.89, 559.53, 58.51, 39.29], [203.51, 204.64, 24.45, 121.29], [339.83, 414.51, 18.02, 17.03], [582.13, 99.41, 13.46, 31.25], [548.19, 145.32, 8.21, 7.98], [251.14, 215.76, 13.35, 122.3], [604.76, 105.89, 14.84, 23.57], [41.86, 214.84, 6.29, 4.94], [252.85, 96.99, 15.87, 26.22], [227.44, 206.9, 30.63, 81.24], [224.31, 394.95, 77.65, 11.76], [151.93, 351.88, 13.94, 29.31], [489.94, 75.74, 12.33, 25.57], [113.78, 63.66, 30.46, 24.96], [633.9, 100.26, 5.92, 30.48], [581.9, 101.22, 30.9, 28.87]]"
3019,/home/pi/sambashare/BacArbeit/cocoval2017/000000306582.jpg,3.1900794739995035,"['19: cow', '18: sheep', '19: cow', '17: horse']","[19, 18, 19, 17]","[0.6712361, 0.63692886, 0.3624057, 0.25500324]","[[447.08, 249.71, 116.29, 83.82], [589.2, 258.79, 50.79, 65.11], [383.02, 272.5, 69.66, 41.51], [202.17, 199.9, 37.09, 40.87]]"
3020,/home/pi/sambashare/BacArbeit/cocoval2017/000000136715.jpg,3.16857786699984,"['0: person', '0: person', '0: person', '3: motorcycle', '0: person', '0: person', '0: person', '0: person', '24: backpack', '0: person', '0: person', '0: person', '3: motorcycle']","[0, 0, 0, 3, 0, 0, 0, 0, 24, 0, 0, 0, 3]","[0.80230933, 0.7595086, 0.70081025, 0.63663286, 0.5132541, 0.46044278, 0.4238231, 0.4022091, 0.3901106, 0.3212765, 0.3167657, 0.27591482, 0.25498044]","[[1, 72.25, 83.03, 349.51], [140.29, 52.1, 214.59, 364.72], [404.06, 75.11, 37.62, 56.41], [353.72, 133.14, 110.61, 146.63], [344.54, 78.0, 36.37, 43.94], [376.62, 74.42, 41.24, 42.19], [443.45, 64.54, 58.01, 174.53], [603.14, 24.42, 36.56, 88.52], [488.33, 61.84, 57.67, 110.73], [331.31, 89.89, 46.63, 44.78], [108.33, 107.16, 55.78, 158.49], [156.7, 108.97, 26.84, 34.89], [24.65, 221.04, 55.12, 85.81]]"
3021,/home/pi/sambashare/BacArbeit/cocoval2017/000000275392.jpg,3.18767037500038,"['0: person', '17: horse']","[0, 17]","[0.8574922, 0.8544541]","[[230.14, 90.71, 112.57, 388.28], [67.72, 107.56, 252.08, 528.7]]"
3022,/home/pi/sambashare/BacArbeit/cocoval2017/000000340451.jpg,3.1769591070005845,"['0: person', '13: bench', '39: bottle']","[0, 13, 39]","[0.85673, 0.61161697, 0.5799907]","[[237.29, 44.47, 158.41, 341.78], [28.36, 137.12, 546.77, 216.96], [242.02, 312.62, 15.95, 29.24]]"
3023,/home/pi/sambashare/BacArbeit/cocoval2017/000000055072.jpg,3.1811702359991614,['23: giraffe'],[23],[0.84721386],"[[50.91, 47.78, 463.09, 379.0]]"
3024,/home/pi/sambashare/BacArbeit/cocoval2017/000000175387.jpg,3.165901190999648,['61: toilet'],[61],[0.7889266],"[[168.39, 193.87, 101.24, 150.59]]"
3025,/home/pi/sambashare/BacArbeit/cocoval2017/000000088951.jpg,3.1708256790007,"['0: person', '13: bench', '16: dog']","[0, 13, 16]","[0.94588953, 0.90482414, 0.8752493]","[[129.2, 187.9, 106.44, 132.08], [67.52, 233.73, 127.91, 91.98], [240.21, 297.68, 52.73, 40.67]]"
3026,/home/pi/sambashare/BacArbeit/cocoval2017/000000474854.jpg,3.1940445180007373,"['0: person', '46: banana', '60: dining table']","[0, 46, 60]","[0.9501402, 0.8029869, 0.46189615]","[[32.57, 121.15, 335.7, 438.72], [195.68, 284.46, 54.08, 182.14], [13.66, 530.84, 410.34, 108.1]]"
3027,/home/pi/sambashare/BacArbeit/cocoval2017/000000007088.jpg,3.181960918000186,"['0: person', '25: umbrella', '2: car', '2: car']","[0, 25, 2, 2]","[0.92494076, 0.7802267, 0.35666937, 0.30764946]","[[178.93, 206.21, 94.23, 255.76], [82.59, 174.46, 225.81, 87.83], [235.37, 153.82, 66.5, 25.86], [232.41, 152.96, 137.57, 35.75]]"
3028,/home/pi/sambashare/BacArbeit/cocoval2017/000000560178.jpg,3.1922282819996326,"['0: person', '32: sports ball']","[0, 32]","[0.60495675, 0.43755668]","[[1.97, 75.6, 410.12, 402.57], [203.15, 164.47, 212.59, 132.65]]"
3029,/home/pi/sambashare/BacArbeit/cocoval2017/000000221693.jpg,3.1896120950004843,"['29: frisbee', '16: dog']","[29, 16]","[0.931993, 0.64763516]","[[442.04, 248.97, 163.2, 137.54], [59.86, 15.44, 462.45, 410.56]]"
3030,/home/pi/sambashare/BacArbeit/cocoval2017/000000394328.jpg,3.19352621500002,['61: toilet'],[61],[0.927687],"[[155.78, 370.05, 201.44, 268.76]]"
3031,/home/pi/sambashare/BacArbeit/cocoval2017/000000523811.jpg,3.191339565000817,['14: bird'],[14],[0.8774322],"[[105.51, 179.4, 117.22, 126.47]]"
3032,/home/pi/sambashare/BacArbeit/cocoval2017/000000509824.jpg,3.1828753910012892,"['57: couch', '75: vase', '75: vase', '45: bowl', '45: bowl', '73: book', '45: bowl', '45: bowl', '73: book', '75: vase']","[57, 75, 75, 45, 45, 73, 45, 45, 73, 75]","[0.9182785, 0.89618415, 0.8777255, 0.81591266, 0.80351794, 0.8020337, 0.7783562, 0.3427446, 0.31674495, 0.26267126]","[[20.48, 290.05, 587.28, 240.52], [113.31, 218.51, 20.67, 41.18], [135.57, 217.09, 19.67, 40.15], [231.16, 573.79, 36.35, 27.1], [305.54, 559.03, 33.95, 24.65], [134.56, 520.75, 68.91, 61.74], [369.3, 549.38, 34.08, 24.63], [494.02, 239.22, 37.7, 24.55], [548.13, 299.61, 12.14, 21.28], [309.09, 223.8, 24.78, 40.71]]"
3033,/home/pi/sambashare/BacArbeit/cocoval2017/000000448810.jpg,3.192455615999279,['0: person'],[0],[0.8852293],"[[53.38, 334.17, 44.28, 40.64]]"
3034,/home/pi/sambashare/BacArbeit/cocoval2017/000000309452.jpg,3.185664781000014,['14: bird'],[14],[0.92444634],"[[243.89, 138.93, 143.65, 336.12]]"
3035,/home/pi/sambashare/BacArbeit/cocoval2017/000000553221.jpg,3.1882132339997042,"['33: kite', '33: kite', '0: person', '33: kite', '33: kite', '33: kite', '0: person', '0: person', '0: person', '0: person', '0: person', '0: person', '0: person', '37: surfboard', '0: person', '0: person', '0: person', '0: person', '0: person', '31: snowboard']","[33, 33, 0, 33, 33, 33, 0, 0, 0, 0, 0, 0, 0, 37, 0, 0, 0, 0, 0, 31]","[0.93164206, 0.87410665, 0.87130934, 0.8589368, 0.84911495, 0.82723093, 0.7062308, 0.6667521, 0.6249986, 0.605127, 0.59899265, 0.590645, 0.57945865, 0.5164136, 0.49415362, 0.48242244, 0.47770283, 0.4264295, 0.31519654, 0.3146597]","[[526.78, 105.6, 38.24, 43.51], [310.06, 163.2, 21.0, 31.11], [336.48, 100.1, 117.41, 114.48], [145.52, 75.91, 22.42, 28.83], [43.2, 1, 30.96, 21.26], [84.6, 159.69, 12.52, 21.64], [310.92, 290.24, 7.32, 13.57], [422.23, 307.66, 11.89, 17.75], [183.29, 294.56, 6.97, 17.93], [219.91, 323.26, 14.79, 25.07], [403.26, 290.82, 6.02, 19.76], [210.98, 305.69, 13.53, 23.51], [454.02, 301.41, 11.06, 25.46], [206.66, 324.35, 15.74, 15.21], [266.62, 287.9, 6.32, 9.28], [236.15, 286.11, 5.22, 10.25], [479.12, 285.98, 6.67, 12.64], [245.43, 286.29, 6.9, 9.95], [451.13, 298.86, 13.11, 17.31], [395.7, 201.22, 70.83, 17.02]]"
3036,/home/pi/sambashare/BacArbeit/cocoval2017/000000442161.jpg,3.18853303799915,"['0: person', '40: wine glass', '0: person', '0: person', '40: wine glass', '40: wine glass', '0: person', '60: dining table', '40: wine glass']","[0, 40, 0, 0, 40, 40, 0, 60, 40]","[0.9108286, 0.887814, 0.87901604, 0.85442126, 0.7043999, 0.6486529, 0.49521303, 0.48880777, 0.39106157]","[[1.08, 52.29, 234.91, 322.4], [282.15, 137.69, 62.04, 95.3], [305.54, 77.78, 171.25, 295.62], [160.57, 60.47, 177.85, 313.0], [156.96, 124.54, 101.85, 136.43], [444.29, 152.74, 36.63, 69.08], [433.4, 101.71, 66.41, 114.97], [394.13, 203.89, 105.21, 170.46], [282.24, 139.14, 38.6, 61.78]]"
3037,/home/pi/sambashare/BacArbeit/cocoval2017/000000370677.jpg,3.188356267999552,"['0: person', '0: person', '0: person', '41: cup']","[0, 0, 0, 41]","[0.9531, 0.9506126, 0.9429011, 0.28590906]","[[1, 54.29, 189.8, 276.07], [158.73, 95.96, 192.21, 235.01], [346.74, 110.58, 152.61, 220.33], [1, 129.57, 21.45, 18.16]]"
3038,/home/pi/sambashare/BacArbeit/cocoval2017/000000473821.jpg,3.1819833230001677,"['57: couch', '56: chair', '56: chair', '45: bowl', '60: dining table']","[57, 56, 56, 45, 60]","[0.9411665, 0.92628, 0.8795017, 0.80818754, 0.39243644]","[[272.95, 168.18, 226.13, 126.7], [132.97, 166.15, 131.21, 147.53], [1, 168.38, 79.69, 123.88], [422.54, 229.39, 53.92, 18.4], [341.16, 231.11, 157.52, 101.44]]"
3039,/home/pi/sambashare/BacArbeit/cocoval2017/000000563604.jpg,3.1929353619998437,"['0: person', '0: person', '0: person', '0: person', '0: person', '0: person', '0: person', '26: handbag', '0: person', '1: bicycle', '62: tv', '7: truck', '26: handbag', '0: person']","[0, 0, 0, 0, 0, 0, 0, 26, 0, 1, 62, 7, 26, 0]","[0.8842202, 0.85664624, 0.85184604, 0.8185063, 0.80154675, 0.7585184, 0.7043068, 0.41392776, 0.39835924, 0.33864287, 0.3368539, 0.31969202, 0.29629555, 0.2655021]","[[143.69, 268.32, 35.0, 82.0], [118.26, 277.2, 28.34, 74.26], [530.46, 276.82, 30.15, 41.53], [562.02, 273.54, 24.25, 44.52], [106.62, 295.92, 15.83, 35.21], [594.12, 278.63, 24.47, 56.93], [182.62, 289.94, 14.01, 29.54], [601.86, 287.55, 17.99, 31.9], [476.49, 266.4, 12.28, 35.26], [108.17, 312.67, 12.6, 19.33], [23.32, 13.9, 382.24, 199.01], [117.61, 354.89, 223.31, 90.58], [610.75, 296.47, 9.3, 23.26], [448.04, 263.05, 17.3, 39.54]]"
3040,/home/pi/sambashare/BacArbeit/cocoval2017/000000068409.jpg,3.188905488999808,"['0: person', '0: person', '0: person', '27: tie', '27: tie', '0: person', '27: tie', '0: person']","[0, 0, 0, 27, 27, 0, 27, 0]","[0.6939101, 0.6352176, 0.5836294, 0.57734066, 0.5763469, 0.56614876, 0.5520928, 0.4404177]","[[106.92, 28.26, 155.22, 227.88], [350.77, 21.49, 138.6, 237.52], [480.82, 49.7, 158.04, 207.18], [291.94, 89.35, 16.77, 31.74], [78.98, 75.81, 19.71, 29.51], [14.74, 5.65, 143.09, 211.12], [410.26, 78.84, 17.88, 26.42], [196.84, 43.33, 189.27, 214.18]]"
3041,/home/pi/sambashare/BacArbeit/cocoval2017/000000480985.jpg,3.1843513769999845,"['0: person', '0: person', '0: person', '0: person', '3: motorcycle', '3: motorcycle', '3: motorcycle', '3: motorcycle']","[0, 0, 0, 0, 3, 3, 3, 3]","[0.8734854, 0.8162287, 0.7532865, 0.70731604, 0.6927313, 0.4986717, 0.4775808, 0.3179963]","[[319.87, 274.4, 27.59, 107.6], [267.39, 289.76, 22.39, 94.01], [30.35, 299.62, 18.16, 29.47], [47.89, 295.1, 26.0, 35.22], [284.99, 314.85, 42.18, 50.61], [1, 51.88, 362.66, 443.42], [344.0, 294.06, 28.85, 37.46], [1, 326.32, 39.47, 40.95]]"
3042,/home/pi/sambashare/BacArbeit/cocoval2017/000000313182.jpg,3.197344777998296,"['5: bus', '0: person', '2: car', '0: person', '0: person', '26: handbag', '2: car', '0: person', '0: person']","[5, 0, 2, 0, 0, 26, 2, 0, 0]","[0.9362093, 0.885686, 0.7320957, 0.6654627, 0.5903109, 0.46414435, 0.41219544, 0.36129382, 0.26508215]","[[171.36, 127.89, 403.13, 257.95], [1, 250.37, 58.46, 155.07], [564.67, 246.16, 13.2, 19.14], [42.81, 242.19, 31.22, 44.82], [411.94, 213.39, 31.48, 41.53], [52.35, 274.69, 25.25, 40.77], [565.2, 229.88, 32.35, 14.05], [9.02, 240.76, 30.41, 37.38], [249.95, 219.49, 35.8, 43.29]]"
3043,/home/pi/sambashare/BacArbeit/cocoval2017/000000366199.jpg,3.191269561999434,['16: dog'],[16],[0.7099513],"[[233.04, 170.59, 185.88, 77.6]]"
3044,/home/pi/sambashare/BacArbeit/cocoval2017/000000163117.jpg,3.1858753899996373,"['0: person', '33: kite', '0: person', '0: person', '33: kite', '33: kite', '33: kite', '33: kite', '33: kite', '33: kite', '26: handbag', '0: person', '33: kite', '33: kite', '24: backpack', '33: kite', '33: kite', '0: person', '33: kite', '0: person']","[0, 33, 0, 0, 33, 33, 33, 33, 33, 33, 26, 0, 33, 33, 24, 33, 33, 0, 33, 0]","[0.8930273, 0.8585063, 0.8438182, 0.82107097, 0.8106744, 0.7886965, 0.73830354, 0.7123804, 0.69237787, 0.6694065, 0.65740216, 0.64210624, 0.6118459, 0.60231507, 0.5896509, 0.5028075, 0.4828294, 0.4821755, 0.35741714, 0.356225]","[[143.48, 234.93, 91.58, 262.93], [44.55, 197.19, 19.39, 24.56], [219.79, 199.03, 153.52, 297.87], [86.63, 270.31, 43.65, 165.77], [68.27, 17.65, 21.63, 29.54], [21.0, 148.1, 17.07, 18.77], [163.72, 93.67, 12.79, 18.33], [179.87, 177.17, 15.83, 19.83], [267.76, 138.45, 12.22, 10.7], [123.38, 181.52, 11.76, 14.21], [154.2, 304.51, 61.73, 58.83], [128.84, 255.85, 39.05, 229.77], [183.06, 141.8, 10.41, 13.72], [151.27, 166.87, 9.42, 11.17], [246.37, 276.51, 121.96, 149.21], [92.11, 111.93, 11.58, 13.31], [220.7, 191.49, 8.93, 11.71], [1, 274.73, 20.03, 79.6], [214.72, 205.2, 7.68, 7.23], [54.47, 259.47, 15.19, 46.51]]"
3045,/home/pi/sambashare/BacArbeit/cocoval2017/000000051938.jpg,3.1747210080011428,"['0: person', '0: person', '0: person', '0: person', '0: person', '0: person', '0: person', '0: person', '0: person']","[0, 0, 0, 0, 0, 0, 0, 0, 0]","[0.88298404, 0.8660394, 0.81472284, 0.7184793, 0.5564418, 0.52567923, 0.5186347, 0.4037974, 0.28215677]","[[278.03, 161.8, 49.29, 114.67], [361.75, 223.88, 17.67, 35.12], [404.65, 222.23, 13.47, 27.34], [397.5, 200.29, 8.65, 20.82], [413.85, 217.91, 7.1, 15.7], [495.98, 210.26, 5.69, 11.42], [529.92, 200.13, 6.89, 16.87], [270.03, 240.39, 7.58, 20.5], [507.25, 205.27, 7.89, 14.74]]"
3046,/home/pi/sambashare/BacArbeit/cocoval2017/000000403353.jpg,3.1860827150012483,"['73: book', '59: bed']","[73, 59]","[0.87746394, 0.7447635]","[[173.02, 307.89, 132.74, 89.56], [1.4, 155.03, 434.55, 321.12]]"
3047,/home/pi/sambashare/BacArbeit/cocoval2017/000000382734.jpg,3.1977698909995524,[],[],[],[]
3048,/home/pi/sambashare/BacArbeit/cocoval2017/000000169356.jpg,3.1789034670000547,"['36: skateboard', '0: person']","[36, 0]","[0.95944667, 0.9009304]","[[242.48, 180.13, 235.44, 146.99], [237.1, 1, 353.66, 231.65]]"
3049,/home/pi/sambashare/BacArbeit/cocoval2017/000000193717.jpg,3.1850690330011275,"['0: person', '10: fire hydrant', '2: car', '7: truck', '9: traffic light', '2: car', '9: traffic light', '9: traffic light', '9: traffic light', '2: car', '2: car', '9: traffic light', '2: car', '2: car']","[0, 10, 2, 7, 9, 2, 9, 9, 9, 2, 2, 9, 2, 2]","[0.9407444, 0.93555444, 0.90140826, 0.8826344, 0.8243166, 0.7807577, 0.6411063, 0.63002366, 0.5969535, 0.48390847, 0.41541088, 0.401399, 0.27063859, 0.26442268]","[[396.22, 116.98, 101.14, 186.4], [32.19, 61.16, 370.99, 550.64], [354.19, 200.04, 47.78, 29.04], [1, 174.69, 40.22, 46.6], [313.89, 27.03, 17.06, 38.62], [317.33, 202.91, 37.54, 24.41], [328.24, 130.7, 9.47, 26.78], [139.36, 78.02, 9.45, 23.92], [126.72, 76.24, 12.9, 26.32], [291.55, 208.55, 27.59, 17.03], [396.4, 199.82, 25.38, 28.53], [340.05, 138.94, 7.22, 19.1], [81.79, 195.63, 27.71, 19.59], [476.91, 214.39, 43.67, 20.03]]"
3050,/home/pi/sambashare/BacArbeit/cocoval2017/000000396580.jpg,3.1760077130002173,['8: boat'],[8],[0.70301276],"[[369.89, 182.66, 114.67, 19.8]]"
3051,/home/pi/sambashare/BacArbeit/cocoval2017/000000284743.jpg,3.1850812350003253,"['0: person', '34: baseball bat', '0: person', '0: person', '0: person']","[0, 34, 0, 0, 0]","[0.6987967, 0.53832096, 0.46526784, 0.41621625, 0.29465762]","[[410.29, 62.71, 229.67, 361.49], [41.38, 90.33, 304.31, 206.31], [271.7, 32.95, 113.17, 192.23], [400.71, 67.46, 131.98, 188.88], [140.34, 99.17, 212.12, 325.22]]"
3052,/home/pi/sambashare/BacArbeit/cocoval2017/000000331075.jpg,3.186255593000169,['16: dog'],[16],[0.8834668],"[[1, 106.58, 525.36, 497.41]]"
3053,/home/pi/sambashare/BacArbeit/cocoval2017/000000172856.jpg,3.1872497180011123,['11: stop sign'],[11],[0.9481011],"[[131.98, 199.0, 143.15, 192.46]]"
3054,/home/pi/sambashare/BacArbeit/cocoval2017/000000222235.jpg,3.1857793330000277,['15: cat'],[15],[0.8592533],"[[123.01, 138.97, 304.83, 249.1]]"
3055,/home/pi/sambashare/BacArbeit/cocoval2017/000000170545.jpg,3.1797416860008525,"['2: car', '9: traffic light', '9: traffic light', '9: traffic light', '9: traffic light', '2: car', '9: traffic light', '9: traffic light']","[2, 9, 9, 9, 9, 2, 9, 9]","[0.7096811, 0.650138, 0.32542682, 0.3200982, 0.31638786, 0.2996668, 0.28363898, 0.25191793]","[[283.76, 291.7, 21.65, 15.51], [117.14, 166.39, 14.32, 35.46], [486.06, 230.0, 9.32, 22.83], [63.77, 185.78, 11.91, 22.82], [241.54, 224.97, 7.85, 13.84], [1, 280.11, 5.83, 8.64], [240.82, 254.81, 10.67, 12.33], [274.09, 230.55, 8.44, 12.24]]"
3056,/home/pi/sambashare/BacArbeit/cocoval2017/000000381360.jpg,3.190506306000316,"['0: person', '37: surfboard', '37: surfboard']","[0, 37, 37]","[0.9224234, 0.7338526, 0.3401718]","[[31.72, 82.86, 149.51, 223.32], [75.99, 289.41, 99.34, 58.51], [1.86, 331.98, 633.88, 91.94]]"
3057,/home/pi/sambashare/BacArbeit/cocoval2017/000000366178.jpg,3.177867407001031,"['10: fire hydrant', '2: car', '2: car', '2: car', '13: bench']","[10, 2, 2, 2, 13]","[0.9112977, 0.87376165, 0.8012394, 0.3319606, 0.2860953]","[[188.16, 354.89, 54.81, 80.77], [1, 185.78, 17.16, 21.28], [193.74, 171.18, 14.92, 12.27], [178.2, 168.39, 11.15, 6.73], [1, 295.93, 92.0, 97.71]]"
3058,/home/pi/sambashare/BacArbeit/cocoval2017/000000404534.jpg,3.178042027999254,"['0: person', '1: bicycle']","[0, 1]","[0.6963522, 0.5531797]","[[380.98, 309.58, 4.86, 26.35], [321.8, 316.52, 19.05, 32.31]]"
3059,/home/pi/sambashare/BacArbeit/cocoval2017/000000186624.jpg,3.1862749909996637,"['0: person', '6: train']","[0, 6]","[0.89974344, 0.51562166]","[[41.43, 283.76, 59.01, 196.41], [19.3, 9.26, 620.7, 521.99]]"
3060,/home/pi/sambashare/BacArbeit/cocoval2017/000000173091.jpg,3.1865814580014558,"['39: bottle', '39: bottle']","[39, 39]","[0.84966516, 0.36282367]","[[335.89, 51.06, 221.9, 404.11], [16.11, 15.99, 361.89, 481.64]]"
3061,/home/pi/sambashare/BacArbeit/cocoval2017/000000405279.jpg,3.1889047700005904,"['33: kite', '33: kite', '33: kite', '0: person', '0: person', '33: kite', '0: person', '33: kite', '13: bench', '13: bench', '33: kite', '33: kite', '33: kite', '33: kite', '33: kite', '33: kite', '33: kite', '13: bench', '33: kite', '33: kite', '33: kite', '33: kite', '0: person', '0: person', '33: kite', '0: person', '33: kite', '33: kite']","[33, 33, 33, 0, 0, 33, 0, 33, 13, 13, 33, 33, 33, 33, 33, 33, 33, 13, 33, 33, 33, 33, 0, 0, 33, 0, 33, 33]","[0.9667731, 0.90594673, 0.8952004, 0.8712023, 0.8496982, 0.82131886, 0.7943728, 0.78077483, 0.7797051, 0.7540922, 0.7487413, 0.69733626, 0.56354296, 0.4980861, 0.49372274, 0.44086826, 0.43588078, 0.3938147, 0.38459805, 0.36919942, 0.36255795, 0.35825586, 0.34425378, 0.33664268, 0.31628326, 0.30760273, 0.30437514, 0.28288245]","[[149.39, 129.52, 43.82, 45.02], [38.21, 236.85, 27.9, 32.67], [393.23, 200.95, 37.75, 53.11], [291.08, 333.76, 16.54, 33.67], [313.75, 336.46, 15.09, 33.32], [521.9, 180.79, 18.63, 14.59], [414.53, 334.48, 18.75, 41.69], [68.07, 228.32, 18.02, 16.57], [1, 347.27, 24.77, 28.17], [413.36, 350.76, 68.86, 26.45], [329.77, 179.81, 17.12, 14.88], [131.43, 255.35, 9.95, 11.68], [185.23, 276.48, 5.66, 7.88], [458.2, 239.01, 9.83, 11.13], [105.07, 263.66, 10.68, 10.3], [369.84, 234.14, 14.62, 10.5], [273.13, 283.16, 7.43, 10.68], [514.36, 330.5, 15.6, 11.36], [392.04, 266.1, 9.31, 11.06], [470.2, 294.2, 8.73, 8.59], [363.39, 261.84, 8.53, 5.99], [526.52, 277.26, 8.51, 8.59], [291.84, 335.1, 35.45, 32.77], [483.59, 327.63, 5.54, 5.2], [149.84, 272.57, 9.14, 11.21], [132.44, 303.61, 6.92, 9.23], [281.58, 259.71, 9.12, 9.01], [353.24, 223.87, 15.2, 17.61]]"
3062,/home/pi/sambashare/BacArbeit/cocoval2017/000000501005.jpg,3.1867960750005295,"['0: person', '0: person', '34: baseball bat', '35: baseball glove', '0: person']","[0, 0, 34, 35, 0]","[0.92506725, 0.9152969, 0.8644942, 0.82603085, 0.6965731]","[[128.3, 59.09, 179.58, 253.27], [452.15, 179.99, 158.63, 211.07], [105.19, 51.16, 88.49, 60.57], [361.94, 192.83, 49.91, 44.21], [359.6, 176.08, 166.82, 160.9]]"
3063,/home/pi/sambashare/BacArbeit/cocoval2017/000000575815.jpg,3.1765007470003184,['55: cake'],[55],[0.72423625],"[[86.29, 38.74, 443.1, 350.23]]"
3064,/home/pi/sambashare/BacArbeit/cocoval2017/000000243867.jpg,3.1743854960004683,"['2: car', '5: bus', '5: bus', '32: sports ball', '0: person']","[2, 5, 5, 32, 0]","[0.9479954, 0.9065335, 0.8857743, 0.73054695, 0.36110952]","[[1.04, 210.75, 240.6, 141.01], [50.73, 101.2, 502.31, 202.58], [546.52, 207.51, 92.31, 219.45], [303.69, 410.84, 25.5, 12.3], [1, 225.5, 32.41, 32.23]]"
3065,/home/pi/sambashare/BacArbeit/cocoval2017/000000581062.jpg,3.195318149999366,"['0: person', '36: skateboard']","[0, 36]","[0.9315997, 0.8287394]","[[130.9, 53.26, 65.3, 112.27], [129.7, 153.29, 49.55, 17.56]]"
3066,/home/pi/sambashare/BacArbeit/cocoval2017/000000560474.jpg,3.1953910890006227,"['0: person', '0: person', '0: person', '0: person', '0: person', '0: person', '0: person', '0: person', '0: person', '3: motorcycle', '25: umbrella', '0: person', '0: person']","[0, 0, 0, 0, 0, 0, 0, 0, 0, 3, 25, 0, 0]","[0.8007035, 0.76047355, 0.6840614, 0.67976415, 0.6026806, 0.5634105, 0.4895576, 0.46899417, 0.41224867, 0.3717601, 0.3508401, 0.35081992, 0.2690305]","[[584.3, 14.06, 52.45, 73.92], [562.09, 41.59, 58.42, 83.14], [18.01, 33.05, 52.31, 98.08], [341.09, 56.43, 51.96, 37.76], [215.25, 42.25, 35.63, 56.01], [252.15, 264.08, 94.75, 166.22], [317.65, 44.5, 25.38, 36.73], [405.29, 48.09, 28.01, 39.16], [490.9, 26.5, 65.86, 69.72], [9.32, 2.4, 626.59, 476.46], [489.58, 1, 149.49, 21.2], [1, 65.53, 27.86, 65.72], [1, 40.72, 24.79, 67.75]]"
3067,/home/pi/sambashare/BacArbeit/cocoval2017/000000220858.jpg,3.1957992380012,"['8: boat', '0: person', '0: person', '0: person', '0: person', '37: surfboard', '0: person', '0: person', '0: person', '8: boat']","[8, 0, 0, 0, 0, 37, 0, 0, 0, 8]","[0.9202124, 0.83078563, 0.75597787, 0.7135579, 0.4482773, 0.42758757, 0.38279122, 0.3202964, 0.29529798, 0.28964764]","[[168.88, 212.64, 312.87, 109.56], [118.33, 127.79, 15.67, 19.77], [96.0, 126.16, 22.44, 26.41], [230.63, 25.65, 9.24, 18.55], [32.97, 118.32, 4.03, 5.91], [227.38, 41.17, 13.78, 4.08], [284.13, 108.18, 8.44, 18.58], [107.67, 129.78, 9.87, 18.68], [21.26, 115.47, 4.17, 7.53], [300.39, 128.92, 28.46, 10.12]]"
3068,/home/pi/sambashare/BacArbeit/cocoval2017/000000072852.jpg,3.1821481730003143,"['0: person', '1: bicycle', '0: person', '26: handbag']","[0, 1, 0, 26]","[0.9192845, 0.85068774, 0.8215744, 0.5247532]","[[290.84, 307.1, 35.06, 77.04], [139.5, 443.06, 151.5, 152.43], [325.25, 307.16, 27.8, 77.64], [343.19, 327.94, 12.17, 24.26]]"
3069,/home/pi/sambashare/BacArbeit/cocoval2017/000000502599.jpg,3.1761289129990473,"['4: airplane', '4: airplane', '4: airplane', '4: airplane', '4: airplane']","[4, 4, 4, 4, 4]","[0.8887166, 0.61164457, 0.5817909, 0.45601276, 0.38317585]","[[126.95, 294.47, 255.55, 103.15], [393.35, 328.19, 191.37, 64.8], [2.7, 90.39, 468.66, 220.1], [394.33, 1.32, 243.9, 422.8], [1, 320.88, 26.6, 25.66]]"
3070,/home/pi/sambashare/BacArbeit/cocoval2017/000000063154.jpg,3.1858957940003165,"['0: person', '37: surfboard']","[0, 37]","[0.8729095, 0.7043046]","[[261.34, 138.7, 127.8, 74.68], [244.44, 196.42, 101.6, 28.43]]"
3071,/home/pi/sambashare/BacArbeit/cocoval2017/000000569700.jpg,3.187128075000146,"['75: vase', '75: vase', '58: potted plant']","[75, 75, 58]","[0.89128685, 0.6618144, 0.32997808]","[[191.55, 225.08, 89.64, 112.49], [349.72, 166.25, 121.91, 174.35], [1, 31.01, 413.4, 307.43]]"
3072,/home/pi/sambashare/BacArbeit/cocoval2017/000000221213.jpg,3.1908638300010352,"['6: train', '6: train']","[6, 6]","[0.8831193, 0.7726714]","[[1, 91.43, 238.23, 355.58], [35.74, 52.65, 596.55, 360.13]]"
3073,/home/pi/sambashare/BacArbeit/cocoval2017/000000389684.jpg,3.171234244999141,"['5: bus', '0: person', '26: handbag']","[5, 0, 26]","[0.9336727, 0.7436181, 0.32390717]","[[354.97, 46.59, 283.24, 361.54], [117.25, 214.03, 56.26, 170.47], [168.09, 258.08, 13.44, 27.49]]"
3074,/home/pi/sambashare/BacArbeit/cocoval2017/000000037670.jpg,3.1908227870007977,"['0: person', '61: toilet', '0: person']","[0, 61, 0]","[0.6621829, 0.5217633, 0.43214834]","[[420.32, 16.32, 216.77, 460.84], [1, 164.83, 329.37, 313.94], [559.58, 233.7, 79.18, 243.13]]"
3075,/home/pi/sambashare/BacArbeit/cocoval2017/000000063602.jpg,3.19471012699978,"['63: laptop', '41: cup', '56: chair', '0: person', '66: keyboard']","[63, 41, 56, 0, 66]","[0.9423621, 0.8944667, 0.6523921, 0.64542687, 0.26162404]","[[223.82, 168.93, 163.9, 199.1], [414.71, 230.9, 37.18, 62.89], [1, 284.81, 106.12, 139.6], [311.16, 365.68, 321.67, 58.58], [239.32, 283.74, 138.72, 38.89]]"
3076,/home/pi/sambashare/BacArbeit/cocoval2017/000000173044.jpg,3.1887563629989017,"['74: clock', '39: bottle']","[74, 39]","[0.88860774, 0.32414544]","[[63.34, 304.44, 48.82, 51.24], [270.18, 621.92, 18.93, 18.0]]"
3077,/home/pi/sambashare/BacArbeit/cocoval2017/000000568710.jpg,3.187033446998612,"['57: couch', '57: couch', '56: chair', '75: vase', '58: potted plant', '75: vase', '56: chair', '60: dining table', '75: vase']","[57, 57, 56, 75, 58, 75, 56, 60, 75]","[0.9394996, 0.81577146, 0.7737681, 0.7669209, 0.7548703, 0.7438125, 0.46514368, 0.43797332, 0.39753562]","[[411.38, 185.3, 227.8, 189.28], [502.32, 289.09, 136.76, 136.63], [451.45, 170.63, 27.23, 23.2], [80.0, 179.78, 27.7, 28.37], [502.42, 153.79, 38.28, 26.54], [360.94, 177.39, 18.36, 26.66], [435.18, 165.08, 23.82, 29.65], [476.0, 177.28, 66.26, 14.26], [509.03, 170.53, 17.49, 9.77]]"
3078,/home/pi/sambashare/BacArbeit/cocoval2017/000000054593.jpg,3.171479198999805,"['0: person', '0: person', '0: person', '0: person', '0: person', '35: baseball glove', '2: car', '34: baseball bat', '32: sports ball', '2: car', '0: person', '39: bottle', '0: person']","[0, 0, 0, 0, 0, 35, 2, 34, 32, 2, 0, 39, 0]","[0.9299564, 0.9186928, 0.89424646, 0.89190775, 0.87448806, 0.84448063, 0.7732971, 0.68325377, 0.5614153, 0.44676712, 0.40189567, 0.33941552, 0.2734852]","[[1, 140.76, 110.48, 184.9], [340.84, 104.64, 119.26, 237.01], [424.03, 111.9, 86.11, 125.26], [82.83, 169.65, 136.99, 168.19], [522.96, 111.24, 64.3, 126.16], [208.59, 198.94, 38.71, 46.54], [109.96, 75.23, 201.4, 108.31], [344.91, 64.65, 63.15, 98.46], [497.03, 155.22, 13.3, 13.08], [431.83, 73.34, 204.31, 82.92], [3.03, 115.63, 67.51, 83.47], [601.55, 113.36, 11.09, 33.99], [34.29, 114.66, 37.16, 41.77]]"
3079,/home/pi/sambashare/BacArbeit/cocoval2017/000000078823.jpg,3.20618570699844,"['2: car', '16: dog', '2: car', '2: car', '58: potted plant']","[2, 16, 2, 2, 58]","[0.94247186, 0.93108624, 0.87990904, 0.730507, 0.65510225]","[[1.17, 149.7, 185.61, 262.12], [196.17, 119.23, 167.51, 219.52], [591.23, 174.73, 48.49, 128.82], [12.39, 120.28, 470.95, 352.3], [63.6, 83.59, 124.67, 119.98]]"
3080,/home/pi/sambashare/BacArbeit/cocoval2017/000000377670.jpg,3.175426365000021,"['0: person', '37: surfboard', '77: teddy bear', '8: boat', '77: teddy bear', '25: umbrella', '55: cake']","[0, 37, 77, 8, 77, 25, 55]","[0.67539895, 0.6415851, 0.63238734, 0.42451292, 0.35350186, 0.3126753, 0.30862907]","[[238.14, 262.44, 219.71, 287.91], [353.27, 551.84, 133.37, 87.56], [184.56, 215.12, 103.28, 189.09], [82.94, 29.39, 327.48, 270.7], [183.69, 217.31, 154.42, 276.83], [1, 414.82, 100.7, 122.11], [131.9, 108.92, 102.03, 77.06]]"
3081,/home/pi/sambashare/BacArbeit/cocoval2017/000000498032.jpg,3.196948662998693,"['0: person', '65: remote', '67: cell phone']","[0, 65, 67]","[0.8912222, 0.5846505, 0.3884074]","[[138.9, 109.49, 318.25, 352.81], [389.42, 95.25, 38.07, 121.74], [392.88, 95.11, 32.81, 31.73]]"
3082,/home/pi/sambashare/BacArbeit/cocoval2017/000000072795.jpg,3.190889736000827,"['0: person', '0: person', '0: person', '0: person', '0: person', '0: person', '35: baseball glove', '0: person', '0: person', '0: person', '34: baseball bat', '0: person', '0: person']","[0, 0, 0, 0, 0, 0, 35, 0, 0, 0, 34, 0, 0]","[0.91604763, 0.88345724, 0.86461484, 0.8424985, 0.71751475, 0.70225555, 0.6881592, 0.6861397, 0.52251667, 0.4060452, 0.38525563, 0.33806852, 0.31770465]","[[310.34, 253.71, 50.96, 82.86], [436.97, 237.59, 44.81, 99.15], [400.84, 275.28, 42.54, 59.21], [54.48, 195.49, 20.29, 48.66], [336.33, 371.63, 92.4, 107.69], [1, 423.24, 103.96, 56.44], [399.8, 298.08, 10.72, 13.43], [516.49, 242.11, 122.29, 235.85], [92.73, 426.64, 89.96, 53.36], [411.57, 401.77, 118.51, 77.99], [330.64, 314.85, 5.56, 17.09], [1, 394.11, 66.5, 50.26], [185.18, 426.43, 142.54, 53.57]]"
3083,/home/pi/sambashare/BacArbeit/cocoval2017/000000264335.jpg,3.1839927309993072,['14: bird'],[14],[0.9019761],"[[63.49, 54.37, 289.22, 544.65]]"
3084,/home/pi/sambashare/BacArbeit/cocoval2017/000000127092.jpg,3.1853903739993257,"['2: car', '2: car', '0: person', '10: fire hydrant', '2: car', '58: potted plant', '2: car', '11: stop sign']","[2, 2, 0, 10, 2, 58, 2, 11]","[0.9273658, 0.923737, 0.86614835, 0.8489145, 0.84162915, 0.81436723, 0.6540788, 0.6161617]","[[145.07, 408.06, 74.2, 49.14], [61.75, 380.78, 58.76, 35.05], [22.95, 420.85, 25.8, 56.42], [385.82, 431.03, 14.43, 24.71], [1, 347.07, 17.1, 24.51], [547.89, 404.97, 40.64, 43.14], [1, 428.36, 5.06, 38.4], [379.58, 343.75, 12.0, 23.76]]"
3085,/home/pi/sambashare/BacArbeit/cocoval2017/000000097230.jpg,3.1814661569987948,"['20: elephant', '20: elephant']","[20, 20]","[0.95372117, 0.7692755]","[[86.91, 170.46, 239.68, 174.21], [368.16, 193.63, 217.89, 105.13]]"
3086,/home/pi/sambashare/BacArbeit/cocoval2017/000000482735.jpg,3.1862436829997023,"['0: person', '37: surfboard']","[0, 37]","[0.91672903, 0.8091885]","[[189.22, 111.7, 62.4, 112.74], [207.0, 200.96, 66.7, 34.52]]"
3087,/home/pi/sambashare/BacArbeit/cocoval2017/000000291551.jpg,3.192266936001033,"['0: person', '36: skateboard', '0: person', '0: person', '0: person']","[0, 36, 0, 0, 0]","[0.9503, 0.9084025, 0.8635073, 0.8561745, 0.3107221]","[[147.23, 109.21, 262.32, 449.07], [230.81, 391.48, 155.43, 165.26], [126.44, 429.23, 29.88, 47.36], [149.91, 426.64, 28.58, 52.31], [191.19, 435.85, 10.37, 46.87]]"
3088,/home/pi/sambashare/BacArbeit/cocoval2017/000000005600.jpg,3.179475241999171,"['45: bowl', '43: knife', '45: bowl', '44: spoon', '41: cup']","[45, 43, 45, 44, 41]","[0.89652604, 0.75237703, 0.71588, 0.7022433, 0.680771]","[[208.44, 137.76, 329.12, 221.19], [533.9, 1, 40.74, 29.46], [118.6, 1, 261.38, 192.1], [611.27, 59.58, 28.43, 21.36], [572.31, 1, 67.11, 52.77]]"
3089,/home/pi/sambashare/BacArbeit/cocoval2017/000000007888.jpg,3.175795385001038,"['74: clock', '74: clock', '0: person']","[74, 74, 0]","[0.92500716, 0.91530734, 0.48454326]","[[323.61, 247.07, 139.64, 150.51], [186.55, 247.62, 114.09, 168.68], [67.01, 625.88, 12.63, 13.82]]"
3090,/home/pi/sambashare/BacArbeit/cocoval2017/000000548524.jpg,3.19558114100073,"['0: person', '37: surfboard']","[0, 37]","[0.8876473, 0.44564286]","[[442.79, 280.83, 22.91, 31.51], [435.17, 311.69, 22.86, 4.69]]"
3091,/home/pi/sambashare/BacArbeit/cocoval2017/000000305695.jpg,3.1870228679999855,"['22: zebra', '22: zebra', '7: truck', '22: zebra', '22: zebra', '22: zebra']","[22, 22, 7, 22, 22, 22]","[0.92145294, 0.91055304, 0.905532, 0.8383501, 0.7768136, 0.47013038]","[[227.89, 245.3, 49.56, 72.47], [466.68, 238.05, 41.01, 41.23], [1, 214.27, 130.32, 170.14], [410.0, 228.25, 54.88, 40.72], [540.58, 238.05, 66.24, 42.72], [525.89, 241.63, 24.09, 39.44]]"
3092,/home/pi/sambashare/BacArbeit/cocoval2017/000000249180.jpg,3.1913948909987084,"['0: person', '0: person', '67: cell phone']","[0, 0, 67]","[0.9192986, 0.8245548, 0.48436084]","[[324.46, 148.9, 76.68, 167.48], [135.3, 211.52, 67.66, 207.22], [155.46, 225.56, 11.41, 13.9]]"
3093,/home/pi/sambashare/BacArbeit/cocoval2017/000000461751.jpg,3.1912669650009775,"['16: dog', '0: person']","[16, 0]","[0.65580165, 0.27011237]","[[267.0, 90.79, 119.14, 129.52], [3.86, 113.77, 345.5, 275.54]]"
3094,/home/pi/sambashare/BacArbeit/cocoval2017/000000027620.jpg,3.190564896000069,"['63: laptop', '66: keyboard', '56: chair', '39: bottle', '64: mouse', '62: tv', '66: keyboard']","[63, 66, 56, 39, 64, 62, 66]","[0.94779426, 0.9094561, 0.90749574, 0.898136, 0.8492003, 0.74073815, 0.66270196]","[[221.29, 38.74, 144.08, 123.62], [234.68, 172.86, 157.73, 35.89], [295.3, 166.04, 316.23, 313.21], [176.0, 107.17, 38.02, 67.74], [396.76, 168.71, 26.28, 12.55], [1, 379.18, 37.3, 99.84], [14.42, 390.39, 132.63, 57.55]]"
3095,/home/pi/sambashare/BacArbeit/cocoval2017/000000547886.jpg,3.185896707000211,"['17: horse', '17: horse', '17: horse', '0: person', '0: person', '0: person', '0: person']","[17, 17, 17, 0, 0, 0, 0]","[0.94549954, 0.94479847, 0.93057156, 0.91691816, 0.9120965, 0.90374094, 0.58146834]","[[272.89, 178.65, 99.73, 105.82], [150.29, 160.14, 132.0, 117.75], [15.96, 171.99, 124.04, 97.2], [294.54, 136.61, 52.17, 94.83], [193.86, 126.38, 52.68, 96.99], [55.38, 133.97, 48.59, 85.74], [181.66, 128.35, 21.74, 52.2]]"
3096,/home/pi/sambashare/BacArbeit/cocoval2017/000000338532.jpg,3.1906352149999293,"['23: giraffe', '0: person']","[23, 0]","[0.9608986, 0.27859774]","[[152.12, 125.23, 166.09, 305.61], [325.76, 290.73, 6.24, 10.89]]"
3097,/home/pi/sambashare/BacArbeit/cocoval2017/000000008277.jpg,3.1861797219989967,"['42: fork', '45: bowl', '45: bowl']","[42, 45, 45]","[0.9254494, 0.72497755, 0.26774016]","[[385.73, 88.93, 226.16, 294.87], [25.59, 39.27, 433.74, 320.62], [1, 13.31, 611, 597.61]]"
3098,/home/pi/sambashare/BacArbeit/cocoval2017/000000179265.jpg,3.179294307999953,"['5: bus', '2: car', '7: truck', '58: potted plant', '2: car', '7: truck', '11: stop sign']","[5, 2, 7, 58, 2, 7, 11]","[0.9461053, 0.9328723, 0.903499, 0.83962995, 0.5421617, 0.37134555, 0.2889972]","[[286.06, 150.06, 152.56, 113.84], [223.17, 163.19, 61.37, 25.83], [458.81, 157.23, 59.5, 36.33], [520.38, 242.17, 40.78, 33.1], [635.04, 288.5, 4.93, 27.89], [540.13, 126.04, 88.1, 74.72], [542.78, 143.99, 11.13, 12.84]]"
3099,/home/pi/sambashare/BacArbeit/cocoval2017/000000091406.jpg,3.1852408230006404,"['0: person', '62: tv', '0: person', '54: donut', '0: person', '0: person', '56: chair', '54: donut', '76: scissors', '56: chair', '56: chair', '56: chair', '56: chair', '56: chair', '55: cake', '56: chair', '73: book', '73: book', '62: tv', '73: book', '73: book', '73: book', '56: chair', '73: book', '73: book', '73: book', '56: chair', '73: book', '73: book']","[0, 62, 0, 54, 0, 0, 56, 54, 76, 56, 56, 56, 56, 56, 55, 56, 73, 73, 62, 73, 73, 73, 56, 73, 73, 73, 56, 73, 73]","[0.9097066, 0.9045608, 0.8596999, 0.8399834, 0.8242004, 0.8187466, 0.7439139, 0.6962583, 0.67693114, 0.67467415, 0.59124243, 0.47445375, 0.44565156, 0.3807346, 0.36895534, 0.35351884, 0.34209207, 0.32345608, 0.30397382, 0.29412952, 0.27958503, 0.27255875, 0.26298854, 0.26232323, 0.25943983, 0.25924453, 0.25567278, 0.25362644, 0.25100505]","[[243.84, 49.6, 106.1, 251.18], [1, 1, 67.95, 85.94], [469.98, 66.07, 114.93, 327.89], [130.28, 342.9, 134.2, 73.84], [316.54, 76.37, 115.74, 245.44], [401.62, 31.01, 95.37, 298.89], [138.76, 165.29, 43.66, 61.77], [264.25, 388.6, 92.55, 35.34], [405.29, 352.98, 45.78, 38.91], [219.77, 159.67, 20.58, 8.51], [180.28, 164.28, 61.37, 93.11], [2.2, 178.53, 152.27, 67.66], [177.15, 149.75, 51.46, 52.52], [83.58, 157.42, 54.17, 34.27], [11.32, 242.99, 190.92, 70.52], [1, 166.57, 80.94, 35.24], [600.99, 266.53, 24.78, 31.89], [201.17, 57.42, 15.53, 19.37], [578.48, 140.52, 61.52, 53.15], [187.07, 58.46, 16.19, 18.47], [594.51, 265.17, 15.69, 29.85], [151.55, 83.72, 21.75, 23.92], [183.1, 149.75, 45.26, 25.09], [584.59, 264.58, 20.14, 29.2], [208.05, 31.29, 7.41, 18.84], [199.71, 31.32, 8.26, 19.39], [1.99, 180.82, 49.99, 21.77], [151.18, 37.9, 16.45, 18.45], [186.03, 31.5, 27.88, 19.43]]"
3100,/home/pi/sambashare/BacArbeit/cocoval2017/000000338901.jpg,3.1847857430002477,"['65: remote', '16: dog', '59: bed', '65: remote', '16: dog']","[65, 16, 59, 65, 16]","[0.9001379, 0.76803446, 0.7409918, 0.61530966, 0.27026707]","[[1, 427.75, 88.89, 51.31], [274.87, 146.45, 206.0, 150.67], [91.17, 15.29, 546.03, 460.83], [1, 430.63, 18.16, 24.23], [330.55, 147.13, 151.19, 72.61]]"
3101,/home/pi/sambashare/BacArbeit/cocoval2017/000000039551.jpg,3.167321457000071,"['0: person', '32: sports ball', '38: tennis racket']","[0, 32, 38]","[0.92964643, 0.84644735, 0.784472]","[[117.52, 55.7, 198.78, 280.22], [586.59, 164.22, 15.23, 13.66], [41.04, 103.85, 114.99, 46.72]]"
3102,/home/pi/sambashare/BacArbeit/cocoval2017/000000553990.jpg,3.1768868990002375,"['17: horse', '0: person']","[17, 0]","[0.9323664, 0.7790591]","[[37.12, 78.07, 373.2, 294.14], [201.59, 40.64, 127.53, 152.37]]"
3103,/home/pi/sambashare/BacArbeit/cocoval2017/000000173302.jpg,3.188206328999513,"['56: chair', '56: chair', '56: chair', '56: chair', '0: person', '0: person', '56: chair', '56: chair', '56: chair', '56: chair', '60: dining table', '75: vase', '56: chair', '60: dining table', '60: dining table', '58: potted plant', '60: dining table', '58: potted plant', '39: bottle', '56: chair']","[56, 56, 56, 56, 0, 0, 56, 56, 56, 56, 60, 75, 56, 60, 60, 58, 60, 58, 39, 56]","[0.91680163, 0.89211786, 0.8778308, 0.8496825, 0.8345354, 0.80130535, 0.6932574, 0.67543703, 0.5688475, 0.55727017, 0.5469837, 0.5450766, 0.47019923, 0.42650074, 0.42019084, 0.36953574, 0.29483867, 0.29408893, 0.28512892, 0.26827338]","[[337.81, 323.78, 135.66, 100.62], [200.81, 227.0, 96.08, 191.14], [348.48, 223.9, 54.97, 89.57], [524.0, 264.71, 74.32, 36.21], [265.9, 167.53, 46.73, 59.33], [304.51, 163.01, 33.52, 62.84], [590.14, 291.58, 49.83, 11.64], [284.09, 224.4, 72.94, 151.89], [512.93, 244.42, 31.4, 19.4], [450.85, 285.53, 95.29, 12.03], [329.08, 291.17, 310.92, 65.99], [573.55, 225.64, 8.51, 23.86], [565.39, 250.24, 56.06, 12.81], [529.07, 244.42, 109.15, 16.86], [496.96, 259.5, 142.0, 27.13], [569.31, 207.78, 22.49, 40.69], [517.34, 245.73, 122.66, 29.89], [137.58, 212.11, 24.42, 22.25], [592.78, 228.12, 7.31, 16.76], [625.38, 273.41, 14.44, 21.54]]"
3104,/home/pi/sambashare/BacArbeit/cocoval2017/000000165518.jpg,3.188742190000994,['0: person'],[0],[0.8670132],"[[248.85, 175.19, 182.28, 294.82]]"
3105,/home/pi/sambashare/BacArbeit/cocoval2017/000000292060.jpg,3.1777809750001325,"['69: oven', '39: bottle', '68: microwave', '45: bowl', '71: sink', '72: refrigerator', '43: knife', '43: knife', '56: chair', '43: knife', '43: knife', '43: knife', '4: airplane']","[69, 39, 68, 45, 71, 72, 43, 43, 56, 43, 43, 43, 4]","[0.83669573, 0.73027426, 0.698186, 0.69294626, 0.54868615, 0.5299457, 0.5143663, 0.5075451, 0.40283605, 0.38180968, 0.28616711, 0.26508078, 0.25157905]","[[1.15, 352.73, 171.66, 283.94], [202.8, 361.33, 12.69, 31.45], [358.03, 350.59, 46.86, 57.48], [142.7, 382.54, 15.89, 15.28], [175.06, 382.9, 171.35, 30.99], [395.72, 228.78, 31.16, 405.41], [324.8, 348.52, 11.04, 15.47], [311.96, 343.93, 14.94, 21.78], [371.39, 616.02, 53.24, 23.64], [317.18, 344.88, 17.13, 19.5], [315.43, 353.82, 15.81, 19.45], [315.45, 363.74, 17.12, 12.16], [51.08, 4.17, 299.35, 123.86]]"
3106,/home/pi/sambashare/BacArbeit/cocoval2017/000000161978.jpg,3.1792030409997096,"['0: person', '0: person', '36: skateboard', '0: person', '36: skateboard', '36: skateboard', '0: person', '0: person', '36: skateboard', '0: person', '0: person', '36: skateboard', '0: person', '0: person', '36: skateboard', '0: person', '36: skateboard', '0: person', '36: skateboard', '0: person', '36: skateboard', '0: person', '36: skateboard', '36: skateboard', '36: skateboard', '0: person', '0: person', '36: skateboard']","[0, 0, 36, 0, 36, 36, 0, 0, 36, 0, 0, 36, 0, 0, 36, 0, 36, 0, 36, 0, 36, 0, 36, 36, 36, 0, 0, 36]","[0.93413484, 0.92648256, 0.90474653, 0.90299505, 0.9003921, 0.89680415, 0.89199036, 0.88939124, 0.8865556, 0.8859438, 0.8837095, 0.87861073, 0.877287, 0.86659944, 0.86360943, 0.855301, 0.85245925, 0.8308964, 0.81497073, 0.81358844, 0.79121166, 0.7771703, 0.7671798, 0.7288586, 0.54574996, 0.49640518, 0.46047243, 0.3005724]","[[248.81, 10.1, 125.73, 89.69], [274.41, 297.11, 114.42, 92.67], [15.63, 346.25, 72.71, 17.06], [262.35, 164.49, 46.64, 90.56], [437.72, 324.91, 140.54, 50.38], [238.19, 77.23, 89.26, 25.02], [528.53, 10.41, 95.92, 113.67], [553.55, 297.64, 70.75, 69.82], [273.89, 373.96, 149.92, 34.12], [32.42, 164.13, 81.11, 90.01], [181.22, 297.1, 50.96, 74.07], [256.84, 249.33, 52.86, 13.36], [32.09, 296.69, 44.41, 56.02], [422.3, 164.49, 65.41, 112.1], [162.57, 362.18, 77.42, 21.09], [191.36, 10.31, 44.24, 76.19], [539.46, 105.97, 84.64, 45.04], [400.45, 10.17, 47.7, 46.15], [378.01, 258.18, 109.73, 22.47], [370.3, 9.87, 21.17, 40.27], [55.97, 245.8, 55.05, 20.5], [507.35, 164.32, 47.94, 93.01], [512.11, 253.86, 26.59, 13.66], [195.84, 74.16, 25.45, 13.24], [408.51, 49.99, 44.61, 11.87], [451.55, 307.71, 43.67, 28.26], [490.74, 166.12, 19.54, 88.39], [368.34, 48.76, 25.78, 5.57]]"
3107,/home/pi/sambashare/BacArbeit/cocoval2017/000000454067.jpg,3.2027580910016695,"['62: tv', '0: person', '47: apple', '75: vase', '73: book', '59: bed', '75: vase', '62: tv', '73: book']","[62, 0, 47, 75, 73, 59, 75, 62, 73]","[0.9402349, 0.93015164, 0.5706897, 0.534922, 0.50618327, 0.439216, 0.3411643, 0.32989857, 0.25217226]","[[66.38, 76.92, 158.31, 155.38], [194.91, 40.78, 288.1, 363.16], [369.19, 297.05, 29.04, 26.25], [450.93, 1, 25.15, 33.79], [119.27, 138.46, 4.78, 26.59], [1, 246.59, 37.7, 130.61], [420.74, 1, 21.65, 15.7], [138.17, 1, 109.24, 34.93], [334.26, 35.02, 12.89, 24.46]]"
3108,/home/pi/sambashare/BacArbeit/cocoval2017/000000125806.jpg,3.1981068829991273,"['21: bear', '21: bear', '21: bear']","[21, 21, 21]","[0.93300855, 0.8851577, 0.32256746]","[[282.11, 135.27, 356.02, 288.81], [1, 49.25, 365.11, 374.36], [574.7, 84.19, 64.92, 58.34]]"
3109,/home/pi/sambashare/BacArbeit/cocoval2017/000000164883.jpg,3.1795753489986964,"['62: tv', '65: remote', '63: laptop', '0: person']","[62, 65, 63, 0]","[0.77754635, 0.71114784, 0.35923508, 0.3008753]","[[1, 1, 46.61, 53.31], [193.92, 307.98, 78.97, 67.02], [193.85, 9.68, 306.15, 363.06], [1, 1, 381.68, 374]]"
3110,/home/pi/sambashare/BacArbeit/cocoval2017/000000458410.jpg,3.169420526999602,"['57: couch', '62: tv', '40: wine glass', '75: vase', '40: wine glass', '40: wine glass', '40: wine glass', '56: chair', '40: wine glass', '40: wine glass', '40: wine glass']","[57, 62, 40, 75, 40, 40, 40, 56, 40, 40, 40]","[0.942776, 0.7902248, 0.7337631, 0.6542191, 0.6159925, 0.59678286, 0.56635785, 0.514847, 0.36728895, 0.3049572, 0.25382146]","[[374.67, 236.91, 263.85, 241.58], [106.89, 230.48, 84.64, 55.64], [124.56, 126.28, 12.53, 21.12], [122.74, 177.76, 14.92, 21.31], [85.77, 127.7, 13.03, 22.15], [105.82, 126.32, 13.56, 22.17], [68.11, 129.55, 13.75, 20.38], [520.74, 442.87, 117.99, 36.65], [49.35, 132.81, 13.97, 17.93], [269.61, 189.1, 12.39, 18.95], [324.82, 189.51, 9.61, 16.95]]"
3111,/home/pi/sambashare/BacArbeit/cocoval2017/000000062554.jpg,3.187332172999959,"['45: bowl', '50: broccoli', '45: bowl', '45: bowl']","[45, 50, 45, 45]","[0.80444646, 0.68647915, 0.64262223, 0.61526746]","[[39.09, 355.24, 543.85, 72.12], [1, 108.76, 401.15, 265.66], [530.51, 233.23, 109.24, 157.78], [298.62, 7.94, 340.68, 223.03]]"
3112,/home/pi/sambashare/BacArbeit/cocoval2017/000000565563.jpg,3.194415345999005,"['2: car', '2: car', '12: parking meter', '2: car', '2: car', '2: car', '2: car', '0: person', '2: car', '2: car', '13: bench', '2: car']","[2, 2, 12, 2, 2, 2, 2, 0, 2, 2, 13, 2]","[0.9266902, 0.9052456, 0.86121845, 0.81313443, 0.71800786, 0.6650007, 0.6627136, 0.4838628, 0.400336, 0.38980573, 0.27136123, 0.25889933]","[[1, 221.47, 76.94, 57.41], [80.25, 224.64, 137.73, 106.82], [185.69, 228.99, 71.28, 174.73], [259.5, 209.46, 33.53, 29.44], [279.28, 203.85, 24.72, 19.35], [143.3, 211.39, 37.61, 14.2], [177.89, 207.39, 91.77, 67.96], [307.57, 201.79, 7.26, 15.15], [97.96, 214.53, 51.85, 21.94], [148.59, 218.63, 32.47, 8.07], [330.8, 231.34, 71.34, 122.69], [257.89, 202.29, 20.06, 9.4]]"
3113,/home/pi/sambashare/BacArbeit/cocoval2017/000000352491.jpg,3.177418723000301,"['6: train', '0: person', '13: bench', '0: person']","[6, 0, 13, 0]","[0.9001774, 0.67786413, 0.44979557, 0.44498304]","[[112.41, 201.52, 527.59, 206.47], [61.9, 243.27, 12.92, 28.46], [26.61, 272.85, 26.8, 24.59], [77.18, 240.26, 7.99, 19.01]]"
3114,/home/pi/sambashare/BacArbeit/cocoval2017/000000290248.jpg,3.1847377930007497,"['0: person', '2: car', '0: person', '28: suitcase', '0: person', '0: person', '0: person', '0: person', '0: person', '0: person', '2: car', '0: person', '0: person', '0: person', '0: person', '26: handbag', '74: clock', '0: person', '26: handbag', '26: handbag', '26: handbag', '25: umbrella', '0: person', '26: handbag', '0: person', '0: person', '0: person', '26: handbag', '26: handbag', '0: person', '0: person', '26: handbag', '26: handbag']","[0, 2, 0, 28, 0, 0, 0, 0, 0, 0, 2, 0, 0, 0, 0, 26, 74, 0, 26, 26, 26, 25, 0, 26, 0, 0, 0, 26, 26, 0, 0, 26, 26]","[0.87079656, 0.8678621, 0.82109964, 0.7577792, 0.73298264, 0.7244261, 0.7030988, 0.6985237, 0.67140114, 0.5663379, 0.50978315, 0.5035697, 0.49264538, 0.48185763, 0.47200522, 0.46067604, 0.46048582, 0.4594294, 0.4543652, 0.44058284, 0.42417175, 0.41926003, 0.391204, 0.35181898, 0.345582, 0.3315945, 0.3215274, 0.31536543, 0.30299821, 0.30241615, 0.27008468, 0.26718754, 0.26331216]","[[579.67, 348.42, 59.16, 122.8], [1, 365.91, 118.47, 113.7], [374.85, 336.31, 47.8, 125.71], [216.59, 395.38, 33.24, 31.29], [321.42, 332.93, 37.04, 114.18], [107.81, 324.36, 28.47, 92.81], [286.31, 337.36, 39.12, 107.51], [514.05, 337.55, 32.4, 89.89], [438.47, 353.57, 48.58, 115.8], [134.24, 322.74, 29.91, 91.06], [1, 380.67, 36.13, 98.56], [533.56, 334.82, 41.96, 112.9], [249.78, 328.7, 34.83, 102.94], [47.89, 323.06, 39.82, 56.54], [1, 330.01, 28.85, 38.15], [427.92, 407.9, 22.35, 27.97], [337.74, 130.42, 54.83, 50.99], [420.94, 338.19, 36.36, 123.6], [189.15, 354.34, 14.32, 18.75], [310.07, 370.92, 15.19, 20.56], [463.34, 380.4, 15.51, 29.53], [435.12, 135.95, 25.64, 9.58], [152.62, 324.59, 36.16, 93.49], [460.11, 371.16, 20.46, 52.2], [19.84, 328.18, 26.1, 42.58], [465.93, 327.1, 26.03, 97.29], [218.12, 328.82, 23.74, 73.26], [253.05, 367.12, 15.69, 19.89], [250.87, 350.54, 16.95, 38.83], [172.0, 324.18, 29.09, 91.47], [111.73, 323.99, 65.83, 92.36], [379.8, 357.52, 28.98, 57.98], [563.07, 442.8, 33.95, 36.96]]"
3115,/home/pi/sambashare/BacArbeit/cocoval2017/000000279714.jpg,3.1851573620006093,"['2: car', '74: clock', '2: car']","[2, 74, 2]","[0.94111556, 0.704309, 0.5799675]","[[220.85, 432.92, 203.62, 179.84], [29.67, 423.59, 234.16, 209.07], [1, 434.39, 36.86, 204.52]]"
3116,/home/pi/sambashare/BacArbeit/cocoval2017/000000296224.jpg,3.18821843600017,"['5: bus', '2: car', '0: person']","[5, 2, 0]","[0.90698636, 0.5264216, 0.4355638]","[[45.47, 37.66, 531.38, 432.72], [1, 177.78, 56.17, 43.3], [327.05, 190.69, 86.6, 73.02]]"
3117,/home/pi/sambashare/BacArbeit/cocoval2017/000000419201.jpg,3.196391379000488,"['17: horse', '14: bird', '17: horse', '14: bird', '14: bird', '19: cow', '17: horse', '17: horse']","[17, 14, 17, 14, 14, 19, 17, 17]","[0.86061925, 0.8590953, 0.73230344, 0.7265903, 0.7191113, 0.6530373, 0.6432298, 0.62434626]","[[395.43, 230.37, 50.43, 33.76], [210.95, 119.65, 29.13, 35.74], [416.65, 215.14, 16.29, 22.85], [307.05, 236.94, 23.7, 10.77], [340.04, 184.8, 22.13, 17.04], [222.98, 251.95, 19.98, 11.82], [448.25, 217.22, 12.41, 19.89], [257.37, 243.52, 23.48, 22.46]]"
3118,/home/pi/sambashare/BacArbeit/cocoval2017/000000195754.jpg,3.1968528910001623,"['57: couch', '62: tv', '56: chair', '56: chair', '56: chair', '56: chair', '74: clock', '58: potted plant']","[57, 62, 56, 56, 56, 56, 74, 58]","[0.9175055, 0.84009594, 0.83138466, 0.66545457, 0.57888067, 0.55281264, 0.5378894, 0.3818827]","[[190.3, 193.26, 158.53, 88.79], [449.93, 134.83, 77.99, 59.56], [61.83, 231.68, 116.12, 103.6], [403.21, 304.01, 200.89, 120.94], [100.03, 264.85, 135.85, 96.65], [78.78, 354.33, 167.51, 70.4], [97.68, 94.91, 100.05, 128.88], [592.05, 379.35, 47.16, 45.35]]"
3119,/home/pi/sambashare/BacArbeit/cocoval2017/000000138639.jpg,3.183933475000231,"['0: person', '1: bicycle', '2: car', '0: person', '2: car', '58: potted plant', '0: person', '0: person', '0: person', '0: person', '58: potted plant', '0: person', '0: person', '0: person', '9: traffic light', '0: person', '0: person', '0: person', '0: person', '9: traffic light', '0: person', '0: person', '0: person', '58: potted plant', '26: handbag', '26: handbag', '0: person', '0: person', '58: potted plant']","[0, 1, 2, 0, 2, 58, 0, 0, 0, 0, 58, 0, 0, 0, 9, 0, 0, 0, 0, 9, 0, 0, 0, 58, 26, 26, 0, 0, 58]","[0.9395294, 0.91760963, 0.87963825, 0.85965466, 0.8481289, 0.8181675, 0.7695156, 0.7630852, 0.7593814, 0.7237559, 0.7040414, 0.6393109, 0.5950605, 0.54056025, 0.42687428, 0.39883506, 0.3704757, 0.36837703, 0.3648501, 0.35679862, 0.3523675, 0.3326768, 0.32010627, 0.31302655, 0.3118675, 0.30532995, 0.2813879, 0.2716332, 0.2686761]","[[569.18, 327.41, 69.52, 151.76], [122.73, 363.85, 78.11, 55.37], [430.14, 327.7, 37.18, 22.82], [395.13, 324.75, 51.33, 136.49], [389.76, 327.62, 27.97, 20.28], [1, 320.57, 24.17, 39.5], [103.99, 316.68, 16.73, 26.72], [134.77, 326.3, 54.25, 75.84], [37.46, 311.26, 16.11, 29.3], [197.11, 315.39, 10.48, 21.33], [29.55, 336.95, 29.35, 21.1], [575.92, 326.91, 10.85, 22.7], [209.28, 312.96, 11.19, 26.27], [186.93, 314.79, 8.54, 17.82], [490.88, 187.26, 15.2, 5.31], [290.38, 316.05, 8.48, 24.01], [59.9, 305.22, 8.8, 16.78], [610.34, 326.23, 19.54, 31.4], [102.62, 307.02, 8.47, 17.35], [150.29, 259.18, 10.8, 18.9], [68.88, 305.98, 6.17, 15.48], [619.61, 326.27, 13.65, 23.99], [165.64, 317.07, 9.55, 13.16], [227.6, 331.45, 19.29, 14.27], [410.59, 385.03, 31.47, 26.87], [391.59, 374.09, 53.19, 31.44], [80.81, 304.57, 7.4, 23.92], [101.26, 308.85, 13.09, 25.33], [252.36, 333.91, 18.13, 13.82]]"
3120,/home/pi/sambashare/BacArbeit/cocoval2017/000000338625.jpg,3.188598632999856,"['5: bus', '2: car', '2: car', '0: person', '0: person', '0: person', '0: person', '0: person', '0: person', '1: bicycle', '0: person', '0: person']","[5, 2, 2, 0, 0, 0, 0, 0, 0, 1, 0, 0]","[0.9596711, 0.93279386, 0.9304823, 0.7350466, 0.7310406, 0.59434366, 0.5138559, 0.38916197, 0.3230692, 0.3206314, 0.30569786, 0.2819641]","[[141.75, 80.77, 379.29, 240.56], [8.06, 235.84, 116.72, 44.55], [529.95, 206.51, 49.18, 34.13], [403.18, 201.47, 17.85, 22.69], [599.89, 190.15, 31.8, 68.99], [114.49, 225.92, 15.2, 35.93], [132.93, 224.98, 13.87, 31.57], [5.19, 232.04, 15.92, 34.35], [36.39, 233.1, 14.47, 17.15], [135.34, 239.24, 12.74, 26.04], [630.87, 196.16, 9.09, 33.13], [119.08, 225.71, 28.46, 36.53]]"
3121,/home/pi/sambashare/BacArbeit/cocoval2017/000000011615.jpg,3.1860524490002717,[],[],[],[]
3122,/home/pi/sambashare/BacArbeit/cocoval2017/000000427649.jpg,3.1932611709999037,['8: boat'],[8],[0.80004025],"[[224.25, 285.81, 59.73, 79.05]]"
3123,/home/pi/sambashare/BacArbeit/cocoval2017/000000212800.jpg,3.1759342269997433,"['25: umbrella', '25: umbrella', '0: person', '25: umbrella', '25: umbrella', '25: umbrella', '25: umbrella', '25: umbrella', '25: umbrella', '25: umbrella', '25: umbrella', '0: person', '0: person', '8: boat', '0: person', '0: person', '0: person', '0: person', '0: person', '0: person', '0: person', '0: person', '0: person']","[25, 25, 0, 25, 25, 25, 25, 25, 25, 25, 25, 0, 0, 8, 0, 0, 0, 0, 0, 0, 0, 0, 0]","[0.8904892, 0.8856542, 0.8520254, 0.8358392, 0.8106651, 0.8050436, 0.7846311, 0.7833882, 0.7827502, 0.76813555, 0.76157326, 0.74981314, 0.7329645, 0.7167295, 0.6741005, 0.6270906, 0.56844413, 0.49826193, 0.48560423, 0.47136652, 0.30168965, 0.28167248, 0.27629945]","[[254.58, 166.81, 101.12, 52.01], [315.72, 154.61, 100.3, 41.16], [254.45, 203.57, 106.56, 73.02], [229.72, 118.96, 117.16, 53.65], [186.83, 170.26, 92.85, 30.35], [395.39, 150.11, 116.1, 71.27], [26.87, 133.92, 72.07, 42.92], [107.66, 114.13, 112.02, 52.08], [158.63, 121.19, 92.6, 49.14], [48.69, 130.49, 86.59, 46.52], [339.45, 109.54, 111.88, 43.46], [218.75, 197.59, 62.65, 67.4], [400.83, 185.39, 45.39, 44.13], [30.65, 183.82, 544.47, 171.23], [437.25, 188.13, 36.43, 35.97], [321.49, 197.44, 50.19, 63.19], [63.65, 167.47, 43.08, 64.37], [202.25, 198.35, 43.71, 60.85], [105.53, 160.94, 57.24, 80.55], [139.6, 175.75, 46.13, 73.65], [102.16, 166.2, 30.09, 69.59], [359.81, 190.17, 43.44, 56.7], [50.31, 171.33, 27.28, 48.99]]"
3124,/home/pi/sambashare/BacArbeit/cocoval2017/000000061960.jpg,3.191257681000934,['0: person'],[0],[0.7196746],"[[4.1, 16.17, 633.25, 354.1]]"
3125,/home/pi/sambashare/BacArbeit/cocoval2017/000000426268.jpg,3.1874681760000385,"['2: car', '0: person', '6: train', '0: person']","[2, 0, 6, 0]","[0.8677213, 0.7868284, 0.62771386, 0.38814417]","[[611.21, 248.22, 28.62, 18.56], [271.99, 122.57, 39.08, 64.94], [1, 30.02, 597.82, 297.89], [386.88, 247.66, 10.2, 10.16]]"
3126,/home/pi/sambashare/BacArbeit/cocoval2017/000000300913.jpg,3.1846703909995995,['15: cat'],[15],[0.76571345],"[[2.45, 11.7, 496.87, 361.8]]"
3127,/home/pi/sambashare/BacArbeit/cocoval2017/000000241602.jpg,3.18708936099938,"['61: toilet', '75: vase', '39: bottle', '74: clock', '39: bottle', '39: bottle', '71: sink']","[61, 75, 39, 74, 39, 39, 71]","[0.9015933, 0.8428609, 0.4795134, 0.39711156, 0.3881202, 0.38787943, 0.27625534]","[[179.45, 266.33, 53.09, 84.24], [205.43, 202.79, 14.57, 25.19], [486.81, 226.24, 13.4, 23.42], [137.7, 73.73, 14.95, 54.49], [538.59, 225.08, 11.64, 30.43], [548.3, 221.54, 14.11, 33.81], [438.73, 246.44, 139.84, 18.74]]"
3128,/home/pi/sambashare/BacArbeit/cocoval2017/000000320743.jpg,3.1847254839995003,"['20: elephant', '20: elephant', '20: elephant', '20: elephant', '20: elephant', '0: person', '20: elephant', '20: elephant', '0: person', '20: elephant', '0: person', '0: person', '0: person', '0: person', '20: elephant', '0: person', '20: elephant', '0: person']","[20, 20, 20, 20, 20, 0, 20, 20, 0, 20, 0, 0, 0, 0, 20, 0, 20, 0]","[0.9415646, 0.9258414, 0.8726862, 0.83769995, 0.8090354, 0.7896251, 0.77909327, 0.7622623, 0.7335968, 0.7019101, 0.69824797, 0.589442, 0.5584187, 0.54378015, 0.517177, 0.46672642, 0.4079037, 0.31704226]","[[267.77, 129.18, 276.29, 221.54], [110.83, 136.93, 194.67, 199.29], [519.57, 69.85, 119.93, 150.28], [1, 67.28, 73.48, 138.56], [337.82, 67.18, 118.48, 76.56], [522.25, 32.24, 45.36, 64.87], [178.72, 37.41, 98.84, 110.5], [273.33, 51.49, 110.51, 54.71], [145.17, 54.04, 78.75, 151.67], [55.27, 73.16, 87.99, 120.45], [438.21, 56.03, 86.65, 118.43], [307.51, 30.97, 37.83, 62.38], [1, 18.1, 22.04, 48.67], [108.67, 13.11, 31.52, 72.81], [615.53, 150.22, 24.16, 117.4], [173.44, 12.8, 23.95, 40.18], [272.24, 80.58, 75.66, 80.15], [70.67, 6.25, 29.18, 40.83]]"
3129,/home/pi/sambashare/BacArbeit/cocoval2017/000000153782.jpg,3.194004994000352,"['74: clock', '74: clock']","[74, 74]","[0.89090645, 0.6695723]","[[110.51, 202.48, 52.94, 49.06], [71.91, 211.6, 12.62, 52.21]]"
3130,/home/pi/sambashare/BacArbeit/cocoval2017/000000239537.jpg,3.17478667999967,"['0: person', '38: tennis racket', '32: sports ball']","[0, 38, 32]","[0.94226307, 0.8817769, 0.8356886]","[[262.73, 23.28, 261.66, 380.64], [275.17, 224.65, 44.55, 88.36], [209.85, 257.8, 19.53, 17.66]]"
3131,/home/pi/sambashare/BacArbeit/cocoval2017/000000173830.jpg,3.1842639229998895,"['0: person', '31: snowboard']","[0, 31]","[0.8985938, 0.6684936]","[[191.15, 184.4, 245.96, 388.77], [119.95, 551.7, 386.76, 35.52]]"
3132,/home/pi/sambashare/BacArbeit/cocoval2017/000000244411.jpg,3.18376650800019,"['19: cow', '19: cow', '19: cow', '19: cow', '19: cow', '19: cow', '19: cow']","[19, 19, 19, 19, 19, 19, 19]","[0.95855397, 0.9582875, 0.78667593, 0.6574518, 0.615632, 0.593355, 0.34865445]","[[74.02, 148.81, 171.59, 162.54], [352.77, 131.62, 149.23, 217.53], [272.01, 267.17, 42.8, 15.19], [341.19, 265.58, 20.39, 13.18], [224.9, 219.96, 25.93, 10.55], [57.86, 149.79, 21.21, 8.49], [17.76, 205.47, 22.02, 9.59]]"
3133,/home/pi/sambashare/BacArbeit/cocoval2017/000000295231.jpg,3.1882666159999644,"['18: sheep', '18: sheep', '18: sheep', '18: sheep', '18: sheep', '18: sheep', '18: sheep']","[18, 18, 18, 18, 18, 18, 18]","[0.8535039, 0.76976144, 0.7579812, 0.64353824, 0.6109066, 0.5447537, 0.26636437]","[[350.03, 65.94, 129.31, 147.52], [1, 103.36, 188.52, 139.96], [172.81, 108.95, 176.37, 127.16], [314.46, 161.69, 145.62, 141.64], [7.15, 204.61, 331.5, 416.59], [2.07, 22.03, 372.76, 107.91], [150.88, 164.17, 216.25, 267.84]]"
3134,/home/pi/sambashare/BacArbeit/cocoval2017/000000220764.jpg,3.171539405999283,['0: person'],[0],[0.9189176],"[[166.5, 170.89, 31.9, 72.34]]"
3135,/home/pi/sambashare/BacArbeit/cocoval2017/000000396205.jpg,3.170631229000719,"['19: cow', '21: bear']","[19, 21]","[0.93688774, 0.919403]","[[307.73, 387.32, 77.3, 93.66], [175.96, 364.73, 56.9, 72.14]]"
3136,/home/pi/sambashare/BacArbeit/cocoval2017/000000286553.jpg,3.1772829739984445,"['0: person', '0: person', '39: bottle', '41: cup', '41: cup', '44: spoon', '43: knife', '45: bowl', '42: fork', '56: chair', '26: handbag', '60: dining table', '39: bottle', '45: bowl', '25: umbrella']","[0, 0, 39, 41, 41, 44, 43, 45, 42, 56, 26, 60, 39, 45, 25]","[0.94434464, 0.883629, 0.8637719, 0.86272156, 0.84883046, 0.82686514, 0.65309966, 0.5993962, 0.56588906, 0.5612742, 0.52162015, 0.5081669, 0.42951638, 0.36725697, 0.35566247]","[[274.15, 60.88, 363.43, 416.11], [51.09, 10.02, 330.4, 363.93], [9.06, 379.61, 62.91, 99.61], [250.39, 328.83, 29.1, 56.33], [189.7, 445.08, 65.52, 34.77], [156.46, 379.68, 78.83, 44.43], [39.19, 404.28, 75.29, 27.27], [176.12, 403.28, 207.57, 76.54], [233.2, 387.11, 105.12, 13.83], [424.22, 400.33, 52.13, 79.54], [1, 146.08, 83.79, 233.97], [1.16, 332.17, 420.28, 147.83], [1, 394.39, 17.3, 84.54], [40.34, 353.78, 175.04, 101.22], [1.07, 125.88, 45.84, 116.01]]"
3137,/home/pi/sambashare/BacArbeit/cocoval2017/000000514914.jpg,3.184343960998376,"['61: toilet', '71: sink']","[61, 71]","[0.90943235, 0.86775815]","[[561.95, 167.29, 57.59, 55.78], [199.82, 151.37, 132.27, 61.09]]"
3138,/home/pi/sambashare/BacArbeit/cocoval2017/000000445675.jpg,3.200037083999632,['23: giraffe'],[23],[0.93772584],"[[153.29, 103.79, 182.2, 428.23]]"
3139,/home/pi/sambashare/BacArbeit/cocoval2017/000000439180.jpg,3.1897075239994592,"['17: horse', '17: horse', '17: horse', '0: person', '17: horse', '17: horse', '17: horse', '0: person', '17: horse', '17: horse', '0: person', '0: person', '0: person', '0: person', '7: truck', '0: person', '0: person', '0: person', '0: person', '0: person', '17: horse', '0: person', '0: person', '0: person', '0: person', '17: horse']","[17, 17, 17, 0, 17, 17, 17, 0, 17, 17, 0, 0, 0, 0, 7, 0, 0, 0, 0, 0, 17, 0, 0, 0, 0, 17]","[0.8574656, 0.83992547, 0.7924162, 0.7851833, 0.7790209, 0.77274203, 0.767408, 0.76577014, 0.73633814, 0.7096843, 0.6866889, 0.6842118, 0.6533736, 0.64143234, 0.6369592, 0.614597, 0.5128169, 0.5052089, 0.4406346, 0.4227915, 0.39281705, 0.38039294, 0.3319586, 0.2735888, 0.26133198, 0.26103702]","[[91.54, 204.05, 63.68, 145.16], [176.6, 196.51, 76.89, 160.46], [571.2, 174.46, 59.1, 98.59], [163.48, 160.74, 38.05, 41.91], [277.44, 180.68, 52.08, 165.18], [455.98, 186.35, 53.35, 105.24], [394.01, 179.55, 65.6, 157.31], [464.51, 150.88, 53.25, 89.07], [505.94, 188.19, 50.94, 90.79], [336.59, 194.54, 54.81, 143.06], [11.97, 204.89, 26.32, 63.7], [264.63, 153.77, 77.55, 127.75], [107.58, 163.02, 50.17, 60.06], [1, 203.72, 15.49, 64.81], [33.41, 145.19, 230.35, 94.39], [199.49, 168.16, 61.5, 113.55], [335.65, 151.2, 54.74, 77.66], [576.23, 142.46, 42.22, 74.92], [616.11, 195.56, 23.31, 118.07], [389.6, 149.67, 56.02, 67.07], [150.31, 191.86, 37.52, 138.61], [511.78, 159.95, 45.72, 75.57], [85.75, 164.36, 73.61, 114.36], [624.51, 144.19, 15.09, 45.55], [514.76, 161.7, 36.24, 38.69], [548.49, 169.66, 35.21, 67.2]]"
3140,/home/pi/sambashare/BacArbeit/cocoval2017/000000211674.jpg,3.1864575529998547,"['5: bus', '0: person', '0: person', '0: person', '0: person', '0: person', '0: person']","[5, 0, 0, 0, 0, 0, 0]","[0.9163554, 0.5839959, 0.5593545, 0.5554071, 0.43690506, 0.3562887, 0.30991444]","[[200.47, 32.68, 343.76, 353.56], [99.65, 257.78, 11.34, 23.25], [354.87, 202.57, 65.25, 60.88], [419.06, 209.07, 51.43, 57.21], [418.29, 23.32, 49.76, 58.21], [116.09, 261.46, 6.82, 10.2], [170.92, 257.51, 4.59, 9.7]]"
3141,/home/pi/sambashare/BacArbeit/cocoval2017/000000049060.jpg,3.191389921999871,"['0: person', '6: train', '0: person']","[0, 6, 0]","[0.5375343, 0.4977095, 0.40775564]","[[506.01, 192.35, 28.71, 85.08], [1.7, 100.16, 614.57, 310.39], [481.25, 188.78, 28.55, 92.44]]"
3142,/home/pi/sambashare/BacArbeit/cocoval2017/000000456303.jpg,3.17896868599928,"['0: person', '37: surfboard']","[0, 37]","[0.6679656, 0.31702575]","[[52.81, 44.76, 156.88, 196.02], [1, 346.07, 117.74, 50.25]]"
3143,/home/pi/sambashare/BacArbeit/cocoval2017/000000138492.jpg,3.1870243190005567,"['29: frisbee', '16: dog']","[29, 16]","[0.9146863, 0.7575214]","[[88.32, 98.22, 137.37, 64.86], [126.9, 31.23, 251.88, 582.5]]"
3144,/home/pi/sambashare/BacArbeit/cocoval2017/000000201418.jpg,3.18423049500052,"['0: person', '28: suitcase', '28: suitcase', '28: suitcase', '0: person', '0: person', '0: person', '0: person', '0: person', '0: person', '28: suitcase', '0: person', '0: person', '28: suitcase', '0: person', '28: suitcase', '0: person', '0: person', '0: person', '0: person', '0: person', '0: person', '0: person', '28: suitcase', '0: person', '28: suitcase']","[0, 28, 28, 28, 0, 0, 0, 0, 0, 0, 28, 0, 0, 28, 0, 28, 0, 0, 0, 0, 0, 0, 0, 28, 0, 28]","[0.92950857, 0.9187928, 0.9094072, 0.89009565, 0.84995145, 0.70411485, 0.6840949, 0.66959655, 0.5788466, 0.57368565, 0.5723591, 0.53526783, 0.52809334, 0.51867884, 0.5149922, 0.50525695, 0.49949524, 0.43593642, 0.42769438, 0.41412652, 0.38582322, 0.38500145, 0.38252938, 0.36711645, 0.30994144, 0.26726255]","[[41.23, 134.26, 71.87, 240.45], [286.31, 227.82, 79.15, 76.51], [269.32, 317.74, 160.57, 56.92], [215.04, 232.71, 81.76, 89.42], [135.92, 142.43, 31.87, 72.33], [220.82, 138.99, 13.68, 20.62], [475.73, 138.65, 17.24, 36.41], [208.86, 139.35, 10.76, 20.6], [194.17, 138.34, 14.6, 21.79], [385.03, 142.6, 14.71, 22.3], [191.39, 216.0, 62.92, 49.79], [133.71, 141.43, 11.87, 24.6], [169.64, 139.37, 12.8, 26.18], [161.34, 163.65, 33.28, 18.23], [413.3, 135.72, 14.89, 31.33], [169.75, 187.38, 25.85, 28.23], [492.12, 149.85, 7.74, 25.82], [87.51, 139.99, 10.58, 38.28], [453.19, 140.98, 15.89, 31.07], [436.86, 144.16, 22.79, 29.15], [467.61, 140.69, 15.33, 33.57], [158.5, 143.28, 11.41, 18.16], [98.05, 138.47, 15.39, 24.65], [111.05, 165.12, 22.78, 12.08], [112.32, 140.52, 13.14, 23.58], [185.22, 193.56, 47.56, 44.18]]"
3145,/home/pi/sambashare/BacArbeit/cocoval2017/000000346638.jpg,3.185421715999837,"['64: mouse', '39: bottle', '66: keyboard', '62: tv', '63: laptop', '67: cell phone']","[64, 39, 66, 62, 63, 67]","[0.93635297, 0.9102003, 0.84642124, 0.69808036, 0.3973591, 0.35048082]","[[83.73, 386.42, 194.02, 82.24], [462.58, 75.5, 103.21, 356.55], [126.52, 306.55, 341.65, 130.84], [328.8, 1, 297.72, 281.01], [402.21, 423.5, 235.89, 56.04], [28.67, 339.97, 96.87, 15.64]]"
3146,/home/pi/sambashare/BacArbeit/cocoval2017/000000423944.jpg,3.1759825840017584,"['0: person', '0: person']","[0, 0]","[0.9292232, 0.91983163]","[[220.47, 211.31, 153.7, 404.45], [22.84, 180.04, 172.17, 425.9]]"
3147,/home/pi/sambashare/BacArbeit/cocoval2017/000000423798.jpg,3.193073225000262,"['9: traffic light', '11: stop sign']","[9, 11]","[0.40697935, 0.25570634]","[[50.19, 148.83, 23.73, 41.03], [344.76, 230.86, 15.86, 9.86]]"
3148,/home/pi/sambashare/BacArbeit/cocoval2017/000000428867.jpg,3.1912593060005747,"['77: teddy bear', '77: teddy bear', '56: chair', '77: teddy bear', '77: teddy bear']","[77, 77, 56, 77, 77]","[0.8373738, 0.6782602, 0.65353286, 0.47347727, 0.28999203]","[[83.24, 110.68, 116.55, 191.66], [227.02, 55.93, 76.11, 128.79], [478.89, 149.43, 20.82, 68.13], [152.03, 115.1, 83.29, 180.44], [208.48, 138.95, 68.79, 88.43]]"
3149,/home/pi/sambashare/BacArbeit/cocoval2017/000000457884.jpg,3.1854566210004123,"['0: person', '0: person', '0: person', '35: baseball glove', '35: baseball glove', '35: baseball glove', '32: sports ball']","[0, 0, 0, 35, 35, 35, 32]","[0.94393665, 0.9322601, 0.91947806, 0.6323851, 0.6246155, 0.531631, 0.5182352]","[[521.81, 130.41, 92.08, 179.83], [424.86, 169.53, 68.82, 92.28], [277.85, 115.91, 124.19, 269.1], [480.2, 214.25, 13.26, 14.1], [572.95, 181.73, 25.25, 21.77], [277.17, 115.83, 36.1, 39.51], [38.58, 137.71, 40.61, 35.9]]"
3150,/home/pi/sambashare/BacArbeit/cocoval2017/000000477689.jpg,3.1759420660000615,"['0: person', '27: tie']","[0, 27]","[0.8307041, 0.8182056]","[[46.46, 55.75, 379.74, 526.8], [185.59, 281.63, 109.16, 286.97]]"
3151,/home/pi/sambashare/BacArbeit/cocoval2017/000000504389.jpg,3.1803179180005827,"['0: person', '0: person', '38: tennis racket', '38: tennis racket', '29: frisbee']","[0, 0, 38, 38, 29]","[0.9204652, 0.9090733, 0.8274316, 0.65010697, 0.34798273]","[[401.55, 77.6, 65.57, 155.52], [43.81, 92.66, 60.78, 109.68], [367.09, 135.29, 53.83, 18.27], [96.43, 121.73, 38.38, 17.31], [111.44, 127.53, 23.13, 11.1]]"
3152,/home/pi/sambashare/BacArbeit/cocoval2017/000000378605.jpg,3.1842877870003576,"['41: cup', '54: donut']","[41, 54]","[0.9520825, 0.90931386]","[[267.2, 123.71, 158.08, 270.02], [46.95, 320.32, 253.69, 184.9]]"
3153,/home/pi/sambashare/BacArbeit/cocoval2017/000000565045.jpg,3.1879440569991857,['55: cake'],[55],[0.4354366],"[[283.32, 356.56, 49.19, 118.16]]"
3154,/home/pi/sambashare/BacArbeit/cocoval2017/000000085665.jpg,3.198791614999209,['33: kite'],[33],[0.7427064],"[[239.29, 236.19, 195.05, 370.29]]"
3155,/home/pi/sambashare/BacArbeit/cocoval2017/000000474786.jpg,3.1803360449994216,"['39: bottle', '39: bottle', '39: bottle', '71: sink', '71: sink', '71: sink', '71: sink']","[39, 39, 39, 71, 71, 71, 71]","[0.75388545, 0.7201311, 0.6107283, 0.6105009, 0.3447239, 0.3359044, 0.31903106]","[[173.99, 429.5, 39.09, 70.2], [258.97, 398.04, 26.87, 73.65], [231.18, 399.65, 29.21, 61.77], [312.71, 437.51, 61.91, 61.3], [1, 435.32, 48.99, 64.68], [74.71, 358.48, 149.06, 62.9], [1, 377.07, 173.82, 122.42]]"
3156,/home/pi/sambashare/BacArbeit/cocoval2017/000000514508.jpg,3.181214815000203,"['0: person', '0: person', '0: person', '0: person']","[0, 0, 0, 0]","[0.8070428, 0.7986668, 0.5648014, 0.4582273]","[[403.76, 246.53, 75.35, 137.66], [247.62, 248.61, 117.13, 144.4], [145.59, 151.91, 114.45, 328.09], [344.29, 256.64, 71.7, 128.18]]"
3157,/home/pi/sambashare/BacArbeit/cocoval2017/000000133418.jpg,3.184786218998852,"['0: person', '38: tennis racket']","[0, 38]","[0.93798226, 0.8616904]","[[299.87, 43.01, 198.3, 382.31], [417.84, 287.33, 221.94, 139.22]]"
3158,/home/pi/sambashare/BacArbeit/cocoval2017/000000113403.jpg,3.1817422000003717,"['77: teddy bear', '77: teddy bear', '59: bed']","[77, 77, 59]","[0.79449624, 0.7800133, 0.36458096]","[[46.19, 93.87, 247.47, 215.65], [249.48, 80.17, 314.14, 262.56], [3.15, 9.81, 628.63, 421.19]]"
3159,/home/pi/sambashare/BacArbeit/cocoval2017/000000132587.jpg,3.1744123900007253,"['39: bottle', '0: person', '0: person', '13: bench', '0: person', '14: bird', '0: person', '0: person', '0: person']","[39, 0, 0, 13, 0, 14, 0, 0, 0]","[0.8942991, 0.87191206, 0.8564738, 0.77142864, 0.7011677, 0.6637836, 0.5108367, 0.2952646, 0.28343144]","[[285.34, 197.88, 37.51, 88.22], [501.8, 1, 45.56, 70.15], [14.21, 16.65, 304.62, 388.93], [262.1, 134.91, 376.66, 289.55], [247.55, 1, 119.87, 77.26], [1, 73.61, 12.8, 14.18], [1, 110.76, 16.32, 49.16], [361.38, 1, 10.85, 4.8], [330.27, 1, 25.43, 27.46]]"
3160,/home/pi/sambashare/BacArbeit/cocoval2017/000000468632.jpg,3.1842508760000783,"['0: person', '0: person', '29: frisbee', '0: person', '0: person']","[0, 0, 29, 0, 0]","[0.9458175, 0.94171315, 0.89586884, 0.89404565, 0.29142323]","[[475.82, 184.05, 105.83, 238.8], [292.27, 143.83, 126.4, 266.36], [291.95, 62.02, 35.79, 15.6], [67.37, 192.61, 121.74, 217.26], [74.08, 180.91, 52.45, 113.41]]"
3161,/home/pi/sambashare/BacArbeit/cocoval2017/000000298697.jpg,3.18230705499991,"['19: cow', '19: cow', '19: cow', '19: cow', '41: cup', '19: cow', '19: cow', '19: cow']","[19, 19, 19, 19, 41, 19, 19, 19]","[0.8337406, 0.829991, 0.53204966, 0.4358643, 0.39260143, 0.38908264, 0.33682427, 0.3087507]","[[448.73, 213.9, 30.05, 21.14], [376.22, 217.15, 30.51, 20.06], [356.6, 229.43, 27.1, 12.28], [536.75, 233.74, 20.78, 8.93], [170.88, 228.61, 13.45, 20.3], [434.73, 229.05, 13.15, 9.09], [495.08, 228.74, 16.36, 11.76], [277.15, 227.75, 33.8, 13.5]]"
3162,/home/pi/sambashare/BacArbeit/cocoval2017/000000478393.jpg,3.198776553999778,"['15: cat', '77: teddy bear', '15: cat', '59: bed']","[15, 77, 15, 59]","[0.91569614, 0.9067935, 0.869443, 0.41144848]","[[1.29, 369.1, 247.25, 144.71], [246.47, 162.85, 232.92, 332.09], [99.39, 160.65, 144.56, 73.0], [1.72, 17.79, 476.72, 622.21]]"
3163,/home/pi/sambashare/BacArbeit/cocoval2017/000000121744.jpg,3.177852136999718,"['0: person', '0: person', '38: tennis racket', '0: person', '38: tennis racket', '0: person', '38: tennis racket', '38: tennis racket', '0: person', '41: cup', '38: tennis racket', '0: person', '0: person', '0: person', '0: person']","[0, 0, 38, 0, 38, 0, 38, 38, 0, 41, 38, 0, 0, 0, 0]","[0.89519376, 0.83686084, 0.8325083, 0.7720246, 0.7574285, 0.7461063, 0.7236378, 0.6731626, 0.67315406, 0.6404115, 0.54417086, 0.53679657, 0.41969612, 0.37647977, 0.2845304]","[[478.2, 21.91, 160.6, 401.08], [164.08, 72.64, 206.01, 352.71], [312.08, 284.15, 129.39, 71.37], [325.15, 3.73, 111.44, 95.74], [348.68, 165.68, 63.58, 123.35], [188.0, 1, 137.19, 98.97], [278.33, 173.37, 54.0, 135.95], [319.32, 169.01, 49.39, 131.66], [116.65, 3.01, 101.66, 126.59], [1, 117.76, 64.96, 185.34], [333.77, 341.54, 53.86, 84.35], [432.87, 1.11, 93.02, 97.22], [520.89, 1, 118.21, 114.42], [385.82, 1, 74.34, 57.52], [271.22, 1, 79.24, 92.73]]"
3164,/home/pi/sambashare/BacArbeit/cocoval2017/000000231088.jpg,3.1751190699997096,"['25: umbrella', '25: umbrella', '25: umbrella', '25: umbrella', '25: umbrella', '25: umbrella']","[25, 25, 25, 25, 25, 25]","[0.9075435, 0.8704263, 0.8678977, 0.8551881, 0.8137821, 0.664443]","[[98.27, 1.46, 282.13, 267.19], [166.09, 334.21, 201.58, 176.34], [230.08, 453.68, 194.25, 179.42], [69.18, 511.06, 198.49, 126.99], [26.09, 388.09, 191.05, 158.02], [1.13, 173.27, 225.83, 229.37]]"
3165,/home/pi/sambashare/BacArbeit/cocoval2017/000000205647.jpg,3.1756685380005365,['7: truck'],[7],[0.88289213],"[[41.8, 208.85, 487.99, 110.56]]"
3166,/home/pi/sambashare/BacArbeit/cocoval2017/000000505573.jpg,3.190151374999914,['16: dog'],[16],[0.5434017],"[[32.35, 1, 278.67, 639]]"
3167,/home/pi/sambashare/BacArbeit/cocoval2017/000000374083.jpg,3.191584474001502,"['55: cake', '55: cake', '0: person', '44: spoon', '0: person', '60: dining table']","[55, 55, 0, 44, 0, 60]","[0.87909716, 0.8639148, 0.80946267, 0.6682635, 0.5744271, 0.3917749]","[[206.19, 460.24, 174.56, 169.61], [288.07, 357.71, 112.01, 77.58], [83.65, 9.1, 204.55, 395.54], [98.05, 568.59, 116.62, 71.41], [13.06, 162.28, 221.21, 432.94], [24.18, 298.18, 401.82, 341.08]]"
3168,/home/pi/sambashare/BacArbeit/cocoval2017/000000255917.jpg,3.1819358480006485,"['2: car', '2: car', '2: car', '2: car', '2: car', '2: car', '2: car', '2: car', '2: car', '2: car', '2: car', '0: person', '7: truck', '2: car', '2: car']","[2, 2, 2, 2, 2, 2, 2, 2, 2, 2, 2, 0, 7, 2, 2]","[0.92497593, 0.9238164, 0.8857518, 0.85179365, 0.84658265, 0.8383259, 0.7481793, 0.6968377, 0.6705981, 0.5911072, 0.5181706, 0.4007527, 0.36969072, 0.35049775, 0.27601853]","[[49.74, 329.86, 80.6, 54.96], [173.92, 330.8, 79.14, 60.05], [214.46, 319.05, 64.91, 61.74], [115.64, 330.45, 58.0, 45.25], [307.68, 327.75, 96.64, 33.89], [164.69, 289.49, 35.32, 30.53], [269.97, 327.77, 37.0, 47.83], [234.44, 257.93, 28.22, 23.99], [201.3, 304.12, 29.65, 16.8], [177.26, 312.5, 41.26, 24.74], [146.47, 328.27, 38.58, 27.61], [164.23, 317.01, 10.54, 12.34], [282.57, 282.03, 31.33, 30.26], [84.91, 305.2, 35.92, 24.84], [103.37, 322.27, 44.9, 12.39]]"
3169,/home/pi/sambashare/BacArbeit/cocoval2017/000000356387.jpg,3.181678181999814,"['0: person', '1: bicycle', '0: person', '0: person', '3: motorcycle', '0: person', '0: person', '0: person', '0: person', '3: motorcycle', '0: person', '0: person', '1: bicycle']","[0, 1, 0, 0, 3, 0, 0, 0, 0, 3, 0, 0, 1]","[0.89989203, 0.8703763, 0.8586969, 0.7226541, 0.638911, 0.60199565, 0.54128915, 0.47763562, 0.4378531, 0.42190784, 0.40427473, 0.32985774, 0.3235042]","[[359.77, 207.52, 56.14, 127.04], [39.0, 262.65, 190.63, 72.24], [345.07, 206.51, 20.09, 74.25], [251.71, 207.48, 13.78, 26.31], [247.68, 231.54, 67.44, 77.4], [335.13, 222.19, 10.99, 22.32], [304.09, 216.48, 13.45, 20.31], [1, 181.29, 16.19, 69.49], [281.08, 208.92, 8.73, 25.19], [270.13, 232.82, 58.55, 52.1], [183.68, 198.39, 9.95, 21.91], [293.19, 211.23, 10.02, 21.58], [142.04, 260.92, 123.82, 72.48]]"
3170,/home/pi/sambashare/BacArbeit/cocoval2017/000000175364.jpg,3.1878757389986276,"['69: oven', '41: cup', '41: cup', '41: cup', '45: bowl', '70: toaster', '69: oven', '71: sink', '41: cup', '41: cup', '45: bowl', '41: cup', '41: cup', '39: bottle', '41: cup', '40: wine glass', '41: cup', '41: cup', '41: cup']","[69, 41, 41, 41, 45, 70, 69, 71, 41, 41, 45, 41, 41, 39, 41, 40, 41, 41, 41]","[0.797478, 0.69545394, 0.64608026, 0.6248466, 0.62246287, 0.6029775, 0.56397754, 0.55613357, 0.5219593, 0.4993345, 0.49389613, 0.4681377, 0.4212385, 0.37632206, 0.373872, 0.36668307, 0.34294707, 0.34057122, 0.26859015]","[[430.27, 232.47, 152.8, 118.84], [427.9, 123.43, 17.0, 16.89], [450.31, 124.22, 16.75, 16.53], [36.12, 127.02, 31.54, 23.53], [558.09, 319.99, 42.76, 32.96], [404.88, 199.43, 41.76, 30.93], [122.14, 235.57, 140.84, 193.76], [258.37, 228.87, 75.81, 17.26], [443.67, 122.75, 13.46, 17.63], [86.7, 107.28, 19.35, 41.57], [68.18, 78.11, 30.37, 15.02], [1, 118.94, 9.89, 33.43], [594.81, 124.04, 16.32, 19.89], [67.81, 120.92, 21.76, 28.85], [595.79, 331.25, 17.93, 34.47], [578.7, 108.77, 19.42, 35.34], [424.98, 80.02, 11.64, 13.51], [580.83, 69.36, 13.09, 15.55], [435.48, 79.45, 13.54, 13.2]]"
3171,/home/pi/sambashare/BacArbeit/cocoval2017/000000453302.jpg,3.1911105059989495,"['72: refrigerator', '68: microwave', '68: microwave', '70: toaster', '39: bottle', '39: bottle', '41: cup', '39: bottle', '56: chair', '39: bottle', '39: bottle']","[72, 68, 68, 70, 39, 39, 41, 39, 56, 39, 39]","[0.9114571, 0.8880898, 0.7785122, 0.73078144, 0.6063333, 0.5674212, 0.49491122, 0.37118614, 0.3195279, 0.2764455, 0.2733355]","[[31.91, 140.8, 132.51, 233.43], [158.6, 177.12, 80.87, 49.15], [41.8, 85.04, 97.08, 57.45], [247.57, 194.5, 33.32, 27.95], [165.32, 190.94, 14.56, 47.68], [59.84, 30.87, 18.8, 50.63], [303.88, 199.54, 15.12, 11.47], [319.48, 193.01, 8.77, 18.16], [440.76, 207.18, 50.88, 25.33], [116.44, 56.63, 15.01, 39.16], [258.74, 133.93, 10.42, 22.86]]"
3172,/home/pi/sambashare/BacArbeit/cocoval2017/000000086483.jpg,3.192467034001311,['13: bench'],[13],[0.2945093],"[[1, 233.21, 83.68, 140.92]]"
3173,/home/pi/sambashare/BacArbeit/cocoval2017/000000236690.jpg,3.1777035190007155,['14: bird'],[14],[0.8817269],"[[312.62, 31.24, 174.1, 306.39]]"
3174,/home/pi/sambashare/BacArbeit/cocoval2017/000000230983.jpg,3.1874753039992356,"['0: person', '36: skateboard', '36: skateboard', '2: car', '2: car', '2: car', '2: car', '2: car']","[0, 36, 36, 2, 2, 2, 2, 2]","[0.9412229, 0.8947358, 0.8342968, 0.66513175, 0.5991073, 0.56721705, 0.54502594, 0.2758425]","[[148.0, 147.4, 139.55, 174.35], [162.58, 389.59, 70.0, 40.78], [166.16, 312.32, 54.2, 81.3], [405.44, 212.72, 24.28, 59.46], [395.48, 212.2, 23.74, 46.83], [418.45, 232.32, 11.45, 55.58], [386.83, 213.68, 17.52, 32.18], [394.26, 214.52, 13.6, 42.04]]"
3175,/home/pi/sambashare/BacArbeit/cocoval2017/000000027768.jpg,3.191055335000783,"['5: bus', '0: person', '0: person', '2: car', '0: person', '0: person', '0: person', '0: person', '2: car']","[5, 0, 0, 2, 0, 0, 0, 0, 2]","[0.8941548, 0.6655227, 0.63231283, 0.6280901, 0.5321676, 0.42090815, 0.4206316, 0.29429197, 0.25613695]","[[1, 164.27, 585.59, 428.76], [179.15, 377.12, 37.13, 48.77], [53.78, 370.7, 30.57, 45.84], [576.29, 372.6, 35.47, 85.01], [398.88, 339.1, 58.83, 93.03], [157.96, 365.83, 28.31, 51.07], [24.15, 370.21, 27.33, 44.59], [9.11, 368.54, 17.1, 44.88], [562.32, 393.8, 22.89, 40.37]]"
3176,/home/pi/sambashare/BacArbeit/cocoval2017/000000546659.jpg,3.18080773300062,"['6: train', '0: person']","[6, 0]","[0.7858045, 0.31168917]","[[20.14, 368.19, 397.82, 184.23], [12.34, 380.2, 11.39, 27.85]]"
3177,/home/pi/sambashare/BacArbeit/cocoval2017/000000323751.jpg,3.19879280099849,"['6: train', '0: person', '0: person']","[6, 0, 0]","[0.9514244, 0.8720233, 0.4141805]","[[121.22, 113.87, 368.86, 252.15], [550.82, 212.41, 22.25, 67.2], [207.06, 244.95, 26.36, 25.5]]"
3178,/home/pi/sambashare/BacArbeit/cocoval2017/000000211825.jpg,3.1767470399991,"['0: person', '69: oven', '55: cake', '73: book', '60: dining table', '0: person', '68: microwave', '61: toilet']","[0, 69, 55, 73, 60, 0, 68, 61]","[0.8716333, 0.83715785, 0.80425626, 0.7121959, 0.5444946, 0.5052137, 0.28441176, 0.2643002]","[[1, 1, 488.14, 297.35], [455.14, 55.08, 184.02, 230.36], [238.96, 214.04, 133.97, 136.69], [3.65, 290.01, 45.01, 19.1], [1.12, 265.84, 634.49, 211.39], [590.77, 53.38, 48.72, 229.8], [45.03, 115.21, 88.78, 24.25], [1, 441.5, 28.73, 38.17]]"
3179,/home/pi/sambashare/BacArbeit/cocoval2017/000000496597.jpg,3.1919560890000866,"['8: boat', '0: person', '0: person']","[8, 0, 0]","[0.74268013, 0.5548091, 0.2821431]","[[365.8, 293.18, 66.54, 18.71], [411.93, 292.91, 10.5, 10.97], [374.31, 290.31, 6.46, 7.92]]"
3180,/home/pi/sambashare/BacArbeit/cocoval2017/000000392228.jpg,3.1909962450008607,['74: clock'],[74],[0.8857435],"[[183.67, 414.4, 112.0, 104.67]]"
3181,/home/pi/sambashare/BacArbeit/cocoval2017/000000424545.jpg,3.185799830000178,['15: cat'],[15],[0.8989277],"[[149.91, 46.82, 350.09, 265.95]]"
3182,/home/pi/sambashare/BacArbeit/cocoval2017/000000002157.jpg,3.1725460140005453,"['55: cake', '40: wine glass', '40: wine glass', '40: wine glass', '41: cup', '40: wine glass', '40: wine glass', '40: wine glass', '45: bowl', '40: wine glass', '43: knife', '43: knife', '40: wine glass', '45: bowl', '60: dining table', '45: bowl', '45: bowl', '40: wine glass']","[55, 40, 40, 40, 41, 40, 40, 40, 45, 40, 43, 43, 40, 45, 60, 45, 45, 40]","[0.882909, 0.87328696, 0.8451158, 0.8251573, 0.7969003, 0.769143, 0.7478138, 0.6225154, 0.4997684, 0.47787368, 0.47209352, 0.43656668, 0.43053037, 0.41966984, 0.377783, 0.35308146, 0.3379314, 0.29297253]","[[12.07, 169.17, 256.62, 194.41], [162.87, 69.61, 70.1, 109.75], [231.23, 52.27, 66.99, 148.12], [87.39, 86.1, 70.55, 94.27], [490.93, 166.95, 66.45, 65.55], [33.64, 87.62, 59.36, 100.96], [123.09, 27.85, 73.68, 141.3], [49.73, 22.87, 65.23, 66.47], [365.74, 132.94, 273.03, 205.02], [113.76, 15.39, 52.9, 73.83], [212.09, 285.01, 117.7, 135.96], [315.44, 310.6, 93.09, 66.24], [1, 69.54, 47.65, 66.39], [422.28, 33.64, 140.98, 43.54], [1, 29.24, 636.86, 390.68], [236.27, 42.99, 191.0, 66.89], [422.27, 64.56, 143.31, 29.19], [51.29, 51.96, 53.39, 47.42]]"
3183,/home/pi/sambashare/BacArbeit/cocoval2017/000000121591.jpg,3.196667078000246,"['36: skateboard', '0: person']","[36, 0]","[0.85414153, 0.7764313]","[[254.41, 110.6, 89.67, 74.02], [239.06, 116.56, 141.92, 202.83]]"
3184,/home/pi/sambashare/BacArbeit/cocoval2017/000000311081.jpg,3.1868720120000944,['61: toilet'],[61],[0.69268525],"[[1, 417.08, 165.76, 222.14]]"
3185,/home/pi/sambashare/BacArbeit/cocoval2017/000000100283.jpg,3.197422987999744,"['11: stop sign', '2: car', '2: car', '2: car', '9: traffic light', '2: car']","[11, 2, 2, 2, 9, 2]","[0.94952947, 0.91185206, 0.80112493, 0.65217674, 0.38490278, 0.36422193]","[[205.55, 31.26, 264.32, 273.0], [177.95, 404.88, 97.9, 31.45], [42.26, 403.66, 47.32, 16.69], [87.86, 400.7, 32.76, 18.27], [47.55, 336.09, 18.6, 23.18], [291.2, 406.59, 34.48, 22.54]]"
3186,/home/pi/sambashare/BacArbeit/cocoval2017/000000314251.jpg,3.173019948999354,"['0: person', '0: person', '0: person', '0: person', '3: motorcycle', '0: person', '0: person', '3: motorcycle', '0: person', '3: motorcycle', '0: person', '3: motorcycle', '3: motorcycle', '3: motorcycle', '0: person', '2: car', '0: person', '0: person', '3: motorcycle']","[0, 0, 0, 0, 3, 0, 0, 3, 0, 3, 0, 3, 3, 3, 0, 2, 0, 0, 3]","[0.8557698, 0.82844764, 0.82361096, 0.8235998, 0.81474006, 0.7752282, 0.7495744, 0.73517096, 0.7150598, 0.6761849, 0.66835696, 0.65870994, 0.6504744, 0.6252034, 0.6165333, 0.52077365, 0.48917335, 0.4492879, 0.2692677]","[[42.11, 339.6, 83.52, 130.88], [116.4, 312.92, 28.5, 62.67], [226.26, 311.67, 28.73, 50.89], [148.94, 315.88, 38.5, 62.88], [150.44, 355.84, 30.44, 41.7], [217.03, 304.33, 15.7, 31.81], [187.43, 309.09, 30.87, 46.42], [228.86, 339.73, 22.07, 35.94], [285.43, 304.5, 17.11, 23.64], [189.01, 331.22, 26.95, 32.17], [143.57, 308.07, 17.99, 34.95], [112.58, 347.93, 29.96, 38.24], [260.07, 313.6, 11.61, 14.58], [286.76, 315.69, 14.31, 17.01], [259.59, 303.41, 12.31, 21.92], [243.91, 301.45, 16.19, 10.78], [185.98, 305.8, 16.67, 27.48], [71.69, 336.98, 56.32, 69.76], [1, 370.84, 5.91, 49.9]]"
3187,/home/pi/sambashare/BacArbeit/cocoval2017/000000097924.jpg,3.1785165340006643,"['0: person', '0: person', '5: bus', '17: horse']","[0, 0, 5, 17]","[0.91779816, 0.88548857, 0.7490491, 0.73668027]","[[118.57, 131.88, 106.54, 214.19], [295.43, 168.05, 128.06, 177.13], [1, 102.66, 61.8, 151.3], [233.25, 76.0, 259.87, 249.47]]"
3188,/home/pi/sambashare/BacArbeit/cocoval2017/000000139883.jpg,3.175336315000095,"['29: frisbee', '29: frisbee']","[29, 29]","[0.86644846, 0.8086653]","[[256.89, 293.69, 82.55, 70.04], [142.99, 348.79, 127.08, 75.92]]"
3189,/home/pi/sambashare/BacArbeit/cocoval2017/000000249025.jpg,3.187613185000373,['75: vase'],[75],[0.877152],"[[104.37, 194.68, 193.88, 253.26]]"
3190,/home/pi/sambashare/BacArbeit/cocoval2017/000000363072.jpg,3.1989424069997767,['6: train'],[6],[0.8668948],"[[1, 315.38, 441.49, 171.58]]"
3191,/home/pi/sambashare/BacArbeit/cocoval2017/000000398237.jpg,3.186335878999671,"['0: person', '29: frisbee', '35: baseball glove', '35: baseball glove', '29: frisbee', '29: frisbee']","[0, 29, 35, 35, 29, 29]","[0.9093529, 0.85309446, 0.8480423, 0.74022704, 0.7164545, 0.60172385]","[[278.84, 111.72, 121.96, 271.88], [96.14, 35.37, 152.3, 68.72], [481.55, 34.31, 56.64, 62.33], [299.64, 49.71, 97.89, 84.7], [90.12, 243.0, 161.39, 93.94], [117.08, 1, 65.83, 7.42]]"
3192,/home/pi/sambashare/BacArbeit/cocoval2017/000000053505.jpg,3.1837606179997238,"['61: toilet', '39: bottle', '39: bottle', '39: bottle', '39: bottle', '39: bottle', '39: bottle', '39: bottle', '39: bottle']","[61, 39, 39, 39, 39, 39, 39, 39, 39]","[0.92223567, 0.66309273, 0.65801704, 0.6345097, 0.60984635, 0.54808, 0.52701396, 0.52069753, 0.5079341]","[[162.94, 501.52, 126.72, 137.8], [238.05, 268.19, 12.88, 47.26], [275.61, 266.65, 12.98, 47.04], [262.95, 266.33, 12.73, 47.84], [250.72, 267.95, 12.87, 47.02], [151.59, 271.38, 14.0, 46.94], [138.56, 271.29, 14.79, 48.1], [176.22, 270.09, 13.37, 47.34], [164.43, 269.18, 13.09, 49.38]]"
3193,/home/pi/sambashare/BacArbeit/cocoval2017/000000129492.jpg,3.19691756300017,"['0: person', '0: person', '65: remote', '0: person', '56: chair', '56: chair', '73: book', '65: remote']","[0, 0, 65, 0, 56, 56, 73, 65]","[0.9328924, 0.8940761, 0.8301409, 0.82203496, 0.6423749, 0.3385922, 0.32686126, 0.2985421]","[[158.05, 74.33, 311.79, 405.67], [320.64, 137.37, 182.1, 215.85], [392.13, 274.37, 47.9, 29.58], [253.94, 1.11, 213.51, 206.31], [1, 1, 82.99, 129.92], [7.13, 1, 166.74, 156.91], [1, 125.72, 103.49, 53.99], [371.23, 373.75, 37.28, 25.3]]"
3194,/home/pi/sambashare/BacArbeit/cocoval2017/000000431896.jpg,3.180583702000149,['6: train'],[6],[0.85563296],"[[104.32, 58.38, 466.96, 362.65]]"
3195,/home/pi/sambashare/BacArbeit/cocoval2017/000000007784.jpg,3.17171474800125,['33: kite'],[33],[0.91620564],"[[89.73, 85.04, 242.87, 218.96]]"
3196,/home/pi/sambashare/BacArbeit/cocoval2017/000000094336.jpg,3.1783529149997776,"['15: cat', '71: sink', '39: bottle']","[15, 71, 39]","[0.90498346, 0.607621, 0.46737215]","[[138.45, 20.78, 250.69, 275.19], [9.64, 116.22, 489.25, 196.99], [187.92, 13.65, 39.76, 40.57]]"
3197,/home/pi/sambashare/BacArbeit/cocoval2017/000000032334.jpg,3.1840043449992663,"['40: wine glass', '40: wine glass', '0: person', '0: person', '0: person', '0: person', '40: wine glass', '60: dining table', '56: chair', '0: person', '56: chair']","[40, 40, 0, 0, 0, 0, 40, 60, 56, 0, 56]","[0.91741806, 0.8861289, 0.8693096, 0.8636018, 0.8414982, 0.8233126, 0.81068116, 0.5983171, 0.55410415, 0.46789327, 0.32733947]","[[164.99, 248.0, 68.5, 148.43], [1, 276.47, 19.47, 86.4], [33.46, 88.28, 146.7, 238.05], [1, 103.72, 69.31, 119.08], [77.98, 87.09, 326.42, 388.43], [145.84, 106.35, 40.25, 82.92], [259.64, 250.09, 75.19, 116.83], [1.16, 262.76, 131.57, 215.55], [181.9, 194.02, 43.97, 40.5], [384.66, 1, 252.89, 478.03], [350.6, 255.74, 83.91, 72.12]]"
3198,/home/pi/sambashare/BacArbeit/cocoval2017/000000489305.jpg,3.1967321960000845,"['45: bowl', '0: person', '45: bowl', '60: dining table']","[45, 0, 45, 60]","[0.82419986, 0.54112774, 0.49861032, 0.27629912]","[[40.17, 92.58, 94.33, 71.49], [1, 1, 278.23, 142.96], [132.2, 106.48, 171.21, 105.35], [1, 145.48, 303.02, 82.29]]"
3199,/home/pi/sambashare/BacArbeit/cocoval2017/000000019742.jpg,3.1874023150012363,['75: vase'],[75],[0.8695253],"[[166.57, 75.53, 183.42, 278.54]]"
3200,/home/pi/sambashare/BacArbeit/cocoval2017/000000167159.jpg,3.187501391999831,"['73: book', '0: person', '28: suitcase']","[73, 0, 28]","[0.77195233, 0.51154524, 0.37256047]","[[112.74, 198.05, 139.41, 167.37], [1, 1, 498.48, 370.96], [419.39, 1, 80.19, 58.62]]"
3201,/home/pi/sambashare/BacArbeit/cocoval2017/000000157418.jpg,3.1876892239997687,"['45: bowl', '45: bowl', '45: bowl', '39: bottle', '45: bowl']","[45, 45, 45, 39, 45]","[0.89445955, 0.7331804, 0.39597994, 0.3693109, 0.3029996]","[[1, 202.74, 98.01, 117.47], [1, 305.43, 220.46, 216.92], [213.81, 303.52, 263.68, 335.73], [42.44, 26.42, 126.71, 284.68], [158.59, 228.55, 294.87, 127.26]]"
3202,/home/pi/sambashare/BacArbeit/cocoval2017/000000400794.jpg,3.17009446800148,"['42: fork', '39: bottle', '0: person']","[42, 39, 0]","[0.9025762, 0.53226334, 0.4393608]","[[1, 565.34, 229.66, 73.38], [56.7, 139.69, 25.85, 58.66], [1, 1.48, 425, 612.23]]"
3203,/home/pi/sambashare/BacArbeit/cocoval2017/000000481573.jpg,3.2029042600006505,"['0: person', '74: clock']","[0, 74]","[0.859459, 0.41395858]","[[371.39, 86.07, 188.01, 546.8], [1, 158.04, 464.23, 480.96]]"
3204,/home/pi/sambashare/BacArbeit/cocoval2017/000000372260.jpg,3.1747573309985455,"['2: car', '58: potted plant', '74: clock', '2: car', '7: truck', '0: person', '2: car']","[2, 58, 74, 2, 7, 0, 2]","[0.93755233, 0.8635716, 0.857176, 0.6790401, 0.57466465, 0.39107856, 0.26212078]","[[1, 314.68, 115.67, 205.01], [260.78, 324.88, 72.35, 107.91], [189.13, 63.06, 93.9, 99.59], [92.44, 300.39, 31.81, 39.64], [1.44, 295.49, 91.44, 36.89], [420.73, 306.06, 6.19, 27.75], [129.55, 305.93, 15.51, 29.55]]"
3205,/home/pi/sambashare/BacArbeit/cocoval2017/000000094852.jpg,3.180844040000011,"['20: elephant', '20: elephant']","[20, 20]","[0.9444294, 0.43651363]","[[133.3, 121.62, 306.65, 295.45], [228.55, 250.39, 104.41, 162.24]]"
3206,/home/pi/sambashare/BacArbeit/cocoval2017/000000198489.jpg,3.1755400719994213,"['0: person', '58: potted plant', '33: kite', '2: car', '2: car']","[0, 58, 33, 2, 2]","[0.9347259, 0.90803266, 0.87354714, 0.7471793, 0.6877167]","[[106.57, 88.76, 163.84, 341.02], [66.79, 63.51, 105.77, 162.22], [1, 419.64, 315.19, 174.64], [206.49, 45.2, 220.54, 103.47], [187.8, 46.94, 91.57, 47.34]]"
3207,/home/pi/sambashare/BacArbeit/cocoval2017/000000233727.jpg,3.1816876670000056,"['5: bus', '0: person', '0: person', '0: person', '1: bicycle', '1: bicycle', '0: person', '1: bicycle', '0: person', '0: person', '1: bicycle', '0: person', '0: person']","[5, 0, 0, 0, 1, 1, 0, 1, 0, 0, 1, 0, 0]","[0.93458444, 0.9121922, 0.88889796, 0.8275753, 0.647233, 0.50029856, 0.4938213, 0.47938836, 0.46627894, 0.41008827, 0.32425272, 0.28483102, 0.27413085]","[[79.14, 89.52, 376.75, 235.28], [504.63, 223.67, 28.21, 60.15], [582.23, 202.16, 34.44, 78.92], [474.08, 227.68, 27.82, 58.11], [611.31, 223.18, 28.5, 37.33], [552.86, 222.8, 24.08, 42.41], [24.3, 209.15, 12.33, 18.87], [523.89, 222.28, 26.23, 43.47], [517.26, 199.33, 12.87, 13.87], [207.88, 186.06, 47.22, 49.73], [529.81, 217.06, 46.75, 48.16], [182.25, 165.0, 115.2, 91.07], [181.87, 170.42, 37.03, 54.86]]"
3208,/home/pi/sambashare/BacArbeit/cocoval2017/000000515266.jpg,3.1878654079991975,"['2: car', '7: truck', '7: truck', '7: truck']","[2, 7, 7, 7]","[0.6228794, 0.42895457, 0.32598662, 0.26682398]","[[594.65, 105.44, 40.01, 24.38], [23.86, 63.3, 310.75, 164.05], [8.38, 70.22, 628.4, 256.37], [102.12, 190.15, 536.2, 227.61]]"
3209,/home/pi/sambashare/BacArbeit/cocoval2017/000000577149.jpg,3.1769093129987596,"['22: zebra', '22: zebra', '22: zebra']","[22, 22, 22]","[0.94979393, 0.91161954, 0.8993995]","[[342.24, 164.14, 222.8, 219.13], [191.06, 147.59, 60.07, 168.97], [108.97, 144.93, 77.19, 143.32]]"
3210,/home/pi/sambashare/BacArbeit/cocoval2017/000000572462.jpg,3.1812666639998497,"['6: train', '0: person', '0: person', '0: person', '0: person', '0: person', '24: backpack', '0: person', '0: person', '0: person']","[6, 0, 0, 0, 0, 0, 24, 0, 0, 0]","[0.92111725, 0.87451965, 0.81124336, 0.79720515, 0.69527805, 0.6522877, 0.5937446, 0.57914734, 0.512871, 0.3407767]","[[12.48, 24.95, 348.19, 265.29], [221.82, 379.95, 85.28, 216.93], [531.22, 389.46, 43.4, 165.47], [442.68, 398.97, 94.8, 198.5], [134.07, 108.22, 53.81, 46.43], [342.13, 431.52, 91.36, 165.43], [283.97, 474.66, 29.53, 64.31], [333.4, 405.26, 33.1, 62.53], [339.54, 404.39, 91.74, 115.85], [441.27, 380.02, 50.5, 111.36]]"
3211,/home/pi/sambashare/BacArbeit/cocoval2017/000000360137.jpg,3.1828938460002973,"['25: umbrella', '26: handbag', '0: person', '26: handbag']","[25, 26, 0, 26]","[0.9531229, 0.7438692, 0.67475754, 0.6259608]","[[298.29, 282.72, 277.73, 239.92], [354.58, 516.26, 63.83, 105.86], [373.7, 349.54, 255.91, 288.82], [338.03, 494.47, 30.26, 76.45]]"
3212,/home/pi/sambashare/BacArbeit/cocoval2017/000000514979.jpg,3.183897053000692,"['20: elephant', '20: elephant']","[20, 20]","[0.622384, 0.61253333]","[[153.14, 7.38, 343.4, 400.18], [435.27, 1.31, 203.05, 404.72]]"
3213,/home/pi/sambashare/BacArbeit/cocoval2017/000000530052.jpg,3.1702333060002275,"['0: person', '0: person']","[0, 0]","[0.30180302, 0.28243712]","[[398.97, 1, 130.74, 35.11], [525.52, 1, 99.62, 37.75]]"
3214,/home/pi/sambashare/BacArbeit/cocoval2017/000000296649.jpg,3.1793972060004307,"['0: person', '0: person', '3: motorcycle', '7: truck', '3: motorcycle', '0: person', '0: person', '3: motorcycle', '0: person', '0: person', '0: person', '1: bicycle', '2: car', '0: person', '0: person', '0: person', '0: person', '0: person']","[0, 0, 3, 7, 3, 0, 0, 3, 0, 0, 0, 1, 2, 0, 0, 0, 0, 0]","[0.909078, 0.86456066, 0.8228834, 0.78247046, 0.7747885, 0.74129504, 0.71076995, 0.5719058, 0.54621845, 0.48959756, 0.47327766, 0.44826877, 0.44268906, 0.4238369, 0.39614445, 0.3687492, 0.367827, 0.2983773]","[[1, 268.96, 103.51, 158.04], [495.96, 277.88, 89.39, 115.86], [428.78, 330.57, 211.22, 95.57], [228.75, 272.23, 35.03, 43.37], [261.31, 332.72, 176.05, 93.77], [299.77, 286.94, 92.23, 139.47], [428.73, 301.32, 79.3, 100.12], [1, 326.52, 175.5, 100.17], [303.95, 279.58, 23.74, 49.08], [554.37, 310.35, 33.12, 44.32], [266.27, 280.27, 20.3, 36.55], [258.51, 336.46, 19.49, 44.81], [592.35, 284.57, 47.32, 67.08], [272.49, 289.25, 48.97, 81.96], [106.27, 268.8, 15.99, 27.98], [256.42, 279.88, 29.98, 62.09], [458.18, 275.09, 39.37, 67.17], [281.38, 276.74, 14.55, 32.28]]"
3215,/home/pi/sambashare/BacArbeit/cocoval2017/000000394275.jpg,3.1823234099992987,"['5: bus', '0: person', '0: person', '0: person', '0: person', '0: person']","[5, 0, 0, 0, 0, 0]","[0.93044335, 0.7521406, 0.55882794, 0.45009997, 0.30717757, 0.30120566]","[[92.03, 82.85, 517.71, 284.98], [151.72, 141.19, 66.23, 64.46], [256.04, 160.11, 53.82, 47.29], [414.72, 164.95, 24.6, 50.44], [483.45, 183.52, 18.6, 33.11], [372.28, 177.32, 30.84, 37.96]]"
3216,/home/pi/sambashare/BacArbeit/cocoval2017/000000357567.jpg,3.1783313159994577,"['61: toilet', '61: toilet', '71: sink']","[61, 61, 71]","[0.7125744, 0.6545289, 0.60381883]","[[278.29, 464.05, 123.31, 174.46], [278.25, 365.34, 199.57, 270.85], [391.94, 425.15, 87.69, 99.11]]"
3217,/home/pi/sambashare/BacArbeit/cocoval2017/000000231237.jpg,3.17371472800005,"['75: vase', '56: chair', '60: dining table', '58: potted plant']","[75, 56, 60, 58]","[0.81368834, 0.41314808, 0.38671857, 0.28691933]","[[93.5, 253.19, 161.72, 202.94], [287.92, 207.7, 45.9, 159.85], [2.89, 362.7, 327.33, 134.04], [71.89, 24.51, 237.39, 421.17]]"
3218,/home/pi/sambashare/BacArbeit/cocoval2017/000000314294.jpg,3.178741032999824,['20: elephant'],[20],[0.55342484],"[[249.87, 85.64, 233.87, 158.1]]"
3219,/home/pi/sambashare/BacArbeit/cocoval2017/000000311518.jpg,3.1958623949994944,['8: boat'],[8],[0.93004835],"[[186.6, 203.5, 305.25, 79.82]]"
3220,/home/pi/sambashare/BacArbeit/cocoval2017/000000388927.jpg,3.174469603000034,"['74: clock', '0: person', '0: person']","[74, 0, 0]","[0.8734302, 0.37834534, 0.35941795]","[[183.76, 208.24, 209.99, 318.38], [1, 302.93, 340.91, 335.97], [380.07, 1, 66.8, 225.88]]"
3221,/home/pi/sambashare/BacArbeit/cocoval2017/000000547854.jpg,3.1834875459990144,"['0: person', '79: toothbrush', '0: person', '60: dining table']","[0, 79, 0, 60]","[0.6494451, 0.4629446, 0.3083954, 0.2886441]","[[20.51, 1.01, 617.43, 404.23], [178.45, 1, 143.36, 73.41], [1, 395.38, 65.92, 58.68], [40.79, 346.95, 599.21, 288.4]]"
3222,/home/pi/sambashare/BacArbeit/cocoval2017/000000095155.jpg,3.179799550000098,"['0: person', '0: person', '0: person', '0: person', '31: snowboard', '31: snowboard', '31: snowboard', '31: snowboard']","[0, 0, 0, 0, 31, 31, 31, 31]","[0.94378954, 0.9400008, 0.9257628, 0.90371823, 0.8600211, 0.8273628, 0.7647814, 0.609869]","[[438.31, 212.93, 139.34, 176.5], [444.16, 43.4, 78.04, 105.31], [113.61, 248.57, 108.17, 126.64], [124.83, 58.77, 70.46, 82.83], [416.13, 142.43, 110.51, 14.88], [155.16, 351.34, 84.56, 31.61], [118.86, 125.55, 32.27, 19.41], [551.45, 367.29, 28.74, 25.14]]"
3223,/home/pi/sambashare/BacArbeit/cocoval2017/000000002532.jpg,3.1883820290004223,"['0: person', '30: skis']","[0, 30]","[0.91216284, 0.774466]","[[183.48, 304.31, 101.57, 170.96], [209.84, 441.98, 57.32, 41.14]]"
3224,/home/pi/sambashare/BacArbeit/cocoval2017/000000166768.jpg,3.2037382749986136,"['27: tie', '0: person', '0: person']","[27, 0, 0]","[0.93300015, 0.55972844, 0.49030337]","[[311.53, 227.36, 108.55, 400.91], [68.0, 11.6, 358.0, 624.21], [1, 119.58, 184.26, 516.67]]"
3225,/home/pi/sambashare/BacArbeit/cocoval2017/000000458109.jpg,3.1865792230000807,"['6: train', '0: person']","[6, 0]","[0.559196, 0.28240845]","[[3.86, 1.42, 631.46, 264.3], [544.19, 29.42, 27.16, 61.07]]"
3226,/home/pi/sambashare/BacArbeit/cocoval2017/000000140840.jpg,3.1732990900000004,"['33: kite', '33: kite', '33: kite', '33: kite', '33: kite', '33: kite', '33: kite', '33: kite', '33: kite']","[33, 33, 33, 33, 33, 33, 33, 33, 33]","[0.67642605, 0.5620108, 0.56108195, 0.50746804, 0.41837242, 0.38533095, 0.2914746, 0.2831453, 0.26061055]","[[259.31, 190.9, 67.83, 58.81], [119.02, 118.48, 33.44, 40.75], [1, 117.68, 33.45, 27.5], [137.09, 174.25, 68.58, 65.38], [194.24, 97.14, 26.65, 56.38], [356.48, 165.37, 105.99, 88.98], [193.16, 84.69, 91.25, 102.27], [216.54, 170.61, 36.7, 54.52], [1, 115.82, 154.31, 70.33]]"
3227,/home/pi/sambashare/BacArbeit/cocoval2017/000000368038.jpg,3.192109921001247,['6: train'],[6],[0.57271206],"[[58.49, 23.79, 581.51, 254.9]]"
3228,/home/pi/sambashare/BacArbeit/cocoval2017/000000028285.jpg,3.1847238869995635,['74: clock'],[74],[0.82924753],"[[306.19, 204.56, 23.2, 24.86]]"
3229,/home/pi/sambashare/BacArbeit/cocoval2017/000000308391.jpg,3.1789105119987653,[],[],[],[]
3230,/home/pi/sambashare/BacArbeit/cocoval2017/000000473974.jpg,3.1837443620006525,"['22: zebra', '22: zebra', '22: zebra', '22: zebra', '22: zebra']","[22, 22, 22, 22, 22]","[0.9250136, 0.91817725, 0.89369375, 0.88681203, 0.35442653]","[[68.19, 157.41, 306.69, 245.18], [548.72, 165.89, 77.56, 114.02], [301.13, 227.52, 307.44, 173.36], [1, 196.61, 70.99, 99.53], [359.9, 157.2, 95.49, 77.3]]"
3231,/home/pi/sambashare/BacArbeit/cocoval2017/000000389804.jpg,3.194734726999741,"['61: toilet', '75: vase', '39: bottle']","[61, 75, 39]","[0.90110207, 0.72820747, 0.34712705]","[[159.07, 132.67, 118.2, 202.04], [436.42, 33.51, 41.07, 106.5], [556.68, 158.71, 43.84, 57.71]]"
3232,/home/pi/sambashare/BacArbeit/cocoval2017/000000515350.jpg,3.1720705589996214,"['0: person', '37: surfboard']","[0, 37]","[0.80621207, 0.78439164]","[[171.49, 167.19, 67.84, 47.39], [170.74, 197.55, 110.43, 30.48]]"
3233,/home/pi/sambashare/BacArbeit/cocoval2017/000000239274.jpg,3.1765512929996476,"['0: person', '0: person', '0: person', '0: person', '8: boat', '0: person', '0: person', '0: person', '0: person', '0: person', '0: person', '2: car', '0: person', '0: person', '0: person', '0: person', '0: person', '0: person', '0: person']","[0, 0, 0, 0, 8, 0, 0, 0, 0, 0, 0, 2, 0, 0, 0, 0, 0, 0, 0]","[0.8452338, 0.77996665, 0.74416345, 0.70626324, 0.70194024, 0.6436013, 0.6263128, 0.5786422, 0.5125423, 0.49033132, 0.400954, 0.39989167, 0.38459527, 0.38404194, 0.37405682, 0.34533128, 0.3237654, 0.3130262, 0.27516663]","[[282.11, 383.03, 17.22, 45.81], [316.66, 390.42, 20.47, 36.23], [557.29, 431.74, 23.4, 53.43], [267.0, 384.01, 14.8, 29.49], [71.85, 182.99, 319.92, 323.64], [509.7, 459.2, 37.56, 36.13], [293.33, 363.48, 15.03, 37.07], [380.59, 306.37, 6.1, 8.5], [166.03, 310.39, 12.8, 33.75], [322.74, 368.94, 11.11, 26.01], [333.09, 360.13, 14.97, 35.0], [131.74, 233.32, 13.81, 9.0], [343.88, 362.41, 14.19, 32.59], [352.38, 389.93, 17.49, 25.45], [125.47, 290.84, 9.95, 21.28], [287.94, 371.68, 17.15, 57.87], [144.51, 304.56, 9.28, 12.18], [299.76, 350.62, 10.51, 27.07], [185.99, 315.89, 14.24, 18.32]]"
3234,/home/pi/sambashare/BacArbeit/cocoval2017/000000398652.jpg,3.185298099000647,"['58: potted plant', '58: potted plant', '58: potted plant', '58: potted plant', '58: potted plant', '58: potted plant', '58: potted plant', '58: potted plant', '58: potted plant', '56: chair', '75: vase', '58: potted plant', '58: potted plant', '58: potted plant', '75: vase', '58: potted plant', '63: laptop', '75: vase', '58: potted plant', '58: potted plant', '56: chair']","[58, 58, 58, 58, 58, 58, 58, 58, 58, 56, 75, 58, 58, 58, 75, 58, 63, 75, 58, 58, 56]","[0.871877, 0.75708777, 0.7409085, 0.7282059, 0.6761385, 0.6561397, 0.6464442, 0.625119, 0.60941064, 0.5192593, 0.5128189, 0.5054777, 0.4845315, 0.43619415, 0.40801063, 0.38104016, 0.32294184, 0.316949, 0.30848798, 0.28662255, 0.25359815]","[[319.81, 92.64, 43.78, 78.19], [1, 1, 94.49, 99.44], [309.56, 172.91, 116.55, 93.64], [233.67, 138.31, 86.54, 136.55], [394.08, 210.24, 60.56, 49.92], [169.06, 191.1, 78.29, 109.26], [429.54, 198.09, 60.55, 45.27], [273.15, 106.87, 47.18, 58.03], [358.35, 7.09, 87.85, 180.41], [1, 52.46, 48.96, 107.19], [140.96, 151.74, 47.08, 62.24], [437.98, 111.15, 61.53, 92.18], [85.71, 297.9, 92.48, 51.54], [289.78, 1, 34.61, 18.82], [565.97, 1, 28.38, 25.4], [414.61, 35.9, 84.46, 164.56], [469.85, 217.98, 88.62, 90.01], [142.72, 181.37, 45.92, 59.09], [136.11, 22.78, 116.31, 278.09], [166.82, 1, 36.23, 24.86], [621.44, 13.21, 18.46, 88.15]]"
3235,/home/pi/sambashare/BacArbeit/cocoval2017/000000134034.jpg,3.1777523669989023,"['17: horse', '19: cow']","[17, 19]","[0.9171339, 0.88873017]","[[360.4, 260.27, 61.83, 86.42], [85.27, 261.24, 51.52, 92.9]]"
3236,/home/pi/sambashare/BacArbeit/cocoval2017/000000222735.jpg,3.1791555379986676,"['65: remote', '62: tv', '0: person', '56: chair']","[65, 62, 0, 56]","[0.9003698, 0.80974275, 0.3390291, 0.29807955]","[[6.62, 321.94, 392.96, 262.76], [144.53, 1.12, 269.81, 200.06], [277.37, 39.74, 83.1, 110.74], [1, 115.72, 82.9, 296.88]]"
3237,/home/pi/sambashare/BacArbeit/cocoval2017/000000446574.jpg,3.173505192999073,"['61: toilet', '39: bottle', '39: bottle']","[61, 39, 39]","[0.92987734, 0.6486582, 0.6016357]","[[1, 338.99, 203.67, 299.8], [220.37, 22.47, 20.9, 60.14], [206.05, 37.23, 16.78, 46.24]]"
3238,/home/pi/sambashare/BacArbeit/cocoval2017/000000325031.jpg,3.1855543490000855,"['0: person', '22: zebra', '0: person', '0: person', '0: person', '0: person', '0: person']","[0, 22, 0, 0, 0, 0, 0]","[0.5687982, 0.5591448, 0.4797371, 0.39869586, 0.28619796, 0.26516154, 0.25969592]","[[566.81, 147.06, 20.58, 49.73], [64.52, 63.19, 508.59, 490.61], [30.2, 180.34, 17.93, 25.65], [1.48, 172.13, 12.3, 16.77], [585.94, 173.15, 14.92, 30.02], [71.55, 174.63, 9.64, 17.79], [539.65, 178.9, 9.88, 23.01]]"
3239,/home/pi/sambashare/BacArbeit/cocoval2017/000000522393.jpg,3.1973641810000117,"['8: boat', '0: person', '0: person', '8: boat']","[8, 0, 0, 8]","[0.73510087, 0.7258359, 0.6583761, 0.4783005]","[[96.12, 20.65, 334.16, 567.3], [311.4, 505.28, 37.86, 31.61], [378.36, 449.16, 35.05, 76.68], [284.47, 515.74, 159.33, 73.81]]"
3240,/home/pi/sambashare/BacArbeit/cocoval2017/000000385029.jpg,3.191019548999975,"['40: wine glass', '40: wine glass', '39: bottle', '0: person', '39: bottle', '45: bowl', '45: bowl', '44: spoon', '44: spoon', '44: spoon', '44: spoon', '60: dining table']","[40, 40, 39, 0, 39, 45, 45, 44, 44, 44, 44, 60]","[0.90299517, 0.8758424, 0.87327605, 0.85730124, 0.85469586, 0.8418876, 0.7024072, 0.67446804, 0.5584415, 0.53201395, 0.417831, 0.37901977]","[[326.16, 107.0, 66.68, 123.27], [429.15, 121.44, 86.56, 139.34], [246.18, 1, 57.22, 163.56], [1.61, 308.74, 272.49, 169.72], [380.17, 1, 66.59, 179.26], [80.66, 127.6, 193.27, 154.3], [259.01, 234.02, 217.51, 177.93], [230.31, 265.79, 136.81, 89.71], [91.22, 185.76, 82.99, 105.69], [195.19, 199.98, 16.36, 90.84], [68.88, 272.51, 294.34, 81.38], [1.7, 3.28, 635.92, 465.51]]"
3241,/home/pi/sambashare/BacArbeit/cocoval2017/000000383921.jpg,3.178300985000533,"['20: elephant', '20: elephant', '20: elephant', '20: elephant', '20: elephant', '20: elephant', '20: elephant', '20: elephant', '20: elephant', '20: elephant', '20: elephant', '20: elephant', '20: elephant', '20: elephant', '20: elephant', '20: elephant']","[20, 20, 20, 20, 20, 20, 20, 20, 20, 20, 20, 20, 20, 20, 20, 20]","[0.92374676, 0.90817255, 0.90511036, 0.90386796, 0.90017927, 0.896012, 0.87956077, 0.8783877, 0.85167485, 0.81978273, 0.6450727, 0.6307624, 0.61841375, 0.3931999, 0.33820176, 0.27357534]","[[1.12, 319.89, 201.28, 159.56], [404.17, 152.72, 142.51, 143.23], [228.42, 109.11, 128.1, 79.33], [165.57, 184.8, 316.15, 119.15], [26.05, 136.64, 141.57, 104.5], [349.47, 127.41, 110.41, 63.45], [1, 160.28, 61.62, 119.72], [32.26, 229.99, 362.22, 115.66], [1, 118.54, 58.5, 46.99], [103.59, 302.72, 141.29, 136.45], [221.83, 276.85, 102.41, 151.72], [1, 105.25, 11.89, 18.21], [299.27, 173.1, 110.49, 54.28], [1, 463.55, 36.71, 16.24], [1, 300.82, 17.65, 20.38], [1, 276.66, 37.41, 46.84]]"
3242,/home/pi/sambashare/BacArbeit/cocoval2017/000000334309.jpg,3.1848794699999416,"['0: person', '2: car', '67: cell phone', '0: person', '2: car']","[0, 2, 67, 0, 2]","[0.898083, 0.82519394, 0.78850627, 0.7022294, 0.29260412]","[[7.2, 38.45, 382.52, 386.86], [302.76, 80.8, 74.78, 40.18], [253.98, 248.74, 119.56, 85.8], [1, 117.56, 47.94, 166.07], [268.01, 89.39, 26.9, 36.88]]"
3243,/home/pi/sambashare/BacArbeit/cocoval2017/000000190853.jpg,3.1768474229993444,"['0: person', '0: person']","[0, 0]","[0.69795465, 0.29312623]","[[1, 391.06, 285.06, 247.82], [1, 117.05, 380.88, 522.95]]"
3244,/home/pi/sambashare/BacArbeit/cocoval2017/000000180878.jpg,3.1782311870010744,"['55: cake', '67: cell phone', '67: cell phone']","[55, 67, 67]","[0.7824332, 0.7663702, 0.4870864]","[[121.82, 37.26, 309.89, 282.71], [353.21, 303.01, 173.28, 75.17], [405.29, 202.03, 102.7, 108.3]]"
3245,/home/pi/sambashare/BacArbeit/cocoval2017/000000092124.jpg,3.176854524001101,"['61: toilet', '39: bottle', '71: sink']","[61, 39, 71]","[0.8892332, 0.7050828, 0.6474907]","[[250.07, 386.49, 109.17, 252.65], [325.89, 328.36, 21.19, 57.28], [212.92, 351.41, 141.47, 74.57]]"
3246,/home/pi/sambashare/BacArbeit/cocoval2017/000000142238.jpg,3.1809477000006154,"['0: person', '0: person', '0: person', '0: person', '0: person', '0: person', '0: person', '0: person', '0: person', '0: person', '0: person', '0: person', '0: person', '0: person', '0: person', '0: person', '0: person']","[0, 0, 0, 0, 0, 0, 0, 0, 0, 0, 0, 0, 0, 0, 0, 0, 0]","[0.88146275, 0.8740871, 0.8582806, 0.8480276, 0.80955505, 0.7839737, 0.7751803, 0.7643407, 0.72914267, 0.7262848, 0.7246067, 0.6550973, 0.59638757, 0.57093555, 0.54032457, 0.45225036, 0.42369393]","[[78.86, 218.45, 45.18, 132.08], [154.37, 219.02, 56.57, 135.66], [50.08, 221.55, 35.34, 133.53], [376.89, 214.5, 52.74, 154.49], [198.13, 220.58, 68.27, 135.21], [461.8, 198.79, 70.28, 158.2], [585.27, 228.43, 14.56, 38.35], [572.75, 228.05, 14.77, 39.15], [1, 240.31, 7.71, 47.26], [242.16, 211.33, 45.69, 143.68], [620.47, 255.99, 19.39, 107.89], [327.31, 204.77, 57.64, 150.82], [434.52, 125.39, 70.49, 114.84], [250.27, 117.13, 71.36, 138.43], [417.08, 212.69, 61.86, 144.52], [296.75, 115.61, 80.28, 239.6], [282.69, 193.53, 59.26, 162.11]]"
3247,/home/pi/sambashare/BacArbeit/cocoval2017/000000468954.jpg,3.1777722379993065,"['0: person', '0: person']","[0, 0]","[0.76240826, 0.3184686]","[[210.82, 6.68, 424.35, 416.18], [1, 1, 329.34, 424.66]]"
3248,/home/pi/sambashare/BacArbeit/cocoval2017/000000414676.jpg,3.1841819879991817,"['74: clock', '74: clock']","[74, 74]","[0.780915, 0.5768458]","[[187.39, 170.2, 24.71, 51.09], [100.04, 154.54, 43.84, 31.21]]"
3249,/home/pi/sambashare/BacArbeit/cocoval2017/000000280325.jpg,3.180910381999638,"['12: parking meter', '76: scissors']","[12, 76]","[0.892966, 0.45561668]","[[336.98, 161.17, 154.18, 194.72], [2.02, 149.38, 55.04, 110.08]]"
3250,/home/pi/sambashare/BacArbeit/cocoval2017/000000520659.jpg,3.187289244000567,"['0: person', '37: surfboard', '0: person', '0: person', '0: person', '0: person', '37: surfboard', '0: person', '37: surfboard', '0: person', '0: person', '37: surfboard', '37: surfboard', '0: person', '0: person', '0: person', '0: person', '0: person', '37: surfboard', '0: person', '0: person', '37: surfboard', '37: surfboard', '37: surfboard']","[0, 37, 0, 0, 0, 0, 37, 0, 37, 0, 0, 37, 37, 0, 0, 0, 0, 0, 37, 0, 0, 37, 37, 37]","[0.77553385, 0.7544248, 0.7108161, 0.65262794, 0.631191, 0.5377526, 0.50879115, 0.47753182, 0.44101602, 0.42702556, 0.42061496, 0.3938381, 0.3544138, 0.35177642, 0.34755915, 0.33233422, 0.3274001, 0.32623768, 0.32398438, 0.2933774, 0.2862786, 0.2801746, 0.2757527, 0.27144474]","[[542.35, 189.34, 33.64, 59.55], [20.93, 218.32, 109.53, 58.5], [224.84, 198.98, 25.83, 61.68], [427.7, 187.66, 23.34, 39.06], [409.67, 191.98, 16.59, 31.35], [455.27, 189.18, 23.92, 34.84], [349.44, 273.96, 34.31, 69.06], [522.62, 189.39, 21.29, 55.46], [381.39, 271.8, 48.8, 73.38], [331.27, 192.14, 20.34, 68.14], [395.3, 193.86, 10.32, 28.99], [89.62, 274.01, 41.57, 60.52], [321.47, 275.9, 35.2, 66.06], [627.84, 193.95, 11.96, 59.74], [130.75, 221.16, 25.42, 18.85], [431.55, 220.94, 66.15, 48.77], [381.47, 194.11, 14.1, 36.13], [130.46, 222.16, 29.95, 42.95], [134.78, 270.75, 43.24, 64.95], [108.84, 226.4, 23.06, 34.78], [250.63, 198.15, 15.65, 24.6], [42.42, 288.92, 85.65, 69.82], [73.49, 277.55, 75.48, 77.31], [405.97, 271.17, 41.84, 75.71]]"
3251,/home/pi/sambashare/BacArbeit/cocoval2017/000000376900.jpg,3.187160939000023,"['0: person', '38: tennis racket', '0: person', '0: person', '0: person', '0: person', '0: person', '0: person', '24: backpack', '0: person', '0: person', '0: person', '0: person', '0: person', '0: person', '0: person', '0: person', '0: person']","[0, 38, 0, 0, 0, 0, 0, 0, 24, 0, 0, 0, 0, 0, 0, 0, 0, 0]","[0.9250212, 0.87061584, 0.8698874, 0.83480644, 0.75135857, 0.62948406, 0.4680323, 0.46154797, 0.45313287, 0.41445333, 0.3850579, 0.37205255, 0.351553, 0.33412126, 0.33047146, 0.29891193, 0.2969621, 0.2571211]","[[77.5, 175.44, 159.22, 424.91], [111.76, 368.87, 34.83, 51.68], [330.48, 296.47, 48.79, 85.75], [371.41, 304.5, 46.45, 77.26], [1, 296.63, 42.02, 86.01], [240.47, 315.27, 60.22, 68.76], [57.77, 308.85, 25.12, 41.15], [290.26, 328.28, 31.08, 54.55], [198.49, 334.92, 25.95, 38.89], [216.88, 308.75, 23.4, 43.4], [163.11, 288.32, 48.1, 84.2], [426.33, 309.18, 20.02, 39.47], [437.52, 327.69, 37.03, 44.11], [417.37, 310.96, 16.29, 39.11], [457.8, 307.56, 20.88, 36.62], [277.86, 307.41, 29.59, 39.54], [1, 303.25, 9.48, 60.31], [131.04, 238.16, 95.45, 308.34]]"
3252,/home/pi/sambashare/BacArbeit/cocoval2017/000000001993.jpg,3.184497604999706,"['59: bed', '56: chair', '60: dining table', '60: dining table']","[59, 56, 60, 60]","[0.91707987, 0.87987685, 0.7293317, 0.28853577]","[[259.69, 195.97, 354.28, 221.51], [109.96, 248.24, 118.19, 169.38], [1, 250.82, 151.17, 166.32], [1, 250.66, 152.57, 42.49]]"
3253,/home/pi/sambashare/BacArbeit/cocoval2017/000000350019.jpg,3.185626971999227,"['28: suitcase', '0: person']","[28, 0]","[0.90992755, 0.8440252]","[[103.14, 256.8, 266.12, 366.98], [122.75, 25.79, 177.76, 241.87]]"
3254,/home/pi/sambashare/BacArbeit/cocoval2017/000000265777.jpg,3.190997077999782,"['40: wine glass', '40: wine glass', '55: cake', '0: person']","[40, 40, 55, 0]","[0.9159326, 0.82878745, 0.6431332, 0.5734983]","[[254.26, 100.09, 73.81, 286.04], [530.44, 136.96, 63.06, 201.37], [7.08, 374.46, 567.72, 223.74], [233.07, 7.57, 290.43, 347.1]]"
3255,/home/pi/sambashare/BacArbeit/cocoval2017/000000571804.jpg,3.1909913229992526,"['75: vase', '71: sink', '39: bottle', '45: bowl', '45: bowl', '71: sink', '45: bowl', '75: vase', '45: bowl']","[75, 71, 39, 45, 45, 71, 45, 75, 45]","[0.7754864, 0.70497906, 0.6320745, 0.6251034, 0.5918466, 0.5498016, 0.4609647, 0.4599349, 0.26713628]","[[100.07, 219.08, 54.33, 66.64], [151.46, 101.52, 138.26, 75.17], [218.32, 223.07, 29.78, 52.4], [16.59, 148.83, 83.15, 68.54], [456.04, 268.03, 103.27, 70.96], [356.57, 118.41, 206.32, 110.11], [349.84, 263.78, 97.57, 67.45], [270.66, 188.84, 88.3, 125.57], [151.06, 290.45, 48.88, 42.41]]"
3256,/home/pi/sambashare/BacArbeit/cocoval2017/000000463849.jpg,3.1886034780000045,"['2: car', '2: car', '2: car', '2: car', '2: car', '8: boat', '0: person', '8: boat', '8: boat', '8: boat', '8: boat', '8: boat', '8: boat', '0: person', '0: person', '8: boat', '8: boat', '8: boat', '14: bird', '2: car', '8: boat', '8: boat', '14: bird', '2: car', '2: car', '8: boat', '8: boat', '8: boat', '8: boat', '2: car']","[2, 2, 2, 2, 2, 8, 0, 8, 8, 8, 8, 8, 8, 0, 0, 8, 8, 8, 14, 2, 8, 8, 14, 2, 2, 8, 8, 8, 8, 2]","[0.90877694, 0.8798982, 0.87744296, 0.8334376, 0.8293164, 0.76607454, 0.7530667, 0.74590516, 0.721554, 0.67145187, 0.66549695, 0.6158932, 0.5426974, 0.5140053, 0.50406003, 0.49052456, 0.42574784, 0.3978671, 0.39360717, 0.3725891, 0.371364, 0.36853525, 0.35959816, 0.3529002, 0.34555015, 0.3355991, 0.30849278, 0.29188755, 0.28725794, 0.27314728]","[[1, 336.29, 40.86, 25.24], [435.51, 328.37, 28.8, 17.63], [73.13, 335.84, 34.46, 22.54], [464.42, 326.28, 40.11, 25.34], [508.78, 327.31, 30.16, 17.95], [1, 515.03, 114.04, 51.82], [59.7, 333.11, 8.56, 25.78], [41.75, 401.43, 162.38, 38.79], [547.37, 454.78, 16.47, 24.41], [1, 484.59, 79.49, 31.19], [384.98, 365.12, 67.34, 13.17], [1, 455.3, 92.6, 36.66], [435.76, 388.84, 94.66, 24.96], [231.71, 380.73, 6.99, 17.83], [52.73, 334.29, 7.31, 22.51], [347.32, 349.24, 40.64, 11.3], [408.61, 375.41, 72.02, 28.12], [363.27, 358.13, 41.85, 11.54], [431.8, 422.18, 16.81, 11.43], [404.49, 325.69, 13.36, 8.96], [120.6, 387.59, 107.87, 30.53], [153.62, 373.24, 59.64, 11.29], [271.73, 434.27, 10.35, 21.63], [457.67, 325.78, 13.68, 10.85], [489.98, 329.8, 19.8, 24.11], [121.66, 382.2, 88.02, 11.92], [214.62, 346.28, 30.83, 14.52], [157.07, 368.29, 54.77, 11.13], [158.39, 363.21, 70.14, 13.81], [163.53, 324.6, 16.19, 18.13]]"
3257,/home/pi/sambashare/BacArbeit/cocoval2017/000000349837.jpg,3.185377537000022,"['72: refrigerator', '72: refrigerator', '72: refrigerator', '72: refrigerator', '72: refrigerator', '72: refrigerator', '72: refrigerator']","[72, 72, 72, 72, 72, 72, 72]","[0.8929531, 0.8716088, 0.8461832, 0.83475447, 0.777341, 0.50620335, 0.26218092]","[[67.41, 91.37, 73.0, 196.41], [135.49, 57.32, 100.01, 258.25], [14.58, 103.55, 60.62, 165.23], [231.75, 29.95, 115.11, 291.36], [336.4, 19.41, 126.37, 313.59], [457.94, 14.14, 41.35, 315.76], [1, 61.94, 15.14, 156.04]]"
3258,/home/pi/sambashare/BacArbeit/cocoval2017/000000277689.jpg,3.1814817329996004,"['40: wine glass', '55: cake', '40: wine glass', '40: wine glass', '40: wine glass', '40: wine glass', '58: potted plant']","[40, 55, 40, 40, 40, 40, 58]","[0.8932625, 0.8290251, 0.6289205, 0.40409634, 0.37412825, 0.3425592, 0.2595578]","[[11.44, 275.17, 88.95, 148.83], [289.66, 206.99, 335.26, 214.45], [146.96, 283.91, 66.85, 135.32], [317.78, 282.27, 42.95, 50.79], [561.42, 278.27, 42.9, 54.78], [84.72, 339.28, 99.75, 84.28], [106.96, 139.6, 266.15, 181.21]]"
3259,/home/pi/sambashare/BacArbeit/cocoval2017/000000110721.jpg,3.190897104001124,"['7: truck', '7: truck', '4: airplane', '0: person', '0: person']","[7, 7, 4, 0, 0]","[0.7886043, 0.7539182, 0.7380576, 0.40870827, 0.28443658]","[[26.45, 21.06, 73.76, 53.23], [1, 1, 55.55, 63.37], [11.59, 1, 624.04, 405.98], [82.01, 201.66, 42.29, 28.1], [223.75, 311.17, 23.91, 51.9]]"
3260,/home/pi/sambashare/BacArbeit/cocoval2017/000000018491.jpg,3.1762267089998204,"['0: person', '0: person', '0: person', '0: person', '0: person', '0: person', '0: person', '0: person', '0: person', '0: person', '38: tennis racket']","[0, 0, 0, 0, 0, 0, 0, 0, 0, 0, 38]","[0.9045137, 0.8896186, 0.88596654, 0.8634287, 0.84617865, 0.6740958, 0.65043265, 0.6113475, 0.5903355, 0.40505284, 0.27163056]","[[65.1, 96.79, 59.13, 119.73], [330.0, 75.82, 59.87, 131.57], [241.78, 184.89, 114.89, 119.45], [296.29, 189.52, 117.43, 115.74], [274.52, 70.81, 56.45, 143.03], [12.52, 81.29, 32.78, 66.03], [173.2, 80.0, 37.52, 63.09], [114.51, 31.87, 51.38, 93.05], [53.48, 60.28, 40.28, 57.47], [1, 84.61, 12.39, 75.26], [66.4, 144.68, 13.28, 35.55]]"
3261,/home/pi/sambashare/BacArbeit/cocoval2017/000000535608.jpg,3.1908234490001632,"['0: person', '0: person', '56: chair', '0: person', '56: chair', '0: person', '25: umbrella', '56: chair', '25: umbrella', '0: person', '26: handbag', '33: kite']","[0, 0, 56, 0, 56, 0, 25, 56, 25, 0, 26, 33]","[0.8867557, 0.85527015, 0.84607905, 0.8078626, 0.80239505, 0.7797612, 0.62029094, 0.5899191, 0.44910437, 0.42134443, 0.3785593, 0.31487352]","[[198.46, 159.47, 12.39, 30.97], [179.76, 172.89, 15.11, 18.17], [370.22, 236.13, 54.53, 41.88], [452.06, 178.51, 46.73, 29.62], [264.63, 221.48, 70.57, 59.21], [45.03, 198.99, 80.46, 27.49], [305.4, 156.75, 124.06, 111.56], [442.44, 180.3, 34.76, 26.21], [305.28, 156.92, 122.92, 32.51], [216.62, 176.31, 10.99, 9.39], [14.15, 209.92, 19.85, 12.42], [395.14, 41.6, 4.53, 5.13]]"
3262,/home/pi/sambashare/BacArbeit/cocoval2017/000000181753.jpg,3.192100439000569,"['56: chair', '56: chair', '56: chair', '75: vase', '60: dining table', '75: vase']","[56, 56, 56, 75, 60, 75]","[0.9298831, 0.850324, 0.81557965, 0.580424, 0.49266207, 0.42861968]","[[47.48, 242.7, 256.27, 179.55], [329.17, 228.41, 262.62, 186.96], [509.11, 271.42, 130.37, 151.46], [356.69, 345.39, 33.89, 31.88], [233.71, 343.84, 255.77, 78.46], [295.45, 250.23, 20.07, 44.97]]"
3263,/home/pi/sambashare/BacArbeit/cocoval2017/000000052413.jpg,3.170430451998982,"['65: remote', '41: cup', '56: chair', '0: person', '39: bottle', '54: donut', '73: book', '0: person', '0: person']","[65, 41, 56, 0, 39, 54, 73, 0, 0]","[0.90919447, 0.9007131, 0.7477152, 0.6822832, 0.60026324, 0.37547812, 0.35907114, 0.26967162, 0.253449]","[[211.1, 92.2, 144.52, 229.9], [187.57, 45.26, 37.76, 54.98], [266.34, 3.91, 120.45, 123.23], [272.88, 1, 217.51, 197.58], [176.07, 32.17, 29.08, 53.88], [128.42, 47.37, 38.6, 21.78], [324.73, 325.69, 94.76, 49.1], [3.03, 30.05, 475.47, 326.49], [1, 1.52, 183.48, 255.86]]"
3264,/home/pi/sambashare/BacArbeit/cocoval2017/000000555005.jpg,3.1755750109987275,"['73: book', '73: book', '73: book', '73: book', '73: book', '73: book', '0: person', '73: book', '73: book', '0: person', '73: book']","[73, 73, 73, 73, 73, 73, 0, 73, 73, 0, 73]","[0.52432555, 0.49136347, 0.45441556, 0.43652186, 0.43162316, 0.40530306, 0.39506665, 0.39374253, 0.36175817, 0.32823923, 0.3197893]","[[341.92, 1, 35.15, 92.85], [321.85, 1.14, 26.59, 97.57], [410.83, 33.49, 26.77, 68.9], [375.62, 3.32, 33.1, 100.29], [390.52, 4.47, 31.52, 97.98], [302.68, 1, 24.85, 95.68], [35.79, 143.04, 594.83, 335.65], [422.64, 36.74, 33.52, 68.0], [449.53, 1, 28.99, 109.27], [341.67, 58.63, 16.68, 27.14], [274.63, 1, 19.34, 99.21]]"
3265,/home/pi/sambashare/BacArbeit/cocoval2017/000000392933.jpg,3.192593968999063,['23: giraffe'],[23],[0.9172398],"[[113.17, 199.95, 81.32, 145.82]]"
3266,/home/pi/sambashare/BacArbeit/cocoval2017/000000144333.jpg,3.1923937769988697,"['0: person', '2: car', '2: car', '2: car', '67: cell phone', '1: bicycle', '2: car', '11: stop sign']","[0, 2, 2, 2, 67, 1, 2, 11]","[0.8509185, 0.8326082, 0.7721409, 0.76334006, 0.6604882, 0.63749766, 0.5790191, 0.33240566]","[[121.55, 125.81, 200.54, 341.45], [1, 128.45, 61.0, 67.83], [266.18, 132.73, 159.44, 113.47], [2.17, 129.7, 257.72, 141.0], [184.86, 194.29, 17.99, 39.1], [63.05, 261.29, 294.69, 368.2], [239.19, 103.96, 162.8, 110.29], [324.28, 56.23, 17.37, 21.34]]"
3267,/home/pi/sambashare/BacArbeit/cocoval2017/000000347664.jpg,3.1802905770000507,"['19: cow', '19: cow', '19: cow', '19: cow', '19: cow', '19: cow', '19: cow', '19: cow', '19: cow', '19: cow', '19: cow', '19: cow', '19: cow', '19: cow', '19: cow']","[19, 19, 19, 19, 19, 19, 19, 19, 19, 19, 19, 19, 19, 19, 19]","[0.8509645, 0.84660774, 0.8413605, 0.8394837, 0.8170431, 0.80101055, 0.7932331, 0.77782786, 0.7376918, 0.73104805, 0.72076255, 0.7193542, 0.6956712, 0.5835295, 0.25438243]","[[123.55, 190.65, 13.96, 9.87], [415.13, 197.55, 25.33, 13.55], [102.3, 190.71, 13.84, 9.13], [449.73, 198.69, 19.67, 11.6], [84.13, 192.07, 11.16, 7.27], [388.78, 199.29, 16.89, 14.37], [312.95, 196.27, 18.84, 12.97], [485.14, 199.95, 11.52, 10.27], [294.08, 194.67, 16.45, 10.61], [341.63, 197.14, 14.22, 9.24], [506.75, 199.41, 27.89, 11.66], [355.96, 196.81, 17.2, 10.76], [278.31, 195.68, 12.86, 8.78], [370.35, 198.01, 13.6, 9.47], [522.11, 200.45, 14.65, 10.19]]"
3268,/home/pi/sambashare/BacArbeit/cocoval2017/000000082085.jpg,3.1713909339996462,"['0: person', '0: person', '0: person', '6: train', '16: dog']","[0, 0, 0, 6, 16]","[0.8628289, 0.84556735, 0.76750296, 0.6865368, 0.6188846]","[[69.18, 198.69, 35.49, 135.63], [106.83, 226.28, 17.33, 73.31], [8.32, 252.33, 26.6, 39.51], [114.75, 1, 520.79, 411.23], [484.35, 160.01, 41.81, 54.96]]"
3269,/home/pi/sambashare/BacArbeit/cocoval2017/000000329614.jpg,3.181521184000303,"['5: bus', '2: car', '2: car', '2: car', '2: car', '2: car', '2: car', '2: car', '2: car', '0: person', '2: car', '0: person', '2: car']","[5, 2, 2, 2, 2, 2, 2, 2, 2, 0, 2, 0, 2]","[0.91756916, 0.8940893, 0.8848696, 0.8792042, 0.83191645, 0.7137055, 0.7107877, 0.5622554, 0.474662, 0.436922, 0.40902063, 0.37061667, 0.2963408]","[[120.15, 127.16, 93.28, 39.51], [153.07, 150.97, 31.64, 25.57], [34.87, 154.89, 92.08, 37.7], [285.98, 153.92, 56.96, 18.15], [446.2, 153.96, 31.76, 19.27], [425.29, 154.51, 36.3, 15.09], [381.68, 155.07, 33.38, 12.59], [24.31, 148.05, 15.4, 7.63], [41.45, 148.61, 20.48, 11.84], [50.02, 155.71, 42.63, 52.29], [2.49, 147.6, 20.99, 8.92], [71.64, 145.32, 14.86, 17.27], [209.18, 155.3, 15.08, 11.51]]"
3270,/home/pi/sambashare/BacArbeit/cocoval2017/000000508586.jpg,3.1872018329995626,"['22: zebra', '22: zebra', '22: zebra', '22: zebra', '22: zebra', '22: zebra', '22: zebra', '22: zebra', '22: zebra', '0: person', '22: zebra']","[22, 22, 22, 22, 22, 22, 22, 22, 22, 0, 22]","[0.9122154, 0.8494796, 0.82373035, 0.78546417, 0.77902794, 0.68060225, 0.63985085, 0.5328934, 0.3513232, 0.28460714, 0.26884913]","[[21.09, 139.98, 173.7, 117.03], [300.83, 172.1, 124.29, 68.68], [413.78, 163.39, 84.58, 84.02], [349.18, 158.16, 39.72, 35.3], [497.01, 156.66, 138.7, 76.41], [310.04, 148.15, 44.15, 46.41], [231.54, 151.99, 32.89, 21.95], [1, 157.64, 39.79, 19.63], [462.85, 153.09, 28.3, 15.57], [4.63, 40.16, 8.62, 15.47], [582.6, 151.25, 23.77, 12.87]]"
3271,/home/pi/sambashare/BacArbeit/cocoval2017/000000462371.jpg,3.1790305499998794,"['0: person', '27: tie', '0: person', '0: person', '0: person', '41: cup', '0: person', '27: tie', '0: person', '55: cake']","[0, 27, 0, 0, 0, 41, 0, 27, 0, 55]","[0.74653697, 0.73748124, 0.6685839, 0.59241086, 0.5295276, 0.49403092, 0.47912028, 0.4676849, 0.41876188, 0.3494696]","[[125.46, 183.56, 133.91, 215.89], [277.03, 109.23, 42.62, 57.94], [1.3, 15.62, 104.46, 383.71], [28.73, 16.38, 170.98, 382.66], [271.11, 21.53, 175.61, 252.52], [305.49, 140.7, 27.43, 49.14], [127.56, 18.14, 287.36, 379.17], [204.83, 117.74, 17.72, 31.08], [366.52, 23.03, 122.89, 228.75], [401.22, 250.69, 97.77, 91.51]]"
3272,/home/pi/sambashare/BacArbeit/cocoval2017/000000093353.jpg,3.184421673000543,"['77: teddy bear', '73: book']","[77, 73]","[0.5830355, 0.2995199]","[[153.3, 84.99, 486.7, 382.27], [381.06, 350.26, 123.83, 92.81]]"
3273,/home/pi/sambashare/BacArbeit/cocoval2017/000000056350.jpg,3.1738763000012113,"['61: toilet', '33: kite', '77: teddy bear', '77: teddy bear']","[61, 33, 77, 77]","[0.7684546, 0.36321345, 0.31944683, 0.28613487]","[[338.86, 1, 157.99, 161.14], [305.4, 390.88, 301.13, 220.12], [446.93, 417.35, 164.7, 129.82], [293.46, 279.37, 214.43, 131.19]]"
3274,/home/pi/sambashare/BacArbeit/cocoval2017/000000003156.jpg,3.196268246998443,"['61: toilet', '0: person', '61: toilet', '71: sink']","[61, 0, 61, 71]","[0.86358446, 0.766927, 0.5820691, 0.38677078]","[[269.72, 370.53, 170.76, 249.16], [1, 3.94, 378.46, 629.31], [347.61, 245.75, 95.36, 281.05], [1, 155.88, 59.17, 108.22]]"
3275,/home/pi/sambashare/BacArbeit/cocoval2017/000000521956.jpg,3.1747645679988636,"['0: person', '38: tennis racket']","[0, 38]","[0.7867039, 0.34228927]","[[1, 1.81, 341.58, 325.37], [18.47, 6.74, 28.84, 149.74]]"
3276,/home/pi/sambashare/BacArbeit/cocoval2017/000000166426.jpg,3.1849437229993782,"['42: fork', '41: cup', '39: bottle', '43: knife', '42: fork', '39: bottle', '39: bottle', '41: cup', '43: knife', '60: dining table']","[42, 41, 39, 43, 42, 39, 39, 41, 43, 60]","[0.95064634, 0.94343257, 0.93722236, 0.9186238, 0.840812, 0.8365601, 0.83190846, 0.6530719, 0.51494545, 0.42961922]","[[5.21, 351.33, 121.18, 206.04], [315.99, 166.54, 87.83, 111.34], [151.57, 8.45, 90.33, 263.94], [500.16, 350.49, 43.89, 192.78], [440.05, 66.64, 25.48, 46.61], [292.38, 1, 44.39, 202.02], [363.19, 1.58, 45.81, 200.55], [202.73, 62.14, 36.94, 75.22], [235.58, 59.02, 16.59, 40.73], [1.45, 12.17, 585.55, 626.7]]"
3277,/home/pi/sambashare/BacArbeit/cocoval2017/000000199771.jpg,3.1782569740007602,"['0: person', '0: person', '0: person', '41: cup', '0: person', '74: clock', '0: person', '39: bottle', '0: person', '41: cup', '73: book', '0: person', '43: knife', '45: bowl', '0: person']","[0, 0, 0, 41, 0, 74, 0, 39, 0, 41, 73, 0, 43, 45, 0]","[0.9083427, 0.8905365, 0.8807678, 0.8227745, 0.8063748, 0.76491994, 0.7178729, 0.6445833, 0.5111849, 0.5072935, 0.45998117, 0.44093654, 0.2991864, 0.29339364, 0.2510504]","[[243.67, 27.86, 167.54, 249.24], [11.1, 61.02, 218.87, 363.98], [541.94, 17.26, 97.35, 360.79], [256.47, 390.74, 43.46, 34.03], [138.02, 69.02, 81.49, 172.42], [493.95, 1, 29.86, 30.05], [372.05, 68.18, 194.48, 280.64], [366.57, 264.31, 73.75, 156.58], [40.61, 91.71, 50.54, 62.28], [550.84, 380.69, 88.16, 44.22], [521.28, 191.4, 4.54, 16.72], [10.94, 60.82, 83.24, 121.09], [392.61, 338.4, 203.06, 86.6], [192.28, 294.51, 111.78, 97.47], [1, 125.07, 10.74, 46.74]]"
3278,/home/pi/sambashare/BacArbeit/cocoval2017/000000023751.jpg,3.181151955999667,"['0: person', '0: person', '33: kite', '33: kite']","[0, 0, 33, 33]","[0.87832606, 0.7984484, 0.3479556, 0.30312866]","[[286.4, 302.85, 118.91, 264.31], [210.91, 313.07, 100.58, 243.09], [177.18, 112.95, 113.77, 201.67], [178.8, 112.89, 112.08, 69.72]]"
3279,/home/pi/sambashare/BacArbeit/cocoval2017/000000524108.jpg,3.1783208310007467,"['3: motorcycle', '3: motorcycle', '3: motorcycle', '0: person', '3: motorcycle', '0: person', '3: motorcycle']","[3, 3, 3, 0, 3, 0, 3]","[0.53985804, 0.5037534, 0.45731172, 0.41876042, 0.4131055, 0.33983108, 0.28574273]","[[1, 1, 130.77, 149.2], [2.04, 7.08, 624.05, 392.55], [112.32, 1, 192.59, 52.25], [547.8, 1, 91.62, 60.34], [550.94, 35.23, 88.37, 194.21], [545.49, 1, 94.05, 132.95], [69.23, 33.89, 259.92, 105.16]]"
3280,/home/pi/sambashare/BacArbeit/cocoval2017/000000216277.jpg,3.1782413010005257,"['67: cell phone', '0: person', '75: vase']","[67, 0, 75]","[0.9247519, 0.87210923, 0.69219095]","[[391.57, 76.17, 137.29, 168.8], [455.52, 1, 182.77, 161.44], [90.45, 126.7, 251.62, 244.53]]"
3281,/home/pi/sambashare/BacArbeit/cocoval2017/000000395701.jpg,3.1797171529997286,"['56: chair', '56: chair', '62: tv', '58: potted plant', '75: vase', '73: book', '73: book', '73: book', '73: book', '73: book', '73: book', '73: book', '73: book', '73: book', '73: book', '73: book', '73: book', '73: book']","[56, 56, 62, 58, 75, 73, 73, 73, 73, 73, 73, 73, 73, 73, 73, 73, 73, 73]","[0.934122, 0.9335702, 0.91150314, 0.83829635, 0.7784889, 0.37660226, 0.37649363, 0.3721405, 0.3458694, 0.33150142, 0.3285283, 0.32796258, 0.32300448, 0.30609453, 0.30581397, 0.29650992, 0.2841598, 0.2526626]","[[1, 291.14, 69.56, 188.33], [191.11, 311.31, 201.03, 152.27], [91.73, 301.51, 96.07, 90.15], [394.99, 124.69, 115.0, 87.1], [256.53, 387.82, 28.13, 52.25], [467.39, 271.13, 19.32, 40.38], [122.11, 227.64, 27.63, 36.64], [170.56, 228.88, 23.94, 33.91], [126.09, 155.21, 21.6, 33.78], [420.71, 309.48, 28.21, 46.12], [461.88, 219.79, 12.19, 33.43], [173.71, 194.25, 20.83, 32.44], [476.72, 220.07, 15.11, 34.83], [454.64, 262.97, 42.84, 49.36], [125.56, 191.73, 22.56, 34.19], [387.38, 313.94, 19.26, 35.89], [410.72, 311.8, 14.21, 42.43], [454.67, 219.24, 41.83, 35.29]]"
3282,/home/pi/sambashare/BacArbeit/cocoval2017/000000377239.jpg,3.1789059299990186,"['0: person', '0: person', '0: person', '39: bottle', '25: umbrella']","[0, 0, 0, 39, 25]","[0.90926546, 0.8666867, 0.8025372, 0.72840714, 0.66993713]","[[262.54, 153.58, 284.79, 273.1], [1, 160.38, 60.44, 264.03], [80.41, 159.17, 88.31, 240.71], [402.52, 339.91, 40.55, 63.73], [314.04, 8.72, 323.0, 402.37]]"
3283,/home/pi/sambashare/BacArbeit/cocoval2017/000000451693.jpg,3.1887129509996157,['53: pizza'],[53],[0.72018135],"[[73.39, 49.72, 503.66, 316.09]]"
3284,/home/pi/sambashare/BacArbeit/cocoval2017/000000294350.jpg,3.1840599739989557,"['0: person', '0: person', '0: person', '0: person', '41: cup', '0: person', '39: bottle', '43: knife']","[0, 0, 0, 0, 41, 0, 39, 43]","[0.90853906, 0.9004606, 0.8875959, 0.61816776, 0.47009304, 0.4460832, 0.38992736, 0.26301336]","[[235.85, 94.32, 282.95, 329.89], [522.16, 124.94, 117.06, 298.76], [265.35, 164.65, 73.06, 134.05], [319.3, 183.44, 46.61, 88.86], [104.97, 159.16, 55.22, 28.44], [135.83, 135.55, 56.8, 57.08], [206.63, 148.72, 34.11, 58.82], [245.31, 377.06, 43.7, 35.41]]"
3285,/home/pi/sambashare/BacArbeit/cocoval2017/000000469174.jpg,3.173802699000589,['4: airplane'],[4],[0.9359769],"[[252.08, 72.46, 225.82, 66.65]]"
3286,/home/pi/sambashare/BacArbeit/cocoval2017/000000172977.jpg,3.18811057899984,['22: zebra'],[22],[0.9038615],"[[32.87, 24.7, 470.16, 461.3]]"
3287,/home/pi/sambashare/BacArbeit/cocoval2017/000000169076.jpg,3.175097505998565,"['62: tv', '0: person', '16: dog', '0: person', '27: tie']","[62, 0, 16, 0, 27]","[0.8513505, 0.84131217, 0.6221253, 0.47101885, 0.43448278]","[[20.36, 21.87, 277.0, 218.88], [51.02, 75.59, 121.59, 128.95], [231.05, 292.9, 358.85, 267.61], [152.45, 113.58, 49.46, 92.77], [172.28, 175.04, 12.3, 29.81]]"
3288,/home/pi/sambashare/BacArbeit/cocoval2017/000000155451.jpg,3.170424603000356,"['9: traffic light', '9: traffic light', '9: traffic light']","[9, 9, 9]","[0.4764904, 0.46885714, 0.43122667]","[[531.2, 273.82, 12.13, 16.01], [473.55, 1, 131.47, 158.84], [266.36, 332.02, 19.55, 24.47]]"
3289,/home/pi/sambashare/BacArbeit/cocoval2017/000000367095.jpg,3.176535586000682,"['41: cup', '0: person', '56: chair', '62: tv', '66: keyboard', '63: laptop', '0: person', '0: person', '56: chair', '58: potted plant', '64: mouse', '58: potted plant', '63: laptop', '62: tv', '56: chair', '56: chair', '62: tv', '56: chair', '56: chair', '56: chair', '66: keyboard', '0: person', '64: mouse', '24: backpack', '56: chair', '0: person', '58: potted plant']","[41, 0, 56, 62, 66, 63, 0, 0, 56, 58, 64, 58, 63, 62, 56, 56, 62, 56, 56, 56, 66, 0, 64, 24, 56, 0, 58]","[0.8945684, 0.8944216, 0.88425434, 0.87914556, 0.8771013, 0.8602187, 0.86018693, 0.8180722, 0.79209197, 0.70089483, 0.68912977, 0.65731347, 0.611608, 0.5995763, 0.5129989, 0.44083852, 0.42197332, 0.3927167, 0.37358543, 0.3469252, 0.31592724, 0.31381577, 0.31075394, 0.2946363, 0.26074862, 0.25129047, 0.2500828]","[[403.15, 290.2, 39.41, 42.29], [130.54, 118.84, 253.59, 304.57], [95.68, 281.95, 208.2, 144.4], [351.27, 167.0, 90.34, 124.92], [311.16, 272.03, 84.66, 39.29], [253.14, 199.43, 106.89, 77.18], [541.77, 96.41, 53.27, 101.42], [147.6, 98.81, 45.2, 58.02], [68.89, 172.89, 82.58, 78.27], [519.51, 88.29, 28.13, 24.29], [333.67, 317.73, 77.03, 23.84], [460.3, 117.38, 61.97, 67.94], [123.23, 144.38, 39.23, 18.48], [29.94, 106.82, 71.89, 56.78], [105.13, 252.16, 31.16, 47.65], [518.08, 233.22, 59.14, 30.75], [180.87, 112.76, 60.93, 45.23], [80.76, 247.85, 29.55, 50.61], [518.2, 132.9, 29.48, 14.29], [628.69, 209.7, 11.15, 68.68], [253.45, 253.1, 100.08, 23.49], [8.74, 138.47, 24.8, 26.64], [247.4, 214.32, 24.06, 6.58], [592.61, 176.86, 37.87, 28.63], [95.37, 279.51, 80.2, 145.71], [311.1, 97.39, 32.34, 53.86], [575.23, 64.69, 50.12, 64.87]]"
3290,/home/pi/sambashare/BacArbeit/cocoval2017/000000117645.jpg,3.197726784999759,"['0: person', '31: snowboard']","[0, 31]","[0.81119233, 0.41156483]","[[394.6, 166.28, 33.75, 60.25], [414.05, 204.3, 15.07, 27.3]]"
3291,/home/pi/sambashare/BacArbeit/cocoval2017/000000213547.jpg,3.1934753469995485,"['0: person', '72: refrigerator', '24: backpack', '0: person', '39: bottle', '39: bottle', '39: bottle']","[0, 72, 24, 0, 39, 39, 39]","[0.86804736, 0.6472099, 0.6179261, 0.48905104, 0.32648805, 0.26328355, 0.254225]","[[117.36, 156.22, 234.56, 462.35], [14.59, 225.81, 106.69, 253.27], [163.6, 449.05, 124.26, 190.73], [324.44, 190.23, 155.56, 448.21], [470.06, 167.23, 9.75, 29.64], [51.57, 359.45, 10.67, 30.33], [58.04, 263.71, 11.71, 35.45]]"
3292,/home/pi/sambashare/BacArbeit/cocoval2017/000000424776.jpg,3.182366197999727,['4: airplane'],[4],[0.791359],"[[11.77, 85.23, 587.93, 249.93]]"
3293,/home/pi/sambashare/BacArbeit/cocoval2017/000000014831.jpg,3.1876444360004825,[],[],[],[]
3294,/home/pi/sambashare/BacArbeit/cocoval2017/000000210388.jpg,3.19995880299939,"['0: person', '0: person', '0: person', '28: suitcase', '18: sheep']","[0, 0, 0, 28, 18]","[0.930341, 0.9241256, 0.9053828, 0.4677499, 0.3102641]","[[197.74, 159.36, 113.34, 209.7], [1, 139.94, 75.17, 243.27], [313.85, 208.87, 88.55, 157.82], [280.88, 259.84, 58.42, 58.89], [297.13, 361.47, 126.01, 64.11]]"
3295,/home/pi/sambashare/BacArbeit/cocoval2017/000000212559.jpg,3.193895620999683,"['18: sheep', '18: sheep', '18: sheep', '18: sheep', '18: sheep', '18: sheep', '18: sheep', '18: sheep', '17: horse', '18: sheep', '18: sheep']","[18, 18, 18, 18, 18, 18, 18, 18, 17, 18, 18]","[0.9263192, 0.8943865, 0.89133805, 0.79531235, 0.7575266, 0.753434, 0.69134307, 0.6829832, 0.6542204, 0.4364363, 0.33218792]","[[1, 247.34, 401.44, 252.37], [406.78, 187.94, 110.81, 64.98], [212.43, 142.69, 79.62, 112.56], [276.42, 154.24, 88.5, 62.94], [584.44, 114.14, 55.27, 81.8], [526.1, 181.78, 97.56, 56.72], [514.09, 149.35, 78.15, 39.7], [512.51, 103.49, 74.75, 79.74], [1, 205.41, 31.28, 99.3], [621.24, 94.34, 18.59, 23.0], [585.53, 102.52, 53.93, 23.43]]"
3296,/home/pi/sambashare/BacArbeit/cocoval2017/000000140420.jpg,3.183773545000804,['3: motorcycle'],[3],[0.69519764],"[[404.4, 235.51, 43.94, 73.89]]"
3297,/home/pi/sambashare/BacArbeit/cocoval2017/000000127624.jpg,3.174056395999287,['6: train'],[6],[0.59665596],"[[439.88, 397.99, 170.61, 133.61]]"
3298,/home/pi/sambashare/BacArbeit/cocoval2017/000000291619.jpg,3.1837516630002938,"['0: person', '0: person', '29: frisbee']","[0, 0, 29]","[0.93584543, 0.91356766, 0.9087287]","[[134.63, 134.61, 91.1, 185.31], [337.47, 103.07, 95.68, 187.97], [407.66, 117.19, 26.78, 12.65]]"
3299,/home/pi/sambashare/BacArbeit/cocoval2017/000000133819.jpg,3.1764654369999334,"['5: bus', '0: person', '5: bus', '9: traffic light', '5: bus', '0: person', '0: person', '9: traffic light', '12: parking meter', '0: person', '0: person', '9: traffic light', '0: person']","[5, 0, 5, 9, 5, 0, 0, 9, 12, 0, 0, 9, 0]","[0.92520714, 0.8208077, 0.75471807, 0.74282205, 0.7225791, 0.70374167, 0.66592216, 0.66253346, 0.651758, 0.5559748, 0.5451745, 0.49286178, 0.42928365]","[[146.61, 86.43, 416.71, 274.89], [99.79, 209.73, 20.43, 66.24], [469.91, 125.53, 167.24, 137.95], [61.42, 116.65, 29.11, 62.53], [615.39, 162.87, 24.3, 100.66], [26.55, 210.13, 29.99, 41.83], [1, 212.09, 21.37, 36.8], [98.03, 132.1, 23.44, 48.85], [572.06, 255.1, 48.76, 75.59], [59.56, 206.5, 29.31, 37.65], [44.97, 209.97, 19.86, 33.77], [550.36, 1, 37.13, 74.57], [458.77, 203.43, 34.33, 31.6]]"
3300,/home/pi/sambashare/BacArbeit/cocoval2017/000000230362.jpg,3.176157247999072,"['8: boat', '8: boat', '8: boat', '8: boat', '8: boat', '8: boat', '8: boat', '8: boat']","[8, 8, 8, 8, 8, 8, 8, 8]","[0.6844753, 0.64585215, 0.6401681, 0.52907497, 0.4473211, 0.41417995, 0.33513936, 0.3093277]","[[334.06, 326.17, 80.59, 24.38], [287.68, 311.42, 64.7, 30.06], [484.17, 321.73, 134.17, 41.74], [120.89, 320.85, 51.04, 21.37], [201.76, 306.23, 83.4, 36.6], [614.43, 319.19, 25.32, 40.03], [411.58, 312.26, 52.22, 37.21], [54.58, 303.29, 77.74, 35.1]]"
3301,/home/pi/sambashare/BacArbeit/cocoval2017/000000148707.jpg,3.1783687570004986,['47: apple'],[47],[0.42681217],"[[313.51, 192.95, 74.47, 74.43]]"
3302,/home/pi/sambashare/BacArbeit/cocoval2017/000000344888.jpg,3.182142442999975,"['17: horse', '17: horse', '8: boat']","[17, 17, 8]","[0.9110246, 0.85970896, 0.45627227]","[[417.47, 167.88, 117.24, 96.63], [381.84, 144.49, 52.52, 119.41], [238.76, 148.19, 43.77, 14.29]]"
3303,/home/pi/sambashare/BacArbeit/cocoval2017/000000356531.jpg,3.1817220379998616,"['41: cup', '0: person', '39: bottle', '42: fork', '60: dining table', '39: bottle']","[41, 0, 39, 42, 60, 39]","[0.8949513, 0.8902837, 0.7906349, 0.7903005, 0.7345529, 0.5536489]","[[443.12, 243.16, 58.32, 90.66], [1, 22.67, 354.31, 456.73], [422.87, 219.16, 25.84, 71.16], [445.36, 437.34, 128.46, 42.65], [338.86, 274.13, 299.47, 203.9], [446.46, 226.69, 13.66, 26.0]]"
3304,/home/pi/sambashare/BacArbeit/cocoval2017/000000326248.jpg,3.1929565029986406,"['0: person', '0: person', '0: person', '0: person', '0: person', '0: person', '0: person', '56: chair', '0: person', '0: person', '0: person', '26: handbag', '56: chair', '0: person', '0: person', '0: person', '0: person', '56: chair', '56: chair', '0: person', '0: person', '56: chair', '0: person']","[0, 0, 0, 0, 0, 0, 0, 56, 0, 0, 0, 26, 56, 0, 0, 0, 0, 56, 56, 0, 0, 56, 0]","[0.90629846, 0.9006009, 0.8851464, 0.80479157, 0.7913299, 0.7852212, 0.7116322, 0.6983943, 0.6249418, 0.55609477, 0.54163575, 0.5323012, 0.5138403, 0.3726653, 0.3683872, 0.36248308, 0.32976803, 0.31175146, 0.31117314, 0.30892503, 0.27400935, 0.27228794, 0.2621056]","[[376.85, 171.21, 104.03, 198.16], [11.56, 182.35, 57.36, 180.65], [407.21, 76.69, 58.22, 88.45], [532.15, 1, 51.56, 95.79], [37.95, 66.68, 57.29, 102.01], [168.9, 62.07, 83.36, 144.44], [267.95, 52.29, 56.13, 99.05], [389.43, 255.63, 137.25, 94.8], [585.79, 1, 38.82, 77.93], [1, 102.41, 18.2, 65.96], [392.81, 1, 48.93, 20.05], [586.33, 60.69, 32.49, 20.94], [463.74, 254.36, 64.1, 95.43], [125.84, 1.37, 34.49, 83.43], [461.79, 1, 31.15, 35.22], [627.23, 96.72, 12.58, 67.31], [196.04, 1, 43.6, 14.36], [388.06, 270.31, 67.94, 76.03], [420.7, 145.41, 33.09, 20.05], [280.72, 1, 46.51, 20.51], [95.44, 1, 35.86, 25.54], [170.59, 182.16, 68.12, 137.17], [362.72, 1, 30.64, 29.58]]"
3305,/home/pi/sambashare/BacArbeit/cocoval2017/000000317024.jpg,3.1830009010009235,['22: zebra'],[22],[0.91740716],"[[101.71, 21.14, 459.91, 444.61]]"
3306,/home/pi/sambashare/BacArbeit/cocoval2017/000000023272.jpg,3.1850807089995214,"['15: cat', '2: car', '0: person']","[15, 2, 0]","[0.8140071, 0.42518348, 0.33972186]","[[189.02, 73.06, 132.93, 129.49], [1.76, 3.01, 498.24, 371.99], [355.34, 341.15, 80.69, 33.67]]"
3307,/home/pi/sambashare/BacArbeit/cocoval2017/000000322864.jpg,3.186082599000656,"['7: truck', '2: car', '2: car', '2: car', '2: car', '0: person', '2: car', '2: car', '9: traffic light', '2: car']","[7, 2, 2, 2, 2, 0, 2, 2, 9, 2]","[0.9271856, 0.87805116, 0.8396967, 0.8350106, 0.7922111, 0.62752116, 0.5186515, 0.32718828, 0.3150536, 0.25082877]","[[314.73, 314.4, 111.53, 122.64], [1, 354.62, 23.14, 66.31], [47.73, 333.86, 47.76, 63.44], [11.7, 350.46, 59.93, 48.36], [290.24, 350.75, 84.37, 44.99], [286.59, 336.83, 14.92, 27.38], [1, 379.23, 94.33, 160.86], [239.5, 377.44, 187.5, 224.99], [85.08, 1, 13.31, 23.15], [1, 370.05, 372.15, 190.42]]"
3308,/home/pi/sambashare/BacArbeit/cocoval2017/000000336053.jpg,3.1889750239988643,"['40: wine glass', '40: wine glass', '39: bottle', '42: fork', '40: wine glass', '56: chair', '44: spoon', '56: chair', '45: bowl', '56: chair', '0: person', '0: person', '0: person', '0: person', '0: person', '56: chair', '60: dining table', '45: bowl', '56: chair', '56: chair', '60: dining table']","[40, 40, 39, 42, 40, 56, 44, 56, 45, 56, 0, 0, 0, 0, 0, 56, 60, 45, 56, 56, 60]","[0.9273149, 0.89671564, 0.8521873, 0.8451979, 0.8412718, 0.80425066, 0.8035853, 0.75984484, 0.73794353, 0.7032789, 0.6792128, 0.5994303, 0.582997, 0.51285654, 0.4144598, 0.39593753, 0.36321965, 0.34820095, 0.34357944, 0.31161955, 0.2748858]","[[391.5, 225.99, 108.82, 185.21], [240.38, 133.89, 59.75, 93.13], [358.21, 159.2, 35.83, 68.03], [243.59, 264.92, 39.27, 105.41], [80.74, 194.21, 91.53, 100.01], [406.22, 9.71, 56.45, 81.15], [191.29, 208.22, 20.89, 40.1], [454.48, 10.29, 49.78, 84.02], [30.02, 296.38, 66.65, 61.57], [53.84, 29.59, 201.38, 174.57], [588.96, 1, 50.09, 25.81], [509.78, 1, 63.22, 48.74], [1, 1, 79.0, 127.04], [420.78, 55.13, 219.22, 413.11], [607.37, 10.43, 32.63, 17.15], [10.08, 122.36, 67.4, 100.11], [1.44, 168.4, 634.97, 305.21], [1, 208.94, 44.23, 61.9], [1, 86.45, 47.59, 133.39], [588.13, 37.69, 51.79, 22.01], [510.46, 31.0, 76.99, 22.15]]"
3309,/home/pi/sambashare/BacArbeit/cocoval2017/000000304404.jpg,3.189849955999307,"['0: person', '0: person', '0: person', '0: person', '0: person', '0: person', '0: person', '0: person', '0: person', '35: baseball glove', '0: person', '34: baseball bat', '0: person', '25: umbrella', '0: person', '25: umbrella', '0: person', '0: person', '0: person', '0: person', '0: person', '25: umbrella', '0: person', '0: person', '0: person', '0: person', '25: umbrella', '0: person']","[0, 0, 0, 0, 0, 0, 0, 0, 0, 35, 0, 34, 0, 25, 0, 25, 0, 0, 0, 0, 0, 25, 0, 0, 0, 0, 25, 0]","[0.913482, 0.9000716, 0.8184738, 0.8166594, 0.8136921, 0.8029342, 0.77783525, 0.74048275, 0.7334047, 0.73184025, 0.68830776, 0.6694273, 0.59295845, 0.5503454, 0.49203476, 0.49107015, 0.4707691, 0.45739082, 0.44155675, 0.4336255, 0.4131446, 0.37437165, 0.36698452, 0.3556079, 0.34518993, 0.3443914, 0.32711595, 0.2893492]","[[167.23, 92.07, 177.3, 221.71], [1, 168.39, 126.52, 151.81], [551.55, 121.91, 53.94, 113.51], [600.46, 127.15, 39.07, 104.31], [396.62, 121.31, 40.13, 117.62], [112.24, 145.91, 50.88, 100.16], [361.31, 124.83, 36.93, 114.74], [475.4, 157.79, 44.58, 80.15], [443.19, 174.29, 42.46, 64.04], [93.2, 216.69, 34.64, 28.76], [525.64, 158.61, 52.94, 78.54], [247.66, 125.57, 62.71, 51.56], [154.32, 173.14, 52.68, 72.41], [130.73, 1, 153.84, 23.53], [306.17, 29.85, 27.78, 59.1], [1, 1, 107.41, 21.91], [327.95, 31.77, 38.18, 58.42], [70.95, 183.5, 38.6, 39.04], [265.2, 28.51, 24.61, 56.47], [18.55, 52.89, 28.44, 30.11], [289.02, 26.05, 24.0, 39.5], [1, 1, 106.83, 60.7], [185.89, 27.38, 23.4, 44.68], [1, 51.88, 21.48, 28.31], [250.59, 24.6, 22.81, 59.29], [436.46, 41.79, 26.4, 44.28], [130.76, 1, 153.86, 65.02], [278.99, 59.77, 36.53, 28.21]]"
3310,/home/pi/sambashare/BacArbeit/cocoval2017/000000573008.jpg,3.1786842540004727,"['74: clock', '8: boat']","[74, 8]","[0.90646887, 0.4413786]","[[251.48, 226.01, 62.68, 62.78], [552.39, 303.32, 87.14, 18.47]]"
3311,/home/pi/sambashare/BacArbeit/cocoval2017/000000059920.jpg,3.1816306019991316,"['61: toilet', '61: toilet', '71: sink']","[61, 61, 71]","[0.9250086, 0.88018256, 0.49061826]","[[232.2, 316.6, 193.71, 322.22], [1, 426.27, 134.65, 136.92], [1, 397.12, 14.42, 42.75]]"
3312,/home/pi/sambashare/BacArbeit/cocoval2017/000000280891.jpg,3.1841768939993926,"['0: person', '0: person', '39: bottle', '0: person', '49: orange', '49: orange', '49: orange', '49: orange', '49: orange', '49: orange']","[0, 0, 39, 0, 49, 49, 49, 49, 49, 49]","[0.7157359, 0.6552466, 0.60651296, 0.58203197, 0.57066125, 0.51158595, 0.4470636, 0.3840534, 0.35467404, 0.3336212]","[[118.06, 95.93, 299.66, 358.56], [26.43, 2.15, 231.91, 403.75], [368.56, 490.64, 58.27, 149.29], [253.09, 10.94, 75.34, 93.21], [243.08, 568.24, 80.68, 71.48], [272.15, 492.52, 95.08, 97.19], [137.44, 558.91, 118.68, 81.02], [205.7, 421.07, 86.7, 81.98], [272.2, 426.73, 55.68, 54.81], [274.92, 472.32, 79.11, 48.13]]"
3313,/home/pi/sambashare/BacArbeit/cocoval2017/000000320490.jpg,3.1851894309984345,"['0: person', '38: tennis racket', '32: sports ball', '39: bottle', '56: chair', '41: cup']","[0, 38, 32, 39, 56, 41]","[0.8902757, 0.84133464, 0.72362125, 0.42573836, 0.28507504, 0.27810994]","[[313.23, 201.85, 154.05, 223.47], [459.44, 320.65, 83.54, 63.1], [548.76, 174.06, 26.87, 30.31], [563.8, 219.17, 14.33, 38.46], [309.96, 192.3, 54.35, 72.19], [504.55, 217.22, 24.95, 41.62]]"
3314,/home/pi/sambashare/BacArbeit/cocoval2017/000000511453.jpg,3.189354138999988,"['39: bottle', '39: bottle']","[39, 39]","[0.910844, 0.8106208]","[[161.13, 1.15, 123.54, 196.21], [1, 1.17, 87.86, 166.84]]"
3315,/home/pi/sambashare/BacArbeit/cocoval2017/000000029397.jpg,3.181942582999909,"['0: person', '13: bench']","[0, 13]","[0.930015, 0.71778125]","[[328.71, 1.11, 215.37, 203.88], [2.88, 155.31, 618.46, 261.86]]"
3316,/home/pi/sambashare/BacArbeit/cocoval2017/000000007795.jpg,3.1912821980004082,"['59: bed', '59: bed', '69: oven', '59: bed']","[59, 59, 69, 59]","[0.88264704, 0.7180773, 0.6281221, 0.34562004]","[[1, 191.11, 447.77, 234.08], [160.96, 190.71, 321.28, 165.13], [603.01, 251.95, 36.41, 117.91], [1, 318.68, 237.63, 107.43]]"
3317,/home/pi/sambashare/BacArbeit/cocoval2017/000000460379.jpg,3.1803291910000553,"['23: giraffe', '23: giraffe']","[23, 23]","[0.9368274, 0.85412663]","[[48.34, 297.81, 61.39, 211.92], [345.45, 269.77, 54.47, 131.64]]"
3318,/home/pi/sambashare/BacArbeit/cocoval2017/000000555012.jpg,3.1907442249994347,['61: toilet'],[61],[0.9151974],"[[295.13, 1, 152.54, 202.9]]"
3319,/home/pi/sambashare/BacArbeit/cocoval2017/000000459954.jpg,3.190077420998932,"['72: refrigerator', '69: oven', '62: tv', '72: refrigerator', '69: oven']","[72, 69, 62, 72, 69]","[0.5252831, 0.37026986, 0.36478758, 0.31205177, 0.30154356]","[[263.14, 136.81, 113.28, 139.33], [1.01, 110.61, 199.65, 219.54], [376.91, 45.6, 122.39, 157.95], [185.06, 148.35, 59.26, 176.33], [400.12, 304.7, 92.17, 69.88]]"
3320,/home/pi/sambashare/BacArbeit/cocoval2017/000000442480.jpg,3.1893581559997983,"['7: truck', '4: airplane', '7: truck', '0: person']","[7, 4, 7, 0]","[0.8290834, 0.6473625, 0.632545, 0.41055432]","[[49.53, 220.87, 92.23, 50.14], [16.28, 130.7, 623.06, 127.49], [451.92, 221.42, 60.78, 34.75], [255.27, 237.84, 15.0, 29.87]]"
3321,/home/pi/sambashare/BacArbeit/cocoval2017/000000341469.jpg,3.1896152590015845,"['0: person', '28: suitcase', '28: suitcase', '28: suitcase', '28: suitcase', '28: suitcase', '0: person', '28: suitcase', '28: suitcase']","[0, 28, 28, 28, 28, 28, 0, 28, 28]","[0.89229846, 0.88222814, 0.8555376, 0.7943907, 0.76995313, 0.760485, 0.74368244, 0.7331843, 0.70177454]","[[194.23, 3.83, 213.25, 631.66], [97.67, 389.24, 166.29, 126.33], [130.36, 454.52, 112.63, 99.32], [26.98, 157.87, 103.78, 65.57], [124.7, 131.06, 115.68, 89.98], [7.08, 463.74, 119.95, 102.34], [413.86, 79.59, 42.76, 238.77], [9.67, 434.92, 89.02, 54.9], [61.31, 363.47, 158.58, 82.02]]"
3322,/home/pi/sambashare/BacArbeit/cocoval2017/000000463730.jpg,3.1894145109999954,"['2: car', '0: person', '0: person', '7: truck', '0: person', '5: bus', '0: person', '0: person', '0: person', '0: person', '0: person', '0: person', '1: bicycle']","[2, 0, 0, 7, 0, 5, 0, 0, 0, 0, 0, 0, 1]","[0.929965, 0.9028443, 0.8477908, 0.8449607, 0.84406435, 0.83388287, 0.78451264, 0.7788029, 0.7579446, 0.7145706, 0.47308442, 0.3834127, 0.29685155]","[[508.8, 186.87, 130.37, 135.2], [39.63, 180.37, 42.33, 121.63], [130.96, 186.52, 55.86, 126.32], [368.45, 80.73, 174.91, 210.73], [299.87, 175.07, 30.22, 100.5], [196.38, 114.46, 123.24, 158.04], [157.8, 188.12, 52.09, 123.16], [126.7, 208.57, 15.04, 44.18], [81.5, 208.66, 21.91, 46.95], [329.07, 186.55, 34.35, 68.5], [1, 189.84, 16.91, 76.58], [97.15, 213.61, 17.25, 40.89], [329.81, 223.14, 37.21, 34.74]]"
3323,/home/pi/sambashare/BacArbeit/cocoval2017/000000556498.jpg,3.1963437940012227,[],[],[],[]
3324,/home/pi/sambashare/BacArbeit/cocoval2017/000000031093.jpg,3.189223025001411,"['0: person', '36: skateboard', '0: person', '0: person', '36: skateboard']","[0, 36, 0, 0, 36]","[0.9537965, 0.8367233, 0.68378377, 0.501259, 0.2518035]","[[221.41, 82.44, 222.89, 249.42], [246.02, 319.76, 96.7, 37.08], [502.57, 1, 26.53, 36.39], [547.56, 6.45, 32.83, 44.77], [482.56, 16.5, 27.71, 17.95]]"
3325,/home/pi/sambashare/BacArbeit/cocoval2017/000000388903.jpg,3.172577500999978,"['0: person', '0: person', '1: bicycle', '67: cell phone', '0: person']","[0, 0, 1, 67, 0]","[0.86450195, 0.724572, 0.5493001, 0.42631012, 0.3200846]","[[227.54, 24.01, 238.54, 307.99], [75.56, 57.91, 143.96, 247.98], [461.86, 157.83, 38.05, 58.83], [172.07, 85.45, 11.54, 10.33], [377.93, 96.27, 41.74, 45.13]]"
3326,/home/pi/sambashare/BacArbeit/cocoval2017/000000002299.jpg,3.191735985001287,"['27: tie', '0: person', '0: person', '0: person', '27: tie', '0: person', '27: tie', '0: person', '0: person', '0: person', '27: tie', '0: person']","[27, 0, 0, 0, 27, 0, 27, 0, 0, 0, 27, 0]","[0.61230224, 0.6080124, 0.5556089, 0.45645198, 0.45259595, 0.40264598, 0.34128448, 0.33373433, 0.31926656, 0.31858113, 0.31172565, 0.26875058]","[[101.28, 226.19, 8.94, 16.74], [70.22, 199.64, 65.61, 100.41], [1, 133.16, 45.77, 144.37], [37.81, 131.39, 44.74, 145.06], [186.01, 60.15, 6.31, 10.38], [140.31, 194.08, 71.43, 100.52], [409.67, 62.41, 6.7, 13.23], [325.17, 191.08, 65.02, 97.82], [428.76, 137.51, 49.36, 135.69], [385.4, 198.33, 72.87, 93.97], [330.47, 58.75, 5.7, 16.05], [110.07, 135.52, 38.51, 124.35]]"
3327,/home/pi/sambashare/BacArbeit/cocoval2017/000000177213.jpg,3.189349989999755,"['41: cup', '42: fork', '41: cup', '55: cake', '45: bowl', '0: person']","[41, 42, 41, 55, 45, 0]","[0.87289023, 0.70496625, 0.5915983, 0.54579425, 0.34813672, 0.2927938]","[[563.16, 111.87, 75.99, 151.62], [416.23, 135.86, 160.89, 36.96], [595.0, 168.48, 44.63, 187.88], [90.4, 89.87, 427.13, 228.59], [202.24, 329.72, 302.04, 29.2], [172.16, 1.64, 467.84, 137.23]]"
3328,/home/pi/sambashare/BacArbeit/cocoval2017/000000102411.jpg,3.1813083489996643,"['17: horse', '0: person', '0: person', '0: person', '3: motorcycle', '0: person', '0: person', '2: car', '0: person', '24: backpack', '0: person', '0: person', '26: handbag']","[17, 0, 0, 0, 3, 0, 0, 2, 0, 24, 0, 0, 26]","[0.92115796, 0.8988584, 0.89754516, 0.8535905, 0.83794653, 0.8257384, 0.8124217, 0.7699411, 0.65550554, 0.58328044, 0.36399844, 0.33685958, 0.29432374]","[[568.99, 165.3, 48.41, 67.65], [26.45, 140.76, 36.14, 110.2], [60.05, 152.46, 59.09, 97.69], [508.2, 141.57, 46.91, 51.53], [187.5, 185.65, 225.57, 171.05], [240.67, 146.78, 40.32, 49.51], [177.65, 178.14, 16.92, 36.8], [1, 199.41, 35.81, 94.4], [201.1, 176.3, 14.27, 38.19], [59.14, 166.99, 21.9, 34.48], [388.94, 173.02, 51.7, 64.3], [221.49, 124.78, 122.27, 229.75], [81.84, 222.27, 30.28, 24.99]]"
3329,/home/pi/sambashare/BacArbeit/cocoval2017/000000205542.jpg,3.17471305700019,"['77: teddy bear', '59: bed']","[77, 59]","[0.9399638, 0.3601826]","[[210.15, 85.63, 156.7, 176.55], [1, 4.02, 478.55, 628.73]]"
3330,/home/pi/sambashare/BacArbeit/cocoval2017/000000204186.jpg,3.188279763000537,"['3: motorcycle', '0: person', '0: person', '0: person', '0: person', '0: person', '0: person', '0: person', '0: person', '0: person', '0: person', '0: person', '0: person', '0: person', '0: person']","[3, 0, 0, 0, 0, 0, 0, 0, 0, 0, 0, 0, 0, 0, 0]","[0.87964827, 0.81588805, 0.73105603, 0.66365266, 0.6485625, 0.51334727, 0.42062497, 0.3828121, 0.3692558, 0.36065066, 0.35858482, 0.34883532, 0.3136539, 0.2903849, 0.2827152]","[[129.79, 113.45, 424.41, 368.44], [181.85, 52.64, 164.29, 193.22], [266.61, 57.4, 115.38, 146.43], [38.8, 67.77, 41.29, 43.95], [97.45, 73.17, 56.03, 117.45], [522.61, 69.43, 40.12, 127.07], [380.91, 48.72, 56.15, 110.68], [342.76, 62.76, 42.79, 48.18], [551.1, 60.31, 50.36, 140.82], [349.75, 42.78, 39.12, 50.86], [36.48, 66.96, 43.97, 110.02], [83.47, 47.59, 45.19, 64.21], [424.92, 63.06, 47.62, 49.63], [482.94, 89.97, 36.33, 101.3], [602.52, 59.49, 37.48, 95.09]]"
3331,/home/pi/sambashare/BacArbeit/cocoval2017/000000172571.jpg,3.177103818999967,"['43: knife', '40: wine glass', '41: cup', '55: cake', '43: knife', '42: fork', '0: person', '43: knife']","[43, 40, 41, 55, 43, 42, 0, 43]","[0.90087885, 0.874744, 0.84673053, 0.73855644, 0.44064498, 0.42293802, 0.38744202, 0.30735323]","[[311.99, 33.41, 116.28, 173.6], [488.04, 1, 133.28, 207.93], [182.53, 1, 84.3, 133.22], [106.91, 123.12, 417.93, 230.38], [265.61, 80.36, 95.02, 66.67], [371.77, 71.41, 251.37, 46.95], [277.66, 1, 215.23, 67.1], [287.21, 62.43, 113.83, 104.59]]"
3332,/home/pi/sambashare/BacArbeit/cocoval2017/000000194746.jpg,3.1888008219993935,['55: cake'],[55],[0.4559294],"[[213.26, 118.84, 137.81, 40.26]]"
3333,/home/pi/sambashare/BacArbeit/cocoval2017/000000571893.jpg,3.1780178810004145,"['73: book', '73: book', '73: book', '73: book', '73: book', '73: book', '58: potted plant', '73: book', '8: boat', '73: book']","[73, 73, 73, 73, 73, 73, 58, 73, 8, 73]","[0.5467381, 0.52173746, 0.512092, 0.46942472, 0.42815006, 0.38079268, 0.3800215, 0.32112306, 0.31931967, 0.31434697]","[[363.66, 157.7, 25.43, 77.26], [340.68, 153.04, 25.53, 81.46], [377.08, 156.86, 31.06, 78.87], [401.18, 164.33, 45.22, 72.3], [391.19, 159.95, 35.21, 75.67], [300.81, 141.44, 27.08, 91.89], [444.64, 89.27, 94.42, 148.71], [312.38, 151.19, 26.74, 82.7], [1, 119.06, 106.41, 268.46], [276.29, 124.36, 18.69, 107.82]]"
3334,/home/pi/sambashare/BacArbeit/cocoval2017/000000438226.jpg,3.175775825000528,"['42: fork', '40: wine glass', '44: spoon', '60: dining table']","[42, 40, 44, 60]","[0.7162105, 0.6700533, 0.60169464, 0.33201426]","[[544.67, 40.36, 62.17, 78.54], [1, 9.03, 65.81, 230.27], [218.8, 5.38, 119.84, 114.92], [7.71, 4.18, 626.11, 269.24]]"
3335,/home/pi/sambashare/BacArbeit/cocoval2017/000000300341.jpg,3.184671603999959,"['0: person', '0: person', '0: person', '0: person', '0: person', '0: person', '65: remote', '65: remote', '65: remote', '65: remote']","[0, 0, 0, 0, 0, 0, 65, 65, 65, 65]","[0.91688126, 0.9137511, 0.890981, 0.87098527, 0.8205514, 0.78242517, 0.6359134, 0.52453107, 0.309109, 0.2557656]","[[47.61, 80.93, 211.07, 346.07], [361.24, 343.87, 70.65, 82.84], [287.78, 337.5, 72.77, 89.15], [1, 350.3, 72.16, 76.45], [418.15, 2.06, 181.15, 424.41], [290.41, 398.75, 35.36, 28.06], [97.72, 94.66, 68.92, 22.55], [422.14, 160.66, 32.49, 36.93], [422.08, 160.51, 40.06, 77.37], [457.1, 9.45, 26.28, 31.84]]"
3336,/home/pi/sambashare/BacArbeit/cocoval2017/000000092053.jpg,3.1905507810006384,"['42: fork', '41: cup', '43: knife', '45: bowl', '55: cake', '41: cup', '43: knife', '43: knife', '45: bowl']","[42, 41, 43, 45, 55, 41, 43, 43, 45]","[0.90097, 0.8357369, 0.79857564, 0.71888727, 0.6942277, 0.6725397, 0.5177861, 0.3615847, 0.30439928]","[[343.34, 303.79, 135.08, 123.21], [305.27, 1, 87.02, 178.68], [302.72, 250.59, 252.42, 97.44], [67.13, 58.3, 239.56, 153.73], [208.45, 244.16, 184.27, 181.0], [274.23, 1, 38.71, 95.24], [27.5, 232.97, 111.3, 13.6], [36.29, 251.55, 88.13, 73.95], [90.27, 175.19, 482.1, 245.73]]"
3337,/home/pi/sambashare/BacArbeit/cocoval2017/000000425361.jpg,3.176790626001093,"['64: mouse', '63: laptop', '40: wine glass', '0: person', '60: dining table', '44: spoon', '67: cell phone', '62: tv', '41: cup', '39: bottle', '43: knife', '62: tv']","[64, 63, 40, 0, 60, 44, 67, 62, 41, 39, 43, 62]","[0.9144789, 0.904522, 0.8886813, 0.744749, 0.6931697, 0.5087805, 0.50799847, 0.40097207, 0.32530206, 0.3060016, 0.28329352, 0.27188775]","[[582.41, 356.03, 57.26, 27.97], [476.96, 203.12, 161.69, 152.97], [290.88, 187.22, 63.57, 143.56], [26.17, 31.85, 357.49, 455.64], [161.76, 225.23, 477.45, 264.11], [427.21, 361.85, 45.2, 47.23], [620.77, 396.9, 19.09, 26.07], [528.09, 33.73, 31.13, 25.42], [530.26, 456.27, 47.62, 34.45], [329.05, 69.94, 13.98, 37.46], [322.42, 410.05, 147.3, 24.15], [163.19, 1, 122.37, 23.65]]"
3338,/home/pi/sambashare/BacArbeit/cocoval2017/000000344614.jpg,3.1746736929999315,"['74: clock', '74: clock', '0: person']","[74, 74, 0]","[0.9170139, 0.8969771, 0.56321657]","[[317.63, 65.28, 111.93, 123.99], [217.6, 91.76, 51.67, 120.99], [53.59, 124.26, 51.83, 174.43]]"
3339,/home/pi/sambashare/BacArbeit/cocoval2017/000000271402.jpg,3.188669621998997,"['38: tennis racket', '0: person', '0: person', '36: skateboard', '34: baseball bat', '34: baseball bat']","[38, 0, 0, 36, 34, 34]","[0.92208403, 0.9067597, 0.8313288, 0.44400778, 0.3574282, 0.2652203]","[[196.96, 309.61, 105.41, 229.03], [131.52, 92.33, 283.82, 485.73], [30.39, 63.06, 154.03, 533.08], [78.87, 525.62, 155.96, 114.32], [126.22, 285.51, 59.89, 284.51], [40.83, 282.33, 153.9, 45.28]]"
3340,/home/pi/sambashare/BacArbeit/cocoval2017/000000150930.jpg,3.183248912999261,['74: clock'],[74],[0.69924456],"[[159.83, 253.55, 97.52, 132.96]]"
3341,/home/pi/sambashare/BacArbeit/cocoval2017/000000517687.jpg,3.197382745000141,"['65: remote', '67: cell phone']","[65, 67]","[0.91350085, 0.8874376]","[[148.34, 17.62, 164.38, 327.11], [323.36, 16.79, 179.11, 329.95]]"
3342,/home/pi/sambashare/BacArbeit/cocoval2017/000000424642.jpg,3.189557595000224,"['0: person', '0: person', '29: frisbee', '29: frisbee', '29: frisbee', '29: frisbee']","[0, 0, 29, 29, 29, 29]","[0.9349084, 0.9287951, 0.8568503, 0.783168, 0.6967584, 0.47280627]","[[363.7, 155.5, 90.66, 158.27], [23.08, 126.71, 78.51, 214.23], [251.5, 208.16, 14.4, 23.43], [80.32, 320.86, 25.98, 10.98], [98.46, 297.39, 20.74, 8.57], [420.89, 224.03, 34.84, 18.45]]"
3343,/home/pi/sambashare/BacArbeit/cocoval2017/000000322959.jpg,3.173655485999916,"['45: bowl', '45: bowl', '43: knife', '43: knife', '55: cake', '60: dining table', '46: banana', '45: bowl']","[45, 45, 43, 43, 55, 60, 46, 45]","[0.9160048, 0.81521535, 0.63127834, 0.51507556, 0.49349904, 0.47174355, 0.46412724, 0.42611504]","[[429.95, 333.07, 159.76, 161.06], [262.94, 127.79, 151.12, 147.27], [326.07, 264.85, 173.91, 74.67], [235.73, 280.7, 249.11, 72.59], [25.2, 321.52, 145.62, 168.83], [30.21, 1, 565.5, 595.47], [413.45, 30.27, 162.77, 161.11], [442.21, 172.75, 146.25, 178.59]]"
3344,/home/pi/sambashare/BacArbeit/cocoval2017/000000434479.jpg,3.1968624950004596,"['14: bird', '12: parking meter', '14: bird', '75: vase', '41: cup']","[14, 12, 14, 75, 41]","[0.8301454, 0.42785478, 0.35686618, 0.31225607, 0.25664592]","[[333.01, 63.84, 149.82, 220.48], [365.79, 1, 181.69, 196.23], [189.9, 46.28, 146.1, 199.32], [16.9, 187.36, 463.31, 237.77], [1, 1, 35.53, 41.92]]"
3345,/home/pi/sambashare/BacArbeit/cocoval2017/000000171298.jpg,3.186097867999706,"['5: bus', '5: bus', '5: bus', '56: chair']","[5, 5, 5, 56]","[0.9247147, 0.90344226, 0.8880383, 0.6333723]","[[1.07, 52.44, 164.96, 382.39], [477.38, 78.02, 161.78, 331.34], [158.58, 64.23, 372.49, 386.02], [143.56, 383.64, 26.15, 36.96]]"
3346,/home/pi/sambashare/BacArbeit/cocoval2017/000000184762.jpg,3.1717358290006814,['74: clock'],[74],[0.31992108],"[[14.9, 1, 451.2, 373.92]]"
3347,/home/pi/sambashare/BacArbeit/cocoval2017/000000342397.jpg,3.18184715300049,"['0: person', '30: skis', '0: person', '0: person', '0: person', '0: person', '30: skis', '0: person', '30: skis']","[0, 30, 0, 0, 0, 0, 30, 0, 30]","[0.9450235, 0.88494515, 0.8262305, 0.7472171, 0.70097136, 0.58722216, 0.41430703, 0.26378003, 0.25212926]","[[283.65, 136.97, 108.49, 179.47], [240.2, 298.08, 168.77, 35.48], [623.38, 193.75, 16.4, 39.0], [1, 264.71, 8.7, 42.53], [453.51, 231.01, 22.55, 41.97], [274.09, 273.69, 23.68, 14.68], [612.12, 230.02, 27.88, 4.84], [456.04, 230.97, 19.76, 21.55], [450.84, 270.26, 26.64, 4.5]]"
3348,/home/pi/sambashare/BacArbeit/cocoval2017/000000356125.jpg,3.1863869200005865,"['0: person', '20: elephant', '20: elephant', '0: person']","[0, 20, 20, 0]","[0.8052701, 0.53696334, 0.3769328, 0.3725415]","[[1, 106.62, 75.87, 344.3], [40.91, 156.44, 191.12, 149.0], [6.05, 143.72, 600.43, 263.45], [1, 106.9, 67.98, 129.96]]"
3349,/home/pi/sambashare/BacArbeit/cocoval2017/000000184611.jpg,3.173669278001398,"['0: person', '2: car', '0: person', '0: person', '0: person', '0: person', '0: person', '0: person', '26: handbag', '0: person', '1: bicycle', '0: person', '0: person', '0: person', '0: person', '0: person', '0: person', '0: person', '17: horse']","[0, 2, 0, 0, 0, 0, 0, 0, 26, 0, 1, 0, 0, 0, 0, 0, 0, 0, 17]","[0.9001745, 0.85679317, 0.8347989, 0.8259875, 0.78674716, 0.78126115, 0.7181592, 0.7112943, 0.7043401, 0.68524086, 0.6796234, 0.66626626, 0.6272702, 0.59050554, 0.5461317, 0.44639993, 0.33781826, 0.26768625, 0.26048094]","[[426.36, 131.5, 46.29, 115.86], [594.01, 98.86, 26.87, 20.77], [1, 128.96, 76.34, 198.41], [107.94, 105.68, 160.0, 345.93], [541.74, 93.0, 11.76, 36.02], [559.97, 96.67, 12.69, 36.17], [168.05, 121.36, 43.95, 57.57], [601.42, 127.86, 38.32, 115.42], [1, 161.62, 75.0, 54.7], [532.92, 93.74, 10.42, 37.46], [450.08, 182.26, 35.86, 60.57], [499.37, 99.99, 16.89, 31.73], [619.06, 101.48, 20.84, 31.54], [228.01, 112.96, 20.7, 47.35], [258.79, 124.12, 35.99, 33.52], [247.4, 117.15, 24.65, 40.43], [598.14, 99.4, 41.86, 26.59], [432.21, 98.81, 22.23, 47.05], [625.73, 125.26, 13.83, 50.4]]"
3350,/home/pi/sambashare/BacArbeit/cocoval2017/000000270883.jpg,3.1967670320009347,"['0: person', '16: dog']","[0, 16]","[0.49543792, 0.4602915]","[[7.2, 74.01, 621.75, 275.93], [1, 327.02, 152.34, 65.74]]"
3351,/home/pi/sambashare/BacArbeit/cocoval2017/000000069106.jpg,3.2002893019998737,"['22: zebra', '22: zebra', '22: zebra']","[22, 22, 22]","[0.9529827, 0.92726773, 0.83372056]","[[296.99, 115.63, 136.78, 123.32], [205.34, 116.03, 107.59, 133.08], [71.13, 141.86, 168.68, 129.68]]"
3352,/home/pi/sambashare/BacArbeit/cocoval2017/000000307145.jpg,3.1913190670002223,['69: oven'],[69],[0.35630745],"[[252.58, 67.09, 127.24, 116.38]]"
3353,/home/pi/sambashare/BacArbeit/cocoval2017/000000271471.jpg,3.1794763899997633,"['0: person', '0: person', '46: banana', '41: cup', '46: banana', '46: banana', '46: banana']","[0, 0, 46, 41, 46, 46, 46]","[0.7798218, 0.62863606, 0.576413, 0.5728529, 0.55094326, 0.30641103, 0.25404176]","[[349.22, 1, 276.17, 240.11], [100.72, 1, 243.67, 243.37], [162.07, 188.31, 246.37, 108.06], [1, 58.76, 91.85, 177.05], [234.14, 219.16, 210.32, 85.53], [196.36, 289.44, 154.08, 57.38], [39.14, 136.64, 535.09, 257.29]]"
3354,/home/pi/sambashare/BacArbeit/cocoval2017/000000284764.jpg,3.1896846549989277,"['37: surfboard', '0: person', '76: scissors', '26: handbag']","[37, 0, 76, 26]","[0.89034927, 0.5668537, 0.41977948, 0.32126683]","[[420.74, 298.89, 218.39, 127.79], [1, 1, 526.18, 425.28], [348.83, 249.4, 59.96, 33.08], [111.26, 201.81, 145.25, 222.94]]"
3355,/home/pi/sambashare/BacArbeit/cocoval2017/000000287291.jpg,3.181155530999604,"['7: truck', '0: person', '2: car', '2: car', '0: person', '2: car', '0: person', '2: car', '2: car', '2: car', '20: elephant', '26: handbag', '2: car']","[7, 0, 2, 2, 0, 2, 0, 2, 2, 2, 20, 26, 2]","[0.9276459, 0.8790019, 0.8523841, 0.8239514, 0.8238865, 0.82120687, 0.7363129, 0.583939, 0.5744066, 0.44225758, 0.40406123, 0.38282117, 0.27619374]","[[380.47, 175.47, 82.55, 53.88], [136.47, 155.48, 30.15, 89.17], [475.07, 189.4, 24.71, 37.33], [349.73, 188.1, 35.4, 34.46], [327.61, 178.95, 27.2, 48.94], [455.93, 182.14, 44.07, 31.7], [247.65, 174.09, 22.35, 57.07], [265.39, 192.65, 13.8, 20.82], [1.13, 218.93, 128.62, 156.07], [352.56, 180.3, 33.7, 9.93], [1, 24.34, 143.81, 234.25], [245.97, 206.11, 10.53, 14.59], [311.93, 198.0, 14.06, 17.29]]"
3356,/home/pi/sambashare/BacArbeit/cocoval2017/000000019042.jpg,3.188138274999801,"['19: cow', '19: cow', '19: cow', '19: cow']","[19, 19, 19, 19]","[0.42561042, 0.3954129, 0.26812634, 0.25295648]","[[308.43, 166.73, 20.49, 39.96], [634.26, 240.42, 5.65, 17.35], [606.37, 290.16, 33.09, 10.51], [328.52, 327.45, 28.98, 15.9]]"
3357,/home/pi/sambashare/BacArbeit/cocoval2017/000000171611.jpg,3.1811950339997566,"['0: person', '8: boat', '8: boat', '8: boat']","[0, 8, 8, 8]","[0.85334975, 0.8165734, 0.7587395, 0.65631264]","[[158.33, 240.87, 34.18, 41.92], [497.6, 48.5, 80.83, 201.01], [346.9, 82.61, 76.9, 160.79], [57.17, 248.74, 320.37, 75.86]]"
3358,/home/pi/sambashare/BacArbeit/cocoval2017/000000278006.jpg,3.18056119099856,[],[],[],[]
3359,/home/pi/sambashare/BacArbeit/cocoval2017/000000567432.jpg,3.1807394830011617,['4: airplane'],[4],[0.9326775],"[[171.83, 232.92, 204.49, 177.33]]"
3360,/home/pi/sambashare/BacArbeit/cocoval2017/000000493284.jpg,3.1814182910002273,"['20: elephant', '20: elephant', '20: elephant', '20: elephant', '20: elephant', '20: elephant']","[20, 20, 20, 20, 20, 20]","[0.936215, 0.9182137, 0.8330832, 0.80056304, 0.721871, 0.4404942]","[[301.6, 137.29, 262.59, 288.69], [155.31, 220.49, 149.79, 205.42], [253.65, 97.97, 166.26, 99.77], [402.85, 72.17, 237.15, 300.73], [1.81, 48.68, 313.24, 377.76], [415.27, 37.65, 185.59, 73.19]]"
3361,/home/pi/sambashare/BacArbeit/cocoval2017/000000026690.jpg,3.1916131489997497,"['0: person', '0: person', '0: person', '0: person', '0: person', '36: skateboard', '0: person', '0: person', '0: person', '0: person', '0: person', '0: person']","[0, 0, 0, 0, 0, 36, 0, 0, 0, 0, 0, 0]","[0.9205569, 0.7799182, 0.747752, 0.7178058, 0.67355824, 0.6516446, 0.59814763, 0.5118072, 0.40884054, 0.39598873, 0.34161752, 0.3076353]","[[220.35, 164.92, 161.09, 152.09], [43.27, 293.3, 62.17, 156.79], [162.26, 448.9, 47.46, 70.96], [313.73, 548.74, 57.65, 91.1], [1, 346.81, 49.06, 72.69], [217.91, 245.45, 42.41, 51.11], [215.56, 470.93, 37.2, 70.79], [195.89, 488.28, 26.86, 48.92], [367.89, 567.5, 43.2, 72.29], [301.69, 516.5, 25.25, 77.01], [83.13, 400.11, 50.44, 71.4], [258.33, 498.48, 39.24, 64.88]]"
3362,/home/pi/sambashare/BacArbeit/cocoval2017/000000252701.jpg,3.182734762000109,"['0: person', '37: surfboard', '0: person']","[0, 37, 0]","[0.92367226, 0.9057675, 0.85186726]","[[164.32, 31.12, 151.08, 229.83], [131.87, 177.26, 199.68, 132.22], [282.08, 30.0, 92.54, 48.08]]"
3363,/home/pi/sambashare/BacArbeit/cocoval2017/000000359135.jpg,3.1856199459998606,"['20: elephant', '20: elephant']","[20, 20]","[0.62520194, 0.52632594]","[[1.92, 71.48, 394.47, 355.36], [184.86, 34.66, 455.14, 392.34]]"
3364,/home/pi/sambashare/BacArbeit/cocoval2017/000000080659.jpg,3.1730178910001996,"['0: person', '0: person', '17: horse', '17: horse', '0: person', '17: horse']","[0, 0, 17, 17, 0, 17]","[0.92769706, 0.9234554, 0.9010568, 0.89570546, 0.8283856, 0.6632403]","[[141.17, 61.84, 139.28, 171.43], [402.37, 62.42, 138.75, 191.98], [303.24, 96.45, 336.31, 308.27], [1, 193.17, 122.4, 132.84], [243.93, 62.1, 105.63, 101.89], [41.53, 86.27, 356.62, 295.63]]"
3365,/home/pi/sambashare/BacArbeit/cocoval2017/000000416534.jpg,3.1844055540004774,"['56: chair', '57: couch']","[56, 57]","[0.92273396, 0.525589]","[[141.89, 164.38, 136.58, 138.08], [509.3, 201.96, 130.7, 152.26]]"
3366,/home/pi/sambashare/BacArbeit/cocoval2017/000000140439.jpg,3.17502474200046,"['75: vase', '58: potted plant', '58: potted plant', '60: dining table', '58: potted plant', '45: bowl', '58: potted plant', '58: potted plant']","[75, 58, 58, 60, 58, 45, 58, 58]","[0.94207555, 0.6686924, 0.5970049, 0.5349813, 0.42583323, 0.41317296, 0.38007054, 0.27734268]","[[167.73, 312.79, 124.63, 322.22], [89.45, 287.21, 37.45, 50.97], [33.06, 238.7, 49.1, 96.96], [20.37, 496.05, 402.82, 143.85], [14.63, 2.31, 410.19, 622.16], [93.04, 313.25, 32.18, 25.05], [1, 254.33, 38.35, 63.74], [1, 158.04, 37.74, 159.71]]"
3367,/home/pi/sambashare/BacArbeit/cocoval2017/000000027982.jpg,3.1812789230007184,"['61: toilet', '29: frisbee', '58: potted plant']","[61, 29, 58]","[0.90828246, 0.7456016, 0.29566753]","[[44.53, 95.96, 110.58, 228.22], [373.44, 106.87, 92.96, 40.9], [461.74, 1, 37.89, 114.46]]"
3368,/home/pi/sambashare/BacArbeit/cocoval2017/000000275749.jpg,3.1783473929990578,"['39: bottle', '0: person', '39: bottle', '0: person', '41: cup', '0: person', '63: laptop', '62: tv', '0: person', '62: tv', '41: cup', '39: bottle', '39: bottle', '64: mouse', '62: tv', '62: tv', '0: person', '67: cell phone']","[39, 0, 39, 0, 41, 0, 63, 62, 0, 62, 41, 39, 39, 64, 62, 62, 0, 67]","[0.88820034, 0.887625, 0.8643906, 0.8406125, 0.81531876, 0.80252314, 0.7941408, 0.74772274, 0.7459109, 0.6378932, 0.60741025, 0.52798665, 0.5231773, 0.49699178, 0.486462, 0.35857004, 0.30390754, 0.25318807]","[[280.3, 319.52, 18.41, 55.33], [316.64, 127.36, 82.88, 223.59], [217.39, 310.32, 18.37, 47.85], [60.56, 98.4, 89.95, 141.72], [237.52, 328.63, 25.55, 36.27], [262.05, 192.83, 62.69, 147.97], [1, 340.3, 76.34, 34.2], [109.62, 224.99, 80.61, 138.22], [134.31, 102.26, 88.23, 185.17], [41.44, 232.99, 72.19, 141.68], [233.6, 287.97, 16.07, 23.57], [215.9, 263.67, 14.42, 42.48], [185.1, 276.96, 25.18, 85.09], [247.64, 357.71, 32.46, 13.78], [11.37, 232.08, 71.95, 78.25], [1, 290.5, 12.59, 64.06], [165.41, 97.77, 49.05, 52.66], [210.09, 366.5, 30.59, 8.33]]"
3369,/home/pi/sambashare/BacArbeit/cocoval2017/000000538236.jpg,3.186842835999414,"['0: person', '0: person', '0: person', '0: person', '0: person', '77: teddy bear', '0: person', '8: boat', '41: cup', '0: person', '77: teddy bear']","[0, 0, 0, 0, 0, 77, 0, 8, 41, 0, 77]","[0.7925486, 0.73615324, 0.5888338, 0.52659726, 0.50505495, 0.43082133, 0.40903953, 0.34601775, 0.29904932, 0.27454194, 0.2611939]","[[204.25, 1, 83.41, 82.3], [170.32, 2.86, 49.79, 95.88], [126.06, 1, 50.45, 91.82], [515.0, 1, 59.5, 34.88], [604.92, 1, 34.58, 34.2], [1, 106.49, 237.03, 321.51], [1, 110.55, 31.3, 87.21], [1, 1, 57.98, 70.08], [463.3, 54.96, 27.38, 25.42], [197.79, 1, 27.64, 21.64], [144.05, 222.44, 252.33, 179.29]]"
3370,/home/pi/sambashare/BacArbeit/cocoval2017/000000046872.jpg,3.192309029000171,"['0: person', '0: person', '2: car', '7: truck', '2: car', '2: car', '7: truck']","[0, 0, 2, 7, 2, 2, 7]","[0.93508905, 0.8523212, 0.74716455, 0.6327178, 0.57875264, 0.5167309, 0.3939857]","[[493.3, 126.14, 104.2, 243.33], [211.96, 45.17, 63.91, 63.61], [611.8, 152.85, 28.2, 22.5], [1, 37.31, 497.15, 347.28], [590.71, 155.74, 17.71, 13.29], [630.23, 160.82, 9.6, 19.76], [474.74, 131.97, 57.16, 43.85]]"
3371,/home/pi/sambashare/BacArbeit/cocoval2017/000000249786.jpg,3.193489168999804,"['0: person', '30: skis', '0: person', '0: person', '30: skis']","[0, 30, 0, 0, 30]","[0.8870562, 0.8315846, 0.48171723, 0.3146958, 0.30119452]","[[300.82, 121.48, 43.88, 55.91], [278.07, 162.21, 92.26, 27.72], [94.36, 307.32, 6.04, 12.59], [106.86, 313.26, 3.76, 6.28], [434.24, 383.92, 108.04, 31.78]]"
3372,/home/pi/sambashare/BacArbeit/cocoval2017/000000543300.jpg,3.1839373280017753,['8: boat'],[8],[0.54849374],"[[69.87, 253.98, 532.14, 143.31]]"
3373,/home/pi/sambashare/BacArbeit/cocoval2017/000000189775.jpg,3.186830122000174,"['0: person', '0: person', '0: person', '0: person', '0: person', '56: chair', '0: person', '56: chair', '0: person', '0: person', '0: person', '0: person', '0: person', '0: person', '0: person', '0: person', '0: person']","[0, 0, 0, 0, 0, 56, 0, 56, 0, 0, 0, 0, 0, 0, 0, 0, 0]","[0.93606013, 0.7740435, 0.5258163, 0.51926875, 0.51558816, 0.50196797, 0.46957785, 0.45520517, 0.43030292, 0.42241272, 0.422266, 0.39468205, 0.365537, 0.35165623, 0.34035116, 0.2839104, 0.27918437]","[[149.94, 110.6, 139.91, 235.91], [82.4, 94.16, 47.75, 161.04], [352.75, 124.88, 39.35, 47.38], [1, 118.27, 14.78, 154.63], [437.76, 131.16, 51.03, 43.85], [248.24, 114.11, 35.4, 36.93], [613.51, 144.07, 26.45, 83.22], [276.54, 114.05, 42.54, 36.9], [19.5, 58.44, 45.74, 107.29], [312.08, 134.5, 41.8, 38.72], [397.43, 125.1, 39.5, 48.48], [423.45, 463.7, 55.23, 15.97], [167.66, 82.42, 44.03, 74.67], [556.78, 120.04, 65.96, 65.36], [484.12, 118.86, 46.65, 55.5], [198.13, 20.01, 39.52, 47.73], [354.16, 127.65, 80.71, 44.41]]"
3374,/home/pi/sambashare/BacArbeit/cocoval2017/000000407002.jpg,3.1948040119987127,"['0: person', '30: skis']","[0, 30]","[0.89028597, 0.8351056]","[[203.03, 185.52, 123.85, 385.42], [57.02, 528.19, 310.35, 86.12]]"
3375,/home/pi/sambashare/BacArbeit/cocoval2017/000000207306.jpg,3.1894655960004457,"['77: teddy bear', '0: person', '1: bicycle', '0: person', '9: traffic light']","[77, 0, 1, 0, 9]","[0.8326907, 0.7474316, 0.5461654, 0.4437399, 0.3720294]","[[47.05, 149.65, 219.02, 208.02], [85.55, 178.12, 13.81, 30.39], [322.42, 192.61, 15.41, 21.67], [365.07, 183.37, 9.76, 38.61], [108.05, 1, 27.25, 12.71]]"
3376,/home/pi/sambashare/BacArbeit/cocoval2017/000000415882.jpg,3.1894892820000678,"['0: person', '16: dog', '73: book']","[0, 16, 73]","[0.56527394, 0.4315694, 0.2576877]","[[1, 205.75, 541.85, 432.34], [276.37, 482.77, 266.64, 157.21], [418.97, 367.38, 79.41, 24.72]]"
3377,/home/pi/sambashare/BacArbeit/cocoval2017/000000061333.jpg,3.187261168999612,"['15: cat', '73: book', '73: book']","[15, 73, 73]","[0.9251235, 0.31368834, 0.25932038]","[[11.43, 102.04, 286.72, 211.85], [108.82, 72.94, 28.64, 67.72], [71.15, 65.56, 37.81, 71.38]]"
3378,/home/pi/sambashare/BacArbeit/cocoval2017/000000424551.jpg,3.177371043000676,"['0: person', '30: skis', '0: person']","[0, 30, 0]","[0.92278594, 0.9165677, 0.89111674]","[[250.84, 214.56, 93.06, 187.41], [247.87, 332.12, 159.87, 93.95], [460.06, 148.42, 19.39, 30.23]]"
3379,/home/pi/sambashare/BacArbeit/cocoval2017/000000501523.jpg,3.1829556570010027,"['15: cat', '71: sink', '39: bottle']","[15, 71, 39]","[0.85202307, 0.44765058, 0.27106306]","[[211.35, 112.66, 281.98, 281.87], [100.87, 33.86, 530.9, 391.91], [460.03, 1.17, 84.86, 144.69]]"
3380,/home/pi/sambashare/BacArbeit/cocoval2017/000000368335.jpg,3.1805584030007594,"['17: horse', '2: car', '2: car', '16: dog', '2: car', '2: car']","[17, 2, 2, 16, 2, 2]","[0.9273299, 0.9106696, 0.8730963, 0.83532023, 0.802211, 0.56411755]","[[150.9, 220.6, 114.38, 268.38], [268.4, 197.33, 141.81, 278.45], [1, 98.32, 111.28, 422.59], [1, 258.65, 56.75, 126.33], [71.35, 188.64, 85.54, 137.71], [249.02, 241.55, 56.87, 51.57]]"
3381,/home/pi/sambashare/BacArbeit/cocoval2017/000000098716.jpg,3.180545274999531,"['13: bench', '13: bench', '0: person', '0: person']","[13, 13, 0, 0]","[0.9092328, 0.8877963, 0.8760288, 0.87312293]","[[584.67, 143.67, 54.87, 130.85], [174.65, 174.33, 325.18, 141.43], [15.24, 153.92, 20.15, 37.31], [58.63, 156.72, 22.18, 33.62]]"
3382,/home/pi/sambashare/BacArbeit/cocoval2017/000000295138.jpg,3.1898274470004253,"['36: skateboard', '0: person', '36: skateboard', '0: person']","[36, 0, 36, 0]","[0.9300949, 0.8284245, 0.65678513, 0.64404]","[[174.05, 331.44, 213.85, 40.79], [161.4, 1.61, 253.62, 345.19], [154.35, 263.44, 20.98, 54.41], [139.75, 235.62, 51.97, 83.03]]"
3383,/home/pi/sambashare/BacArbeit/cocoval2017/000000578967.jpg,3.192343347998758,"['6: train', '0: person', '0: person', '0: person', '0: person']","[6, 0, 0, 0, 0]","[0.903711, 0.63457155, 0.40697148, 0.38856906, 0.36773947]","[[19.81, 168.31, 619.45, 299.84], [408.25, 174.31, 14.8, 6.9], [244.37, 288.7, 25.58, 16.94], [342.4, 289.01, 27.98, 21.3], [554.31, 284.37, 48.26, 35.72]]"
3384,/home/pi/sambashare/BacArbeit/cocoval2017/000000318138.jpg,3.170986233999429,"['65: remote', '0: person', '65: remote', '0: person', '0: person', '65: remote']","[65, 0, 65, 0, 0, 65]","[0.89901173, 0.7770949, 0.70779335, 0.68610424, 0.4620598, 0.37351185]","[[104.64, 466.55, 110.88, 110.55], [1, 4.44, 180.92, 630.17], [245.1, 343.66, 55.1, 50.82], [132.67, 44.08, 346.08, 595.92], [138.19, 73.92, 133.47, 419.54], [222.62, 343.68, 78.05, 123.48]]"
3385,/home/pi/sambashare/BacArbeit/cocoval2017/000000008844.jpg,3.185036418999516,"['46: banana', '0: person', '0: person', '46: banana']","[46, 0, 0, 46]","[0.8706831, 0.725577, 0.5129921, 0.3189778]","[[364.31, 245.32, 269.93, 148.81], [355.96, 56.35, 230.97, 229.96], [338.57, 187.54, 32.56, 60.71], [1.32, 111.76, 404.35, 314.24]]"
3386,/home/pi/sambashare/BacArbeit/cocoval2017/000000553339.jpg,3.176103775000229,"['9: traffic light', '9: traffic light']","[9, 9]","[0.40332118, 0.28663105]","[[78.38, 271.98, 3.86, 5.59], [66.03, 271.28, 3.99, 5.21]]"
3387,/home/pi/sambashare/BacArbeit/cocoval2017/000000235252.jpg,3.181523155000832,"['23: giraffe', '23: giraffe', '23: giraffe']","[23, 23, 23]","[0.8512997, 0.7784735, 0.6606419]","[[342.45, 157.51, 83.4, 122.52], [266.06, 161.99, 84.19, 126.48], [240.87, 157.19, 74.68, 129.12]]"
3388,/home/pi/sambashare/BacArbeit/cocoval2017/000000269314.jpg,3.1753274940001575,"['75: vase', '25: umbrella']","[75, 25]","[0.43876573, 0.4327746]","[[69.77, 389.71, 146.65, 90.21], [263.99, 1, 332.78, 226.05]]"
3389,/home/pi/sambashare/BacArbeit/cocoval2017/000000259382.jpg,3.175353291000647,['23: giraffe'],[23],[0.9610277],"[[135.16, 97.13, 280.37, 228.37]]"
3390,/home/pi/sambashare/BacArbeit/cocoval2017/000000552371.jpg,3.1821577089995117,"['17: horse', '0: person']","[17, 0]","[0.53501266, 0.4043941]","[[281.79, 1.79, 356.69, 423.34], [1.09, 324.15, 138.93, 101.16]]"
3391,/home/pi/sambashare/BacArbeit/cocoval2017/000000263644.jpg,3.1795996639993973,['59: bed'],[59],[0.27895215],"[[18.51, 13.63, 450.11, 569.17]]"
3392,/home/pi/sambashare/BacArbeit/cocoval2017/000000222118.jpg,3.1946898650003277,"['0: person', '26: handbag', '67: cell phone']","[0, 26, 67]","[0.82178944, 0.6029382, 0.3742768]","[[152.06, 132.07, 211.15, 294.81], [188.56, 300.63, 147.68, 125.85], [226.58, 194.62, 29.53, 24.86]]"
3393,/home/pi/sambashare/BacArbeit/cocoval2017/000000060835.jpg,3.1797999369991885,"['16: dog', '18: sheep']","[16, 18]","[0.89914674, 0.7399911]","[[208.14, 43.9, 300.83, 363.15], [1.24, 295.18, 361.93, 181.11]]"
3394,/home/pi/sambashare/BacArbeit/cocoval2017/000000165039.jpg,3.175519385998996,"['2: car', '5: bus', '2: car', '2: car', '2: car', '0: person', '0: person', '9: traffic light', '9: traffic light', '9: traffic light', '0: person', '9: traffic light', '9: traffic light', '2: car', '2: car', '0: person', '0: person']","[2, 5, 2, 2, 2, 0, 0, 9, 9, 9, 0, 9, 9, 2, 2, 0, 0]","[0.93610567, 0.91974366, 0.85049605, 0.81176907, 0.8017413, 0.6322784, 0.5907144, 0.58271515, 0.54706174, 0.5360024, 0.47724915, 0.4340083, 0.41253734, 0.40288296, 0.3475598, 0.27727288, 0.2539544]","[[381.83, 161.75, 183.38, 81.26], [90.78, 50.64, 311.96, 296.09], [1, 212.98, 22.88, 54.77], [607.49, 143.2, 32.2, 78.96], [10.26, 192.15, 40.12, 58.73], [542.95, 141.21, 17.37, 37.62], [481.42, 144.55, 14.36, 18.82], [437.27, 98.25, 13.17, 25.85], [538.97, 1, 41.75, 45.66], [415.67, 103.9, 15.54, 21.46], [533.03, 146.15, 14.63, 31.44], [9.08, 155.09, 7.61, 16.56], [355.53, 11.8, 25.27, 71.27], [40.5, 186.56, 70.55, 72.3], [1, 193.84, 29.85, 28.02], [463.29, 151.24, 11.9, 11.35], [456.44, 150.01, 7.88, 12.4]]"
3395,/home/pi/sambashare/BacArbeit/cocoval2017/000000034452.jpg,3.1983307620012056,"['0: person', '29: frisbee', '29: frisbee']","[0, 29, 29]","[0.9376147, 0.89891785, 0.84857154]","[[322.46, 180.29, 86.17, 133.96], [327.1, 249.87, 21.74, 12.83], [380.93, 247.37, 18.06, 23.24]]"
3396,/home/pi/sambashare/BacArbeit/cocoval2017/000000278848.jpg,3.185772224000175,"['2: car', '25: umbrella', '0: person', '0: person', '2: car', '0: person', '25: umbrella', '0: person', '25: umbrella', '2: car', '0: person', '2: car', '25: umbrella', '26: handbag', '26: handbag']","[2, 25, 0, 0, 2, 0, 25, 0, 25, 2, 0, 2, 25, 26, 26]","[0.91782516, 0.91165996, 0.911435, 0.89025927, 0.85011953, 0.84384304, 0.83296764, 0.80733186, 0.6645167, 0.60306114, 0.58177567, 0.5016346, 0.3525171, 0.30594215, 0.26949644]","[[437.26, 351.21, 41.54, 41.92], [251.34, 334.07, 166.69, 105.98], [165.27, 360.52, 74.99, 254.49], [81.38, 380.21, 104.37, 259.03], [403.6, 342.72, 34.69, 34.83], [295.15, 427.37, 68.59, 204.77], [280.72, 292.07, 144.95, 46.51], [353.66, 374.45, 85.07, 232.73], [101.79, 271.83, 177.24, 55.66], [431.45, 341.02, 22.89, 29.89], [21.79, 325.53, 36.72, 225.12], [469.92, 329.41, 9.95, 41.8], [102.69, 271.87, 176.12, 125.26], [415.05, 391.83, 23.92, 50.89], [98.62, 413.63, 43.67, 59.18]]"
3397,/home/pi/sambashare/BacArbeit/cocoval2017/000000172877.jpg,3.178973809999661,"['0: person', '27: tie', '56: chair', '39: bottle', '39: bottle', '56: chair', '39: bottle']","[0, 27, 56, 39, 39, 56, 39]","[0.90633124, 0.7495823, 0.72397435, 0.6890951, 0.6867139, 0.42522243, 0.37816533]","[[106.95, 62.26, 397.91, 417.74], [279.43, 187.19, 42.56, 171.17], [1, 286.13, 152.61, 192.34], [612.05, 94.81, 27.88, 67.81], [577.9, 121.22, 35.67, 51.15], [416.44, 297.83, 145.63, 180.9], [601.39, 100.57, 14.16, 47.29]]"
3398,/home/pi/sambashare/BacArbeit/cocoval2017/000000448076.jpg,3.172765576000529,"['0: person', '0: person', '0: person', '28: suitcase', '0: person', '0: person', '58: potted plant', '0: person', '62: tv', '58: potted plant', '65: remote', '26: handbag']","[0, 0, 0, 28, 0, 0, 58, 0, 62, 58, 65, 26]","[0.93003863, 0.9060903, 0.89022243, 0.88728297, 0.8463312, 0.83373016, 0.81155264, 0.8056097, 0.4950812, 0.42480192, 0.39050996, 0.37550995]","[[108.96, 167.88, 86.78, 228.48], [46.89, 171.65, 87.92, 290.54], [309.1, 169.76, 47.34, 178.72], [493.97, 334.62, 112.41, 93.0], [231.74, 177.7, 55.32, 169.27], [270.43, 179.7, 47.89, 181.76], [425.56, 182.13, 83.78, 64.47], [1, 182.71, 31.14, 177.94], [553.36, 69.51, 74.73, 111.34], [169.68, 183.5, 79.17, 156.79], [109.12, 282.69, 18.2, 8.11], [568.43, 309.11, 40.7, 58.91]]"
3399,/home/pi/sambashare/BacArbeit/cocoval2017/000000286458.jpg,3.1815218230003666,"['24: backpack', '28: suitcase', '28: suitcase', '28: suitcase', '28: suitcase']","[24, 28, 28, 28, 28]","[0.85422355, 0.71939176, 0.592715, 0.45070413, 0.340871]","[[24.48, 1.77, 103.5, 134.01], [348.0, 11.1, 106.58, 129.29], [125.59, 15.75, 186.76, 130.04], [53.72, 1.03, 250.04, 307.54], [317.48, 2.4, 136.04, 297.41]]"
3400,/home/pi/sambashare/BacArbeit/cocoval2017/000000361506.jpg,3.1851120720002655,"['0: person', '2: car', '9: traffic light', '36: skateboard', '9: traffic light']","[0, 2, 9, 36, 9]","[0.57981426, 0.54067415, 0.50359, 0.32590094, 0.27125674]","[[144.95, 1.65, 183.34, 199.27], [486.32, 261.41, 76.35, 22.88], [401.85, 169.61, 25.39, 25.46], [222.08, 134.3, 76.13, 67.38], [392.99, 222.54, 23.09, 32.87]]"
3401,/home/pi/sambashare/BacArbeit/cocoval2017/000000283717.jpg,3.1936233659998834,"['68: microwave', '73: book']","[68, 73]","[0.84933126, 0.2513887]","[[282.18, 139.7, 334.86, 197.02], [1, 357.3, 54.9, 30.58]]"
3402,/home/pi/sambashare/BacArbeit/cocoval2017/000000429281.jpg,3.199154427000394,"['46: banana', '46: banana', '46: banana', '46: banana', '46: banana', '46: banana', '46: banana', '2: car']","[46, 46, 46, 46, 46, 46, 46, 2]","[0.7073173, 0.5930021, 0.46476603, 0.46282893, 0.4451744, 0.3751028, 0.35294172, 0.32867807]","[[290.84, 274.92, 104.38, 112.23], [408.03, 291.03, 71.51, 97.15], [292.5, 171.08, 91.34, 89.8], [3.41, 100.85, 143.0, 107.77], [367.96, 157.44, 63.84, 107.52], [270.7, 224.36, 53.45, 73.2], [366.76, 238.36, 97.5, 109.02], [60.95, 131.76, 22.32, 12.13]]"
3403,/home/pi/sambashare/BacArbeit/cocoval2017/000000230450.jpg,3.197784075000527,"['12: parking meter', '12: parking meter', '12: parking meter', '12: parking meter', '9: traffic light', '9: traffic light', '0: person', '9: traffic light', '0: person']","[12, 12, 12, 12, 9, 9, 0, 9, 0]","[0.91423345, 0.9122483, 0.91124463, 0.8308508, 0.6774266, 0.31429282, 0.27489468, 0.26369178, 0.25442857]","[[132.37, 235.97, 53.59, 97.22], [417.7, 204.73, 221.14, 274.61], [180.58, 228.74, 80.4, 174.65], [103.26, 237.47, 32.58, 52.6], [302.55, 172.0, 9.24, 19.71], [396.0, 227.58, 8.3, 14.29], [363.69, 244.65, 30.82, 19.77], [5.82, 162.5, 10.98, 17.3], [453.63, 241.55, 10.6, 22.48]]"
3404,/home/pi/sambashare/BacArbeit/cocoval2017/000000132544.jpg,3.169455734998337,"['0: person', '0: person', '0: person', '0: person', '34: baseball bat', '0: person', '0: person', '0: person', '0: person']","[0, 0, 0, 0, 34, 0, 0, 0, 0]","[0.9351214, 0.8665957, 0.84700423, 0.81256014, 0.771231, 0.6065844, 0.32844168, 0.30889952, 0.27963722]","[[12.03, 12.79, 172.73, 392.26], [331.46, 147.72, 126.86, 201.75], [438.89, 73.23, 188.28, 288.9], [240.43, 196.83, 59.41, 58.57], [380.5, 194.27, 106.04, 26.03], [304.43, 147.91, 72.2, 106.47], [577.12, 1, 62.82, 107.99], [288.29, 71.37, 167.39, 130.09], [297.12, 193.29, 56.28, 61.9]]"
3405,/home/pi/sambashare/BacArbeit/cocoval2017/000000390246.jpg,3.189908796999589,"['0: person', '37: surfboard']","[0, 37]","[0.8234747, 0.8137085]","[[342.38, 146.88, 88.35, 78.44], [283.04, 157.59, 69.55, 34.89]]"
3406,/home/pi/sambashare/BacArbeit/cocoval2017/000000003255.jpg,3.1817227530009404,"['17: horse', '0: person']","[17, 0]","[0.42505074, 0.2754711]","[[1, 125.97, 634.76, 230.28], [295.69, 313.31, 22.63, 38.87]]"
3407,/home/pi/sambashare/BacArbeit/cocoval2017/000000227482.jpg,3.1905509780008288,"['0: person', '29: frisbee']","[0, 29]","[0.9415015, 0.9379936]","[[73.52, 123.78, 338.06, 356.22], [102.7, 333.87, 140.9, 74.39]]"
3408,/home/pi/sambashare/BacArbeit/cocoval2017/000000301061.jpg,3.1879697869990196,"['0: person', '20: elephant']","[0, 20]","[0.804009, 0.3285036]","[[1, 290.43, 75.42, 311.38], [125.96, 141.72, 354.04, 493.99]]"
3409,/home/pi/sambashare/BacArbeit/cocoval2017/000000235241.jpg,3.1823434549987724,"['29: frisbee', '0: person', '0: person', '0: person', '25: umbrella', '0: person', '0: person']","[29, 0, 0, 0, 25, 0, 0]","[0.9285977, 0.9099325, 0.90280247, 0.7919822, 0.5671716, 0.52717817, 0.3276943]","[[440.21, 61.45, 128.79, 110.19], [41.38, 44.7, 151.55, 382.3], [188.28, 72.83, 388.91, 351.29], [514.29, 326.57, 83.41, 100.31], [345.35, 299.41, 192.9, 88.93], [590.23, 377.78, 49.39, 48.91], [435.84, 382.47, 45.39, 44.5]]"
3410,/home/pi/sambashare/BacArbeit/cocoval2017/000000322429.jpg,3.1827291259996855,"['75: vase', '75: vase', '45: bowl', '45: bowl', '75: vase', '41: cup', '45: bowl', '75: vase', '41: cup', '75: vase', '45: bowl', '45: bowl', '75: vase', '45: bowl', '75: vase', '45: bowl', '45: bowl', '45: bowl', '75: vase', '45: bowl', '45: bowl', '45: bowl']","[75, 75, 45, 45, 75, 41, 45, 75, 41, 75, 45, 45, 75, 45, 75, 45, 45, 45, 75, 45, 45, 45]","[0.88882494, 0.82954866, 0.824281, 0.8105649, 0.79412127, 0.792997, 0.77969235, 0.7447706, 0.7385543, 0.7352817, 0.7265499, 0.71922445, 0.6687745, 0.52880615, 0.5140891, 0.50358623, 0.45364022, 0.44966018, 0.42469868, 0.37530044, 0.32456172, 0.32323307]","[[247.69, 512.6, 87.32, 109.29], [15.58, 469.33, 93.09, 145.94], [364.78, 50.68, 75.84, 84.79], [120.81, 184.87, 48.88, 44.86], [88.45, 506.77, 89.83, 90.58], [18.98, 195.83, 53.7, 36.32], [260.6, 161.92, 71.88, 52.97], [312.77, 308.7, 120.82, 116.28], [380.04, 163.78, 52.66, 58.43], [174.71, 457.08, 76.39, 111.6], [222.93, 338.15, 116.31, 98.08], [369.86, 472.38, 56.89, 74.92], [303.38, 69.28, 64.63, 76.79], [73.99, 185.67, 54.99, 45.39], [111.66, 549.1, 112.76, 61.77], [151.51, 375.33, 79.39, 67.14], [37.01, 75.44, 162.44, 59.07], [343.91, 521.88, 94.09, 96.73], [274.98, 473.35, 56.2, 44.3], [346.95, 405.09, 86.62, 35.98], [329.73, 187.44, 41.42, 37.52], [206.11, 88.28, 88.97, 55.82]]"
3411,/home/pi/sambashare/BacArbeit/cocoval2017/000000516804.jpg,3.1826983139999356,"['5: bus', '5: bus']","[5, 5]","[0.9054433, 0.8995149]","[[182.81, 441.58, 66.68, 32.3], [261.09, 440.58, 61.49, 35.47]]"
3412,/home/pi/sambashare/BacArbeit/cocoval2017/000000008629.jpg,3.1890335839998443,"['55: cake', '53: pizza', '55: cake', '43: knife', '55: cake', '55: cake', '42: fork', '55: cake', '44: spoon']","[55, 53, 55, 43, 55, 55, 42, 55, 44]","[0.8282408, 0.8140467, 0.810547, 0.743899, 0.6359116, 0.5871072, 0.4608462, 0.4574786, 0.25895375]","[[228.16, 430.19, 187.11, 187.5], [19.81, 20.22, 391.58, 350.3], [429.46, 234.32, 189.26, 176.33], [429.2, 225.33, 133.67, 34.89], [43.78, 432.4, 146.83, 169.75], [431.35, 429.77, 176.65, 150.78], [592.64, 284.27, 28.15, 86.1], [428.13, 19.16, 193.66, 168.98], [19.74, 448.86, 28.78, 46.79]]"
3413,/home/pi/sambashare/BacArbeit/cocoval2017/000000151480.jpg,3.177716476999194,"['0: person', '0: person', '0: person', '0: person', '0: person', '0: person', '24: backpack', '0: person', '35: baseball glove', '0: person', '24: backpack', '0: person', '0: person', '0: person', '35: baseball glove', '0: person', '0: person', '0: person', '0: person', '0: person', '0: person', '0: person', '0: person', '0: person', '0: person', '0: person']","[0, 0, 0, 0, 0, 0, 24, 0, 35, 0, 24, 0, 0, 0, 35, 0, 0, 0, 0, 0, 0, 0, 0, 0, 0, 0]","[0.9225016, 0.823188, 0.820057, 0.81176394, 0.7895311, 0.7168639, 0.71659774, 0.630564, 0.6300045, 0.53239185, 0.5190942, 0.51070726, 0.4130974, 0.37311623, 0.35582903, 0.33589035, 0.33015013, 0.3248979, 0.30603397, 0.29074922, 0.27923965, 0.27839065, 0.27334064, 0.266228, 0.25771853, 0.25098392]","[[378.0, 187.5, 58.71, 128.75], [167.86, 175.56, 48.71, 143.71], [254.19, 183.88, 60.58, 144.49], [204.52, 172.64, 46.58, 141.83], [297.22, 181.17, 42.08, 133.16], [596.8, 82.49, 30.43, 41.76], [179.1, 198.92, 34.73, 44.75], [409.96, 67.64, 29.3, 54.99], [376.29, 249.39, 17.7, 14.9], [369.91, 31.65, 42.57, 89.77], [259.44, 205.48, 25.25, 53.26], [250.67, 180.98, 36.83, 81.29], [1, 35.08, 18.77, 35.08], [310.81, 68.44, 24.74, 52.39], [249.87, 254.11, 18.06, 20.85], [624.64, 50.11, 15.01, 27.69], [64.1, 39.57, 30.52, 31.35], [30.91, 39.84, 29.07, 30.89], [477.18, 47.69, 25.06, 30.22], [353.37, 41.88, 26.99, 78.67], [544.03, 45.55, 30.07, 32.85], [235.85, 44.56, 24.13, 71.51], [210.24, 46.9, 22.0, 26.47], [516.5, 49.95, 23.7, 27.25], [29.59, 38.38, 31.96, 75.02], [517.04, 49.24, 25.05, 68.59]]"
3414,/home/pi/sambashare/BacArbeit/cocoval2017/000000575970.jpg,3.1878218010006094,"['56: chair', '56: chair', '56: chair', '75: vase', '68: microwave', '72: refrigerator', '45: bowl', '45: bowl', '45: bowl', '45: bowl', '41: cup', '41: cup', '41: cup', '41: cup', '41: cup', '41: cup', '60: dining table', '41: cup', '41: cup', '41: cup', '41: cup', '41: cup', '41: cup', '44: spoon', '45: bowl', '41: cup', '44: spoon', '41: cup', '45: bowl', '41: cup', '43: knife', '41: cup']","[56, 56, 56, 75, 68, 72, 45, 45, 45, 45, 41, 41, 41, 41, 41, 41, 60, 41, 41, 41, 41, 41, 41, 44, 45, 41, 44, 41, 45, 41, 43, 41]","[0.920277, 0.91580606, 0.9152761, 0.8271873, 0.7958733, 0.7642562, 0.7242291, 0.6686095, 0.6380508, 0.6208748, 0.5759878, 0.55822736, 0.5162678, 0.4915504, 0.42287445, 0.42266858, 0.4139837, 0.41155192, 0.38977832, 0.36935002, 0.35921338, 0.35082942, 0.328987, 0.3279133, 0.32724094, 0.32610536, 0.3152741, 0.31289914, 0.3044445, 0.30025643, 0.28987, 0.27571902]","[[278.61, 310.62, 105.17, 168.12], [425.48, 308.39, 116.35, 166.16], [543.1, 300.35, 96.77, 167.94], [300.14, 247.39, 24.1, 31.22], [474.77, 203.03, 56.82, 32.04], [3.3, 112.89, 86.18, 363.77], [337.89, 258.66, 46.52, 25.57], [482.44, 110.34, 21.41, 15.1], [428.55, 86.58, 35.13, 9.59], [504.68, 137.49, 21.67, 14.77], [516.92, 168.67, 13.65, 12.34], [250.54, 167.28, 16.84, 11.7], [452.68, 114.4, 21.11, 10.11], [509.77, 113.35, 19.46, 12.69], [500.07, 168.32, 17.27, 12.87], [435.82, 165.22, 14.78, 15.05], [238.3, 254.05, 401.59, 205.1], [427.12, 113.64, 20.67, 10.86], [448.74, 140.59, 16.97, 10.52], [479.87, 137.57, 20.72, 13.62], [420.8, 164.27, 15.85, 15.94], [285.79, 138.26, 10.57, 9.38], [453.11, 165.66, 14.73, 14.94], [479.05, 233.3, 11.98, 17.45], [480.66, 87.98, 36.72, 10.21], [427.05, 164.61, 16.45, 15.66], [490.32, 233.42, 16.27, 15.03], [470.91, 249.83, 22.9, 31.4], [408.07, 257.41, 31.3, 25.18], [239.93, 167.3, 9.59, 12.02], [468.45, 225.85, 11.74, 25.09], [417.16, 164.37, 11.81, 15.62]]"
3415,/home/pi/sambashare/BacArbeit/cocoval2017/000000256775.jpg,3.1873747469999216,"['0: person', '33: kite', '0: person', '0: person', '0: person', '0: person', '0: person', '0: person', '0: person', '0: person']","[0, 33, 0, 0, 0, 0, 0, 0, 0, 0]","[0.92376316, 0.91727114, 0.87214077, 0.8486022, 0.81268626, 0.8096287, 0.7688924, 0.7550986, 0.57477266, 0.4260698]","[[377.15, 315.42, 37.72, 97.45], [497.55, 15.05, 118.67, 174.79], [452.87, 305.7, 55.6, 130.61], [392.84, 272.92, 8.7, 20.55], [224.15, 289.93, 12.89, 18.83], [284.66, 272.87, 9.5, 25.86], [275.37, 274.1, 9.61, 24.95], [477.83, 273.45, 32.77, 112.62], [1, 204.02, 25.56, 121.63], [274.13, 273.43, 21.28, 25.0]]"
3416,/home/pi/sambashare/BacArbeit/cocoval2017/000000507893.jpg,3.1911094330007472,"['61: toilet', '71: sink']","[61, 71]","[0.84062976, 0.5820799]","[[294.3, 555.89, 95.4, 83.7], [298.15, 391.67, 90.54, 22.39]]"
3417,/home/pi/sambashare/BacArbeit/cocoval2017/000000562207.jpg,3.192405753999992,"['20: elephant', '0: person', '0: person', '0: person', '34: baseball bat']","[20, 0, 0, 0, 34]","[0.9432277, 0.91476697, 0.90300196, 0.8984883, 0.29922393]","[[209.48, 67.15, 202.79, 348.9], [179.63, 200.86, 91.54, 214.23], [371.21, 199.74, 54.64, 169.54], [105.45, 194.92, 81.81, 229.43], [561.98, 388.87, 75.17, 34.96]]"
3418,/home/pi/sambashare/BacArbeit/cocoval2017/000000467848.jpg,3.1826275500006886,"['0: person', '7: truck', '7: truck', '7: truck', '0: person']","[0, 7, 7, 7, 0]","[0.92892903, 0.8593731, 0.46034038, 0.2961727, 0.26565957]","[[578.05, 298.62, 51.18, 116.6], [17.61, 286.09, 238.35, 100.61], [210.7, 217.65, 395.17, 209.18], [244.7, 216.52, 247.14, 147.16], [113.46, 274.49, 12.82, 11.55]]"
3419,/home/pi/sambashare/BacArbeit/cocoval2017/000000025424.jpg,3.1885456500003784,"['38: tennis racket', '0: person', '32: sports ball']","[38, 0, 32]","[0.8944954, 0.86601055, 0.75277925]","[[290.1, 127.62, 119.35, 146.25], [127.19, 242.25, 183.55, 397.37], [382.53, 37.36, 31.97, 18.97]]"
3420,/home/pi/sambashare/BacArbeit/cocoval2017/000000163640.jpg,3.183709158000056,"['0: person', '0: person', '45: bowl', '0: person', '44: spoon']","[0, 0, 45, 0, 44]","[0.9455226, 0.9165111, 0.9071667, 0.8624911, 0.31072474]","[[446.21, 136.78, 161.62, 320.01], [87.95, 133.43, 200.39, 321.09], [250.47, 275.51, 116.58, 44.19], [303.33, 162.13, 79.11, 148.41], [259.39, 245.39, 32.46, 34.67]]"
3421,/home/pi/sambashare/BacArbeit/cocoval2017/000000121497.jpg,3.1951911299984204,"['39: bottle', '0: person', '0: person', '0: person', '41: cup', '0: person', '0: person', '60: dining table', '41: cup', '0: person', '0: person', '0: person']","[39, 0, 0, 0, 41, 0, 0, 60, 41, 0, 0, 0]","[0.83927613, 0.7352224, 0.4779019, 0.46975994, 0.38841578, 0.3825578, 0.3203048, 0.3107668, 0.3078407, 0.30644467, 0.30446017, 0.2714127]","[[75.28, 314.41, 63.93, 103.82], [561.86, 46.71, 77.71, 386.28], [23.27, 155.44, 171.36, 291.36], [45.69, 232.75, 112.47, 133.96], [629.1, 390.37, 10.76, 45.65], [1.7, 1, 262.45, 470.96], [546.92, 260.76, 48.26, 46.42], [71.35, 401.36, 568.19, 75.06], [578.34, 357.87, 19.87, 25.36], [180.08, 126.48, 92.79, 98.33], [352.94, 52.34, 124.0, 226.2], [135.18, 126.68, 137.22, 164.27]]"
3422,/home/pi/sambashare/BacArbeit/cocoval2017/000000328337.jpg,3.1767473070012784,"['0: person', '29: frisbee']","[0, 29]","[0.94313425, 0.4318359]","[[64.92, 36.93, 328.1, 387.04], [127.8, 33.73, 138.06, 133.51]]"
3423,/home/pi/sambashare/BacArbeit/cocoval2017/000000088485.jpg,3.1801589870010503,"['29: frisbee', '0: person']","[29, 0]","[0.94066095, 0.86929935]","[[170.64, 264.38, 115.62, 86.91], [179.9, 1, 244.11, 425.58]]"
3424,/home/pi/sambashare/BacArbeit/cocoval2017/000000179642.jpg,3.201413037000748,"['56: chair', '39: bottle', '0: person', '38: tennis racket', '56: chair', '39: bottle', '0: person', '0: person', '0: person', '0: person', '0: person', '38: tennis racket', '56: chair', '0: person', '0: person', '38: tennis racket', '25: umbrella', '0: person', '56: chair']","[56, 39, 0, 38, 56, 39, 0, 0, 0, 0, 0, 38, 56, 0, 0, 38, 25, 0, 56]","[0.8745233, 0.8690223, 0.82073206, 0.7888423, 0.78783685, 0.7876053, 0.7546254, 0.70901376, 0.68172944, 0.6768181, 0.6565341, 0.6237283, 0.5698959, 0.5286964, 0.49357772, 0.3419583, 0.33734566, 0.30842263, 0.28184897]","[[189.64, 202.47, 174.04, 224.29], [228.54, 382.52, 19.46, 43.86], [1, 23.71, 98.25, 399.39], [124.97, 262.21, 110.27, 164.74], [1, 1, 80.71, 50.56], [246.84, 386.83, 20.71, 39.94], [209.38, 1, 75.96, 64.46], [494.12, 1, 108.1, 78.12], [109.99, 8.29, 118.74, 413.66], [274.16, 1, 100.19, 64.75], [383.95, 1, 115.65, 72.47], [419.46, 184.81, 175.46, 151.72], [83.8, 1, 40.59, 52.93], [159.69, 12.07, 241.18, 411.86], [317.52, 12.27, 62.67, 56.8], [371.0, 87.91, 120.45, 127.61], [535.52, 362.86, 103.95, 63.84], [384.8, 386.01, 97.62, 40.94], [395.19, 235.9, 191.17, 189.35]]"
3425,/home/pi/sambashare/BacArbeit/cocoval2017/000000194940.jpg,3.1887346699986665,"['45: bowl', '45: bowl', '45: bowl', '41: cup', '41: cup']","[45, 45, 45, 41, 41]","[0.93450856, 0.92615044, 0.902508, 0.67459553, 0.4834589]","[[281.99, 71.75, 146.04, 136.94], [152.13, 138.05, 146.17, 153.96], [301.03, 206.38, 135.4, 133.47], [15.86, 1, 190.75, 169.4], [198.97, 1.02, 100.76, 95.39]]"
3426,/home/pi/sambashare/BacArbeit/cocoval2017/000000572408.jpg,3.1855050579997624,"['16: dog', '18: sheep', '0: person']","[16, 18, 0]","[0.8185069, 0.49608693, 0.32065785]","[[99.4, 245.98, 196.87, 224.57], [36.42, 444.24, 211.47, 94.87], [393.45, 629.5, 20.73, 10.3]]"
3427,/home/pi/sambashare/BacArbeit/cocoval2017/000000029984.jpg,3.1777131459984957,"['56: chair', '0: person', '0: person', '0: person', '56: chair', '0: person', '25: umbrella']","[56, 0, 0, 0, 56, 0, 25]","[0.8978209, 0.8798825, 0.858667, 0.83486897, 0.7773238, 0.7637535, 0.49375072]","[[399.99, 290.81, 108.74, 143.98], [221.29, 208.23, 41.61, 43.46], [330.13, 156.53, 28.68, 42.98], [127.39, 216.35, 53.95, 42.3], [255.61, 292.09, 150.93, 147.37], [281.63, 175.38, 20.57, 25.29], [321.52, 166.42, 295.09, 216.45]]"
3428,/home/pi/sambashare/BacArbeit/cocoval2017/000000415716.jpg,3.1913013310004317,"['56: chair', '56: chair', '75: vase', '56: chair', '58: potted plant', '62: tv']","[56, 56, 75, 56, 58, 62]","[0.9251659, 0.90071607, 0.8639305, 0.84155345, 0.5653109, 0.35374442]","[[362.03, 285.57, 186.87, 193.43], [1, 380.43, 246.1, 98.47], [276.74, 227.09, 44.37, 67.79], [1, 333.77, 92.16, 73.98], [221.97, 145.64, 151.59, 149.22], [160.85, 170.24, 61.43, 96.71]]"
3429,/home/pi/sambashare/BacArbeit/cocoval2017/000000479248.jpg,3.1684539589987253,"['75: vase', '75: vase', '62: tv', '75: vase', '75: vase', '75: vase', '75: vase', '74: clock', '75: vase', '75: vase', '75: vase', '75: vase', '75: vase', '75: vase', '75: vase', '0: person', '75: vase', '75: vase', '39: bottle', '0: person', '56: chair', '75: vase', '75: vase']","[75, 75, 62, 75, 75, 75, 75, 74, 75, 75, 75, 75, 75, 75, 75, 0, 75, 75, 39, 0, 56, 75, 75]","[0.9171623, 0.9114872, 0.8644397, 0.8312273, 0.7863269, 0.7740674, 0.7595852, 0.7320464, 0.6933221, 0.63414586, 0.5646072, 0.54237336, 0.53030616, 0.52951145, 0.5287161, 0.5198687, 0.47418696, 0.46366134, 0.4629302, 0.43187377, 0.3317208, 0.31511748, 0.2666142]","[[384.7, 291.13, 34.28, 50.31], [115.75, 285.9, 35.17, 50.42], [164.75, 157.61, 243.39, 142.62], [185.86, 295.98, 21.22, 40.14], [421.92, 292.34, 33.22, 49.34], [354.53, 319.19, 27.92, 23.1], [227.41, 300.55, 35.23, 38.52], [490.65, 372.99, 35.47, 36.4], [464.31, 388.75, 26.71, 41.2], [570.85, 263.28, 33.93, 43.91], [206.56, 309.17, 21.3, 29.5], [135.69, 351.8, 18.67, 43.28], [471.18, 267.99, 66.23, 55.96], [152.31, 310.34, 18.67, 25.26], [261.19, 308.37, 17.05, 32.83], [187.6, 198.75, 122.67, 84.06], [312.04, 302.05, 39.51, 39.69], [581.25, 192.62, 58.66, 93.13], [48.1, 373.21, 36.55, 48.6], [302.3, 182.26, 95.5, 101.58], [602.86, 322.34, 36.69, 157.28], [528.25, 393.53, 28.42, 38.02], [468.43, 299.12, 19.5, 24.87]]"
3430,/home/pi/sambashare/BacArbeit/cocoval2017/000000146489.jpg,3.194202848999339,"['40: wine glass', '39: bottle', '40: wine glass', '56: chair']","[40, 39, 40, 56]","[0.92014426, 0.9041423, 0.6474719, 0.410183]","[[1, 81.72, 201.56, 327.67], [178.25, 1.66, 115.34, 312.58], [71.03, 3.07, 125.67, 194.71], [270.85, 1, 76.61, 58.59]]"
3431,/home/pi/sambashare/BacArbeit/cocoval2017/000000407650.jpg,3.1877297360006196,"['31: snowboard', '0: person']","[31, 0]","[0.9167695, 0.8891627]","[[266.61, 276.4, 96.09, 25.67], [283.26, 210.2, 75.59, 84.38]]"
3432,/home/pi/sambashare/BacArbeit/cocoval2017/000000215644.jpg,3.1980410520009173,"['68: microwave', '28: suitcase', '39: bottle', '25: umbrella', '44: spoon', '43: knife']","[68, 28, 39, 25, 44, 43]","[0.8776368, 0.8234668, 0.6057669, 0.52390516, 0.35681337, 0.3180796]","[[210.25, 213.67, 245.63, 140.06], [129.37, 422.02, 79.62, 57.79], [623.08, 431.62, 16.58, 48.38], [2.39, 433.77, 130.66, 46.05], [514.96, 386.31, 56.43, 41.74], [488.1, 409.2, 10.84, 27.85]]"
3433,/home/pi/sambashare/BacArbeit/cocoval2017/000000019109.jpg,3.184653750000507,"['3: motorcycle', '3: motorcycle', '3: motorcycle', '3: motorcycle', '3: motorcycle', '3: motorcycle', '3: motorcycle', '0: person', '3: motorcycle', '3: motorcycle', '0: person', '3: motorcycle', '3: motorcycle', '3: motorcycle', '0: person', '3: motorcycle', '0: person', '0: person', '0: person', '0: person', '0: person', '0: person', '3: motorcycle']","[3, 3, 3, 3, 3, 3, 3, 0, 3, 3, 0, 3, 3, 3, 0, 3, 0, 0, 0, 0, 0, 0, 3]","[0.8981923, 0.8337604, 0.8185507, 0.81682825, 0.78119516, 0.7773759, 0.75982195, 0.75812846, 0.7568188, 0.7064416, 0.66024804, 0.6536784, 0.6528465, 0.64964515, 0.649485, 0.61516905, 0.5296622, 0.47831887, 0.4634389, 0.45887128, 0.43624732, 0.37248233, 0.36115912]","[[181.09, 255.65, 139.27, 108.29], [84.11, 253.55, 71.5, 131.15], [314.63, 252.47, 61.74, 100.56], [140.68, 259.12, 51.04, 118.95], [385.99, 247.99, 77.31, 95.73], [14.43, 273.74, 84.61, 119.44], [347.67, 256.54, 58.63, 92.24], [551.5, 227.68, 28.91, 34.63], [458.7, 250.79, 66.24, 85.8], [560.96, 249.31, 55.36, 73.81], [40.15, 223.98, 39.01, 59.14], [503.14, 254.63, 42.66, 76.87], [284.93, 267.71, 56.01, 82.09], [438.56, 248.24, 52.94, 91.02], [5.05, 218.52, 24.8, 43.56], [523.57, 238.27, 56.27, 89.58], [1, 237.31, 22.17, 161.87], [595.79, 221.0, 15.94, 38.22], [285.08, 212.75, 17.82, 57.42], [361.26, 227.11, 28.94, 50.91], [348.26, 228.71, 24.51, 43.05], [540.02, 232.41, 15.46, 17.13], [593.43, 254.73, 44.07, 61.54]]"
3434,/home/pi/sambashare/BacArbeit/cocoval2017/000000531495.jpg,3.192307225001059,"['8: boat', '8: boat', '8: boat', '8: boat', '8: boat', '8: boat', '8: boat']","[8, 8, 8, 8, 8, 8, 8]","[0.4017946, 0.34094822, 0.3170468, 0.299238, 0.285683, 0.28090304, 0.2660393]","[[408.6, 197.97, 36.93, 11.49], [72.07, 124.74, 146.28, 224.45], [233.77, 146.75, 67.06, 102.9], [465.22, 215.96, 173.48, 43.59], [231.76, 232.17, 68.21, 17.15], [443.13, 200.03, 38.14, 12.74], [498.18, 201.29, 43.89, 10.76]]"
3435,/home/pi/sambashare/BacArbeit/cocoval2017/000000323151.jpg,3.1767875449986605,"['41: cup', '56: chair', '55: cake', '56: chair', '41: cup']","[41, 56, 55, 56, 41]","[0.9323145, 0.7528682, 0.72205067, 0.30338973, 0.28061244]","[[377.36, 12.71, 102.13, 268.8], [223.0, 1, 106.78, 40.76], [7.44, 246.32, 441.39, 312.13], [1, 1, 42.51, 46.23], [332.1, 1, 145.52, 165.59]]"
3436,/home/pi/sambashare/BacArbeit/cocoval2017/000000060449.jpg,3.175107686998672,"['63: laptop', '59: bed', '56: chair', '60: dining table', '60: dining table', '56: chair']","[63, 59, 56, 60, 60, 56]","[0.9298211, 0.7985073, 0.7860425, 0.41484067, 0.40353754, 0.3272872]","[[43.77, 341.95, 214.6, 128.73], [364.51, 513.83, 114.99, 124.59], [1, 522.31, 41.72, 117.11], [1, 419.01, 261.98, 220.98], [1, 414.8, 260.9, 81.95], [66.5, 297.63, 55.32, 53.54]]"
3437,/home/pi/sambashare/BacArbeit/cocoval2017/000000530624.jpg,3.176844694000465,"['16: dog', '59: bed']","[16, 59]","[0.49797255, 0.31520337]","[[99.88, 101.88, 530.54, 200.77], [6.77, 1, 633.12, 477]]"
3438,/home/pi/sambashare/BacArbeit/cocoval2017/000000212226.jpg,3.1680207469999004,"['0: person', '6: train', '71: sink']","[0, 6, 71]","[0.6720694, 0.4258883, 0.31557566]","[[232.72, 95.68, 166.67, 173.67], [4.77, 3.01, 492.44, 330.71], [109.12, 269.18, 54.18, 47.66]]"
3439,/home/pi/sambashare/BacArbeit/cocoval2017/000000124442.jpg,3.177145980000205,"['33: kite', '0: person']","[33, 0]","[0.8774297, 0.86852264]","[[117.82, 179.3, 75.11, 87.71], [194.15, 169.22, 89.91, 212.42]]"
3440,/home/pi/sambashare/BacArbeit/cocoval2017/000000229997.jpg,3.18565855199995,"['21: bear', '14: bird', '14: bird', '14: bird', '14: bird', '14: bird']","[21, 14, 14, 14, 14, 14]","[0.9268102, 0.9230166, 0.90323365, 0.90293264, 0.895253, 0.8917365]","[[195.79, 117.22, 236.24, 187.99], [413.84, 310.69, 144.16, 85.05], [131.95, 61.59, 64.97, 103.57], [220.91, 41.41, 95.36, 86.63], [273.06, 291.11, 108.13, 110.35], [1, 261.86, 95.5, 92.13]]"
3441,/home/pi/sambashare/BacArbeit/cocoval2017/000000545730.jpg,3.1953958529993542,"['22: zebra', '22: zebra', '22: zebra', '22: zebra', '22: zebra', '22: zebra', '22: zebra', '22: zebra', '8: boat', '22: zebra']","[22, 22, 22, 22, 22, 22, 22, 22, 8, 22]","[0.92929035, 0.9279844, 0.9132254, 0.91290075, 0.83756745, 0.8287399, 0.7350992, 0.71205866, 0.5652926, 0.35330933]","[[396.49, 291.02, 83.9, 50.59], [558.8, 281.0, 75.07, 49.78], [164.53, 310.12, 77.09, 51.49], [235.88, 302.69, 82.82, 50.67], [1, 348.37, 69.08, 51.73], [109.54, 312.57, 61.43, 54.39], [1, 325.83, 53.62, 23.59], [79.62, 345.21, 61.76, 47.97], [394.69, 145.77, 20.34, 11.81], [17.99, 343.18, 70.83, 45.46]]"
3442,/home/pi/sambashare/BacArbeit/cocoval2017/000000573626.jpg,3.1963135589994636,"['14: bird', '20: elephant', '20: elephant']","[14, 20, 20]","[0.6223428, 0.47020975, 0.33282128]","[[284.11, 147.74, 31.6, 56.19], [40.21, 211.01, 65.27, 41.36], [181.4, 130.8, 59.77, 54.43]]"
3443,/home/pi/sambashare/BacArbeit/cocoval2017/000000344611.jpg,3.1908830529991974,['13: bench'],[13],[0.49612075],"[[1, 188.77, 32.58, 17.98]]"
3444,/home/pi/sambashare/BacArbeit/cocoval2017/000000558854.jpg,3.1871784039994964,"['45: bowl', '41: cup', '44: spoon', '48: sandwich', '48: sandwich', '41: cup', '56: chair', '0: person', '56: chair', '60: dining table', '44: spoon']","[45, 41, 44, 48, 48, 41, 56, 0, 56, 60, 44]","[0.9524565, 0.94254136, 0.90236956, 0.73900163, 0.68249327, 0.522761, 0.50473744, 0.4993605, 0.4496379, 0.42125267, 0.37206313]","[[8.56, 144.94, 221.18, 166.8], [356.86, 11.29, 142.14, 187.1], [1, 136.31, 82.4, 54.41], [222.0, 189.5, 186.28, 162.81], [176.15, 19.89, 138.1, 75.45], [433.21, 1, 66.64, 80.7], [85.67, 1, 26.21, 41.17], [104.25, 1, 323.56, 41.92], [1, 1, 31.17, 95.84], [2.99, 26.53, 496.83, 345.58], [426.96, 1, 42.82, 58.17]]"
3445,/home/pi/sambashare/BacArbeit/cocoval2017/000000147725.jpg,3.1658018989983248,"['2: car', '5: bus', '2: car', '2: car', '0: person', '2: car', '0: person']","[2, 5, 2, 2, 0, 2, 0]","[0.94722515, 0.9176392, 0.8405692, 0.80220693, 0.56790733, 0.53794575, 0.38740516]","[[402.95, 173.1, 175.64, 92.2], [151.65, 111.84, 231.79, 145.87], [71.49, 170.48, 78.08, 95.3], [538.75, 182.71, 67.21, 43.72], [606.21, 182.88, 10.8, 28.13], [129.54, 179.99, 25.69, 36.15], [311.84, 155.82, 39.55, 25.94]]"
3446,/home/pi/sambashare/BacArbeit/cocoval2017/000000049761.jpg,3.1904745159990853,"['22: zebra', '22: zebra', '22: zebra', '22: zebra']","[22, 22, 22, 22]","[0.92234385, 0.919747, 0.9117017, 0.9109181]","[[517.57, 233.23, 57.23, 56.04], [344.72, 248.94, 82.53, 41.89], [261.94, 242.96, 88.65, 50.01], [129.69, 248.6, 84.02, 48.68]]"
3447,/home/pi/sambashare/BacArbeit/cocoval2017/000000106912.jpg,3.1821215899999515,"['0: person', '36: skateboard']","[0, 36]","[0.9212376, 0.8191734]","[[235.83, 232.02, 47.58, 165.85], [216.84, 384.33, 73.2, 22.39]]"
3448,/home/pi/sambashare/BacArbeit/cocoval2017/000000375078.jpg,3.1900082409993047,['75: vase'],[75],[0.9198245],"[[206.64, 210.64, 81.54, 427.26]]"
3449,/home/pi/sambashare/BacArbeit/cocoval2017/000000567640.jpg,3.19438951399934,"['32: sports ball', '0: person', '0: person', '0: person', '2: car', '0: person', '0: person', '0: person', '0: person', '0: person', '2: car', '0: person', '0: person']","[32, 0, 0, 0, 2, 0, 0, 0, 0, 0, 2, 0, 0]","[0.93664765, 0.9299525, 0.9039802, 0.849192, 0.807098, 0.6825615, 0.6779926, 0.6095334, 0.50824344, 0.5039215, 0.4786203, 0.436765, 0.30034342]","[[560.43, 351.57, 50.52, 50.41], [286.31, 45.03, 202.75, 330.13], [1, 77.34, 190.96, 302.69], [153.76, 72.08, 184.67, 325.13], [304.46, 57.63, 101.82, 73.11], [1, 115.04, 47.96, 150.96], [23.62, 58.3, 42.3, 98.23], [136.96, 59.45, 127.32, 278.59], [151.46, 53.0, 66.89, 97.95], [338.39, 6.2, 19.93, 26.36], [138.44, 1, 35.28, 11.49], [1, 75.26, 8.23, 46.57], [1, 248.82, 66.27, 128.49]]"
3450,/home/pi/sambashare/BacArbeit/cocoval2017/000000293300.jpg,3.206259823000437,"['18: sheep', '20: elephant', '20: elephant']","[18, 20, 20]","[0.89770347, 0.873356, 0.8260391]","[[1, 285.45, 90.53, 141.11], [205.1, 78.96, 267.05, 230.87], [122.7, 149.59, 93.13, 124.62]]"
3451,/home/pi/sambashare/BacArbeit/cocoval2017/000000459153.jpg,3.1845014810005523,"['0: person', '73: book', '0: person', '0: person', '14: bird']","[0, 73, 0, 0, 14]","[0.8769848, 0.7819688, 0.3657169, 0.30244493, 0.29251495]","[[111.09, 181.63, 278.11, 342.62], [228.35, 288.54, 115.72, 97.86], [187.66, 248.21, 172.73, 179.1], [370.51, 1, 55.81, 21.28], [86.54, 365.26, 22.34, 22.23]]"
3452,/home/pi/sambashare/BacArbeit/cocoval2017/000000456143.jpg,3.1769817610002065,"['45: bowl', '41: cup']","[45, 41]","[0.8085828, 0.63080007]","[[274.21, 121.71, 362.85, 238.36], [4.6, 208.02, 278.54, 152.21]]"
3453,/home/pi/sambashare/BacArbeit/cocoval2017/000000068628.jpg,3.184908948998782,"['36: skateboard', '0: person']","[36, 0]","[0.9036031, 0.8959393]","[[283.45, 198.54, 115.83, 105.69], [236.8, 1, 253.83, 213.87]]"
3454,/home/pi/sambashare/BacArbeit/cocoval2017/000000117744.jpg,3.1871034180003335,"['38: tennis racket', '0: person']","[38, 0]","[0.73332024, 0.5124421]","[[120.26, 340.69, 111.25, 185.86], [76.71, 32.95, 160.44, 485.07]]"
3455,/home/pi/sambashare/BacArbeit/cocoval2017/000000329456.jpg,3.1849133579999034,"['0: person', '0: person', '37: surfboard', '0: person', '0: person', '0: person', '26: handbag', '65: remote']","[0, 0, 37, 0, 0, 0, 26, 65]","[0.93587345, 0.89228696, 0.8327401, 0.801083, 0.7210155, 0.42079142, 0.2842969, 0.27927458]","[[391.4, 3.9, 115.59, 260.4], [516.88, 8.47, 104.85, 288.25], [589.89, 73.49, 49.95, 170.49], [230.47, 26.95, 139.63, 308.66], [41.07, 9.03, 391.53, 417.96], [596.94, 341.83, 42.81, 84.29], [313.7, 192.0, 34.46, 56.35], [456.87, 290.31, 37.44, 46.1]]"
3456,/home/pi/sambashare/BacArbeit/cocoval2017/000000374052.jpg,3.1880969740013825,"['14: bird', '14: bird', '14: bird', '14: bird', '14: bird', '14: bird', '14: bird', '0: person', '14: bird', '14: bird', '0: person', '14: bird', '13: bench', '14: bird', '0: person', '14: bird', '14: bird', '14: bird', '14: bird']","[14, 14, 14, 14, 14, 14, 14, 0, 14, 14, 0, 14, 13, 14, 0, 14, 14, 14, 14]","[0.896083, 0.82279634, 0.8044975, 0.75061023, 0.7484044, 0.7250208, 0.71859354, 0.6855432, 0.6025005, 0.5259516, 0.5235191, 0.48435324, 0.45544052, 0.40688363, 0.37122965, 0.3597465, 0.27819186, 0.2776284, 0.25800228]","[[480.97, 256.6, 50.22, 53.96], [561.07, 383.45, 31.06, 41.2], [106.3, 260.56, 58.77, 43.04], [593.89, 335.52, 34.07, 32.74], [114.71, 366.61, 26.66, 40.0], [195.23, 385.59, 60.19, 41.38], [475.74, 354.07, 24.28, 46.58], [307.18, 148.47, 135.68, 252.38], [324.78, 385.67, 51.37, 41.11], [176.49, 374.57, 54.43, 39.38], [435.38, 78.69, 30.93, 77.04], [119.38, 171.09, 25.29, 53.94], [6.17, 295.98, 529.41, 108.21], [163.36, 349.55, 28.18, 34.35], [463.5, 83.2, 22.33, 43.89], [300.82, 368.57, 29.67, 38.77], [249.81, 363.82, 25.09, 37.03], [376.25, 405.64, 42.91, 21.35], [178.38, 358.76, 40.71, 38.97]]"
3457,/home/pi/sambashare/BacArbeit/cocoval2017/000000257865.jpg,3.2005544820003706,"['0: person', '38: tennis racket']","[0, 38]","[0.95130694, 0.7653358]","[[171.42, 78.21, 193.28, 346.02], [279.1, 398.44, 120.02, 27.5]]"
3458,/home/pi/sambashare/BacArbeit/cocoval2017/000000114770.jpg,3.1768611799998325,"['3: motorcycle', '3: motorcycle', '4: airplane']","[3, 3, 4]","[0.660769, 0.4489831, 0.29976684]","[[119.36, 139.1, 325.52, 250.51], [1, 163.14, 146.92, 173.51], [303.96, 6.68, 334.73, 171.06]]"
3459,/home/pi/sambashare/BacArbeit/cocoval2017/000000132796.jpg,3.1926263170007587,"['0: person', '0: person', '0: person', '20: elephant', '0: person', '26: handbag', '20: elephant']","[0, 0, 0, 20, 0, 26, 20]","[0.8668079, 0.8045913, 0.72969323, 0.62949795, 0.32186654, 0.30426058, 0.26208025]","[[401.34, 63.11, 146.01, 168.25], [293.92, 66.11, 114.22, 322.88], [3.11, 146.47, 146.21, 170.88], [143.23, 189.85, 490.22, 234.34], [70.16, 146.76, 80.01, 128.78], [468.67, 102.71, 42.38, 70.97], [1, 324.6, 157.71, 100.26]]"
3460,/home/pi/sambashare/BacArbeit/cocoval2017/000000191761.jpg,3.1852153509989876,['14: bird'],[14],[0.44499725],"[[135.42, 49.92, 196.11, 252.24]]"
3461,/home/pi/sambashare/BacArbeit/cocoval2017/000000389197.jpg,3.1756758600004105,"['0: person', '0: person', '0: person', '0: person', '0: person', '37: surfboard', '0: person', '0: person']","[0, 0, 0, 0, 0, 37, 0, 0]","[0.81489265, 0.667196, 0.6661875, 0.60159826, 0.58726937, 0.53887177, 0.507121, 0.46495858]","[[200.36, 211.1, 126.98, 111.54], [447.03, 1, 78.31, 40.23], [410.68, 1, 46.3, 41.93], [229.39, 1, 84.64, 93.55], [374.45, 1, 50.83, 43.61], [198.86, 293.79, 126.79, 67.01], [350.62, 1, 40.72, 48.95], [309.12, 1, 35.93, 51.38]]"
3462,/home/pi/sambashare/BacArbeit/cocoval2017/000000042628.jpg,3.174783730000854,"['0: person', '10: fire hydrant', '0: person', '0: person', '0: person', '0: person', '37: surfboard', '37: surfboard', '37: surfboard', '37: surfboard']","[0, 10, 0, 0, 0, 0, 37, 37, 37, 37]","[0.921968, 0.9104431, 0.87337005, 0.8599535, 0.85353607, 0.81988, 0.56809056, 0.44710028, 0.32241657, 0.25628784]","[[224.66, 1.22, 48.14, 81.57], [383.98, 213.31, 76.46, 144.12], [272.89, 1, 36.47, 92.46], [523.21, 1, 45.15, 94.87], [385.07, 1, 54.41, 97.63], [466.07, 1, 64.54, 104.43], [415.13, 3.21, 73.27, 53.95], [523.97, 1, 115.25, 34.09], [530.01, 20.72, 21.26, 31.36], [386.56, 1, 32.93, 43.24]]"
3463,/home/pi/sambashare/BacArbeit/cocoval2017/000000372349.jpg,3.1726979239992943,"['0: person', '0: person']","[0, 0]","[0.9061567, 0.8679223]","[[242.52, 198.74, 116.81, 140.17], [428.74, 44.71, 73.3, 187.72]]"
3464,/home/pi/sambashare/BacArbeit/cocoval2017/000000292155.jpg,3.188553206000506,"['25: umbrella', '0: person']","[25, 0]","[0.8513913, 0.7361446]","[[2.44, 3.11, 471.02, 475.37], [462.89, 448.54, 83.62, 31.12]]"
3465,/home/pi/sambashare/BacArbeit/cocoval2017/000000515025.jpg,3.1883225870005845,"['41: cup', '0: person', '16: dog', '2: car', '39: bottle', '7: truck', '2: car', '2: car', '13: bench', '55: cake', '60: dining table', '29: frisbee']","[41, 0, 16, 2, 39, 7, 2, 2, 13, 55, 60, 29]","[0.8925729, 0.8834901, 0.86774045, 0.84841305, 0.6660589, 0.6483008, 0.62174666, 0.47921556, 0.4747986, 0.30740613, 0.27883533, 0.25725943]","[[34.32, 274.49, 35.94, 39.69], [207.25, 15.84, 214.32, 272.52], [221.34, 193.36, 302.38, 207.8], [598.68, 117.05, 41.1, 37.54], [152.35, 282.44, 31.01, 45.83], [83.39, 93.4, 187.63, 85.54], [413.99, 114.88, 114.95, 43.65], [541.53, 114.01, 53.23, 38.99], [407.12, 164.36, 95.06, 39.16], [1, 316.47, 9.96, 22.49], [1.8, 260.16, 500.97, 165.5], [217.64, 347.43, 285.96, 79.17]]"
3466,/home/pi/sambashare/BacArbeit/cocoval2017/000000446522.jpg,3.1724350869990303,"['16: dog', '57: couch', '56: chair', '72: refrigerator']","[16, 57, 56, 72]","[0.9221369, 0.7183838, 0.61885303, 0.28250843]","[[164.33, 335.25, 192.68, 170.28], [83.61, 217.25, 312.69, 421.07], [445.55, 398.52, 34.18, 238.76], [1, 5.31, 121.36, 630.06]]"
3467,/home/pi/sambashare/BacArbeit/cocoval2017/000000010092.jpg,3.1864461259992822,"['0: person', '59: bed', '60: dining table', '56: chair', '56: chair', '56: chair']","[0, 59, 60, 56, 56, 56]","[0.76475286, 0.7065198, 0.6043, 0.4723145, 0.4383241, 0.2573482]","[[1, 385.41, 122.15, 40.34], [88.83, 52.31, 349.34, 363.78], [545.0, 264.97, 94.68, 155.8], [618.28, 202.39, 21.32, 64.79], [579.81, 390.03, 59.67, 35.73], [539.19, 301.57, 58.97, 124.43]]"
3468,/home/pi/sambashare/BacArbeit/cocoval2017/000000260470.jpg,3.178425241001605,"['0: person', '0: person', '55: cake', '55: cake', '55: cake', '55: cake', '0: person', '0: person', '0: person', '0: person', '55: cake', '55: cake', '55: cake', '55: cake', '55: cake', '0: person']","[0, 0, 55, 55, 55, 55, 0, 0, 0, 0, 55, 55, 55, 55, 55, 0]","[0.855834, 0.84891194, 0.6568402, 0.6054092, 0.596142, 0.5784304, 0.49748215, 0.45833036, 0.3647863, 0.33914763, 0.32682374, 0.30798578, 0.29640606, 0.27508557, 0.26691663, 0.25787815]","[[11.02, 1, 168.44, 206.19], [277.6, 53.55, 62.45, 84.27], [1, 247.98, 65.88, 67.33], [335.99, 226.51, 65.11, 34.99], [396.23, 234.82, 67.73, 36.46], [24.51, 200.15, 298.79, 226.85], [174.0, 59.77, 26.46, 54.77], [254.45, 53.72, 27.42, 46.34], [603.46, 44.6, 36.21, 172.79], [1, 1, 41.54, 209.12], [369.65, 201.3, 54.25, 35.13], [347.78, 181.68, 37.84, 29.27], [419.86, 205.45, 61.24, 37.09], [277.69, 213.69, 60.07, 40.34], [457.99, 188.65, 40.5, 33.66], [64.64, 1, 54.42, 10.97]]"
3469,/home/pi/sambashare/BacArbeit/cocoval2017/000000513181.jpg,3.188186985000357,"['8: boat', '8: boat', '7: truck', '2: car']","[8, 8, 7, 2]","[0.7636633, 0.5125403, 0.3567406, 0.3525244]","[[59.7, 210.96, 212.74, 88.1], [253.47, 289.14, 45.24, 10.36], [569.9, 271.05, 48.76, 15.14], [305.32, 278.78, 26.16, 9.69]]"
3470,/home/pi/sambashare/BacArbeit/cocoval2017/000000013291.jpg,3.191735475000314,"['29: frisbee', '0: person', '29: frisbee', '29: frisbee', '29: frisbee', '0: person', '0: person', '0: person', '0: person']","[29, 0, 29, 29, 29, 0, 0, 0, 0]","[0.9227009, 0.9218569, 0.90892684, 0.897252, 0.8833017, 0.8527629, 0.80652255, 0.77783424, 0.6296434]","[[216.3, 187.23, 33.47, 32.75], [289.16, 143.41, 210.22, 154.56], [90.27, 152.31, 46.04, 41.64], [251.52, 164.96, 43.32, 41.67], [183.56, 197.75, 33.46, 33.51], [40.97, 66.46, 123.96, 232.74], [157.64, 136.91, 92.97, 129.82], [231.41, 135.96, 86.0, 148.13], [23.96, 166.03, 8.29, 15.93]]"
3471,/home/pi/sambashare/BacArbeit/cocoval2017/000000068286.jpg,3.1899259359997814,"['59: bed', '74: clock', '74: clock']","[59, 74, 74]","[0.6317198, 0.28021201, 0.26435366]","[[115.7, 84.63, 436.09, 281.37], [347.99, 109.25, 14.0, 8.57], [47.63, 149.46, 42.75, 25.36]]"
3472,/home/pi/sambashare/BacArbeit/cocoval2017/000000032285.jpg,3.1762732369988953,"['61: toilet', '59: bed']","[61, 59]","[0.90758556, 0.37259492]","[[72.03, 228.56, 93.99, 174.77], [422.63, 299.26, 129.29, 92.14]]"
3473,/home/pi/sambashare/BacArbeit/cocoval2017/000000563648.jpg,3.1806592869997985,"['0: person', '36: skateboard', '0: person', '0: person', '0: person', '0: person', '0: person', '0: person', '0: person', '0: person', '0: person', '0: person', '0: person', '0: person', '0: person']","[0, 36, 0, 0, 0, 0, 0, 0, 0, 0, 0, 0, 0, 0, 0]","[0.9188855, 0.91035265, 0.7600541, 0.7201459, 0.6828855, 0.66039693, 0.6392005, 0.59210014, 0.56559855, 0.49656785, 0.47117, 0.4659442, 0.41301104, 0.26646346, 0.25584915]","[[229.5, 204.5, 122.46, 112.22], [219.39, 284.63, 65.62, 59.37], [40.88, 172.4, 62.19, 93.17], [206.9, 431.4, 16.49, 61.74], [36.14, 264.95, 102.14, 274.8], [329.28, 445.88, 15.6, 52.85], [259.4, 451.66, 19.87, 41.36], [230.48, 437.9, 18.99, 53.66], [251.22, 430.38, 15.34, 60.32], [312.39, 431.83, 15.98, 38.87], [194.23, 411.68, 13.91, 61.78], [1, 173.5, 60.47, 77.97], [1, 230.69, 101.56, 341.39], [447.52, 463.59, 14.05, 35.49], [145.91, 433.19, 22.58, 69.61]]"
3474,/home/pi/sambashare/BacArbeit/cocoval2017/000000008899.jpg,3.1794300400015345,"['10: fire hydrant', '1: bicycle']","[10, 1]","[0.9148576, 0.6600694]","[[140.2, 395.25, 41.96, 98.07], [20.91, 354.3, 51.95, 95.29]]"
3475,/home/pi/sambashare/BacArbeit/cocoval2017/000000403385.jpg,3.1839383250007813,"['61: toilet', '71: sink']","[61, 71]","[0.8929791, 0.8459412]","[[410.71, 237.38, 91.98, 244.98], [4.23, 311.88, 142.12, 85.94]]"
3476,/home/pi/sambashare/BacArbeit/cocoval2017/000000290771.jpg,3.18143764800152,"['57: couch', '56: chair', '56: chair', '62: tv', '73: book', '73: book', '73: book', '57: couch', '73: book', '56: chair']","[57, 56, 56, 62, 73, 73, 73, 57, 73, 56]","[0.9380614, 0.89310414, 0.775745, 0.5256299, 0.51361316, 0.46220985, 0.4619728, 0.4342809, 0.36416683, 0.27760634]","[[288.08, 253.57, 281.07, 153.5], [533.64, 240.83, 106.31, 89.83], [350.58, 374.07, 242.6, 102.25], [1, 283.9, 14.79, 153.08], [38.19, 415.02, 47.43, 25.69], [28.04, 376.22, 46.05, 14.25], [37.97, 402.17, 46.67, 20.47], [68.09, 396.59, 324.57, 80.0], [218.21, 335.02, 36.22, 11.46], [50.04, 269.77, 19.45, 43.88]]"
3477,/home/pi/sambashare/BacArbeit/cocoval2017/000000489046.jpg,3.18409882099877,['14: bird'],[14],[0.8112857],"[[398.0, 169.83, 88.56, 119.76]]"
3478,/home/pi/sambashare/BacArbeit/cocoval2017/000000336658.jpg,3.1960268689999793,"['5: bus', '5: bus', '5: bus', '2: car', '0: person', '5: bus', '0: person', '0: person', '0: person', '0: person', '0: person', '0: person', '0: person']","[5, 5, 5, 2, 0, 5, 0, 0, 0, 0, 0, 0, 0]","[0.9160102, 0.83317757, 0.7954287, 0.7607449, 0.57326615, 0.5353164, 0.49362558, 0.49197704, 0.4813861, 0.40722397, 0.39135295, 0.37501216, 0.35708222]","[[457.94, 290.14, 118.13, 80.22], [405.79, 253.48, 70.13, 25.61], [563.81, 272.89, 69.36, 55.84], [136.1, 260.26, 37.36, 12.59], [67.59, 298.37, 13.19, 27.63], [1, 311.15, 62.43, 115.46], [446.58, 424.05, 15.41, 3.85], [40.81, 287.47, 10.36, 20.99], [51.9, 293.93, 13.13, 23.91], [15.68, 286.46, 8.42, 19.72], [5.52, 287.67, 8.64, 19.24], [112.03, 278.26, 13.1, 19.99], [97.6, 272.66, 9.81, 16.08]]"
3479,/home/pi/sambashare/BacArbeit/cocoval2017/000000521405.jpg,3.1942546619993664,"['79: toothbrush', '76: scissors']","[79, 76]","[0.7956359, 0.2656346]","[[1, 183.08, 304.96, 244.27], [1, 461.93, 33.99, 87.69]]"
3480,/home/pi/sambashare/BacArbeit/cocoval2017/000000210032.jpg,3.1757884489998105,"['14: bird', '42: fork', '56: chair', '14: bird', '0: person', '42: fork', '41: cup']","[14, 42, 56, 14, 0, 42, 41]","[0.80889636, 0.780302, 0.6693203, 0.65619874, 0.5370833, 0.36556736, 0.25460273]","[[382.81, 86.76, 257.19, 151.54], [36.84, 171.89, 99.89, 107.61], [39.64, 89.36, 303.26, 100.37], [520.55, 87.76, 105.39, 134.56], [115.34, 1, 166.4, 92.73], [4.92, 162.63, 88.82, 85.82], [87.66, 59.22, 30.27, 34.73]]"
3481,/home/pi/sambashare/BacArbeit/cocoval2017/000000473118.jpg,3.1902048979991378,"['1: bicycle', '36: skateboard', '0: person']","[1, 36, 0]","[0.9222147, 0.91211414, 0.7862679]","[[34.43, 1, 74.72, 47.11], [68.63, 306.77, 89.23, 79.51], [91.7, 67.3, 130.47, 318.23]]"
3482,/home/pi/sambashare/BacArbeit/cocoval2017/000000118405.jpg,3.189471205998416,[],[],[],[]
3483,/home/pi/sambashare/BacArbeit/cocoval2017/000000338304.jpg,3.179366069000025,"['0: person', '0: person', '0: person', '0: person', '18: sheep', '0: person', '0: person', '0: person', '18: sheep', '0: person', '18: sheep', '0: person', '0: person', '18: sheep', '0: person', '0: person', '0: person', '18: sheep', '0: person']","[0, 0, 0, 0, 18, 0, 0, 0, 18, 0, 18, 0, 0, 18, 0, 0, 0, 18, 0]","[0.8268828, 0.82317555, 0.80584353, 0.7910205, 0.7627907, 0.7561993, 0.71094394, 0.7065807, 0.5867448, 0.58398455, 0.56738, 0.49394614, 0.49276668, 0.43954858, 0.37063769, 0.32109937, 0.31953222, 0.28961095, 0.256709]","[[267.88, 217.95, 144.41, 248.43], [1, 297.84, 100.34, 199.41], [94.58, 287.07, 66.16, 171.37], [1, 350.78, 68.68, 258.97], [67.41, 418.7, 274.99, 218.92], [248.29, 251.64, 69.78, 119.26], [230.42, 253.58, 48.66, 105.29], [200.53, 255.23, 43.29, 108.83], [171.11, 368.94, 187.0, 124.97], [52.3, 304.75, 72.75, 170.19], [1, 483.06, 142.64, 155.84], [170.92, 259.74, 41.86, 132.5], [371.09, 17.86, 53.69, 428.43], [141.91, 522.66, 208.95, 116.13], [148.08, 261.36, 33.73, 148.9], [308.71, 95.51, 80.35, 71.7], [59.01, 251.36, 42.38, 79.43], [91.64, 419.81, 111.54, 82.43], [189.93, 1.15, 233.32, 137.88]]"
3484,/home/pi/sambashare/BacArbeit/cocoval2017/000000090284.jpg,3.191642621999563,"['38: tennis racket', '0: person']","[38, 0]","[0.92281026, 0.9012737]","[[460.97, 334.99, 113.18, 106.2], [71.63, 138.49, 522.07, 427.56]]"
3485,/home/pi/sambashare/BacArbeit/cocoval2017/000000001761.jpg,3.1845331080003234,"['4: airplane', '4: airplane', '7: truck', '33: kite']","[4, 4, 7, 33]","[0.9405469, 0.92650783, 0.3036633, 0.2745]","[[149.65, 8.54, 73.97, 77.92], [279.34, 138.18, 54.67, 45.49], [50.55, 618.97, 64.22, 20.94], [378.28, 418.77, 8.77, 8.31]]"
3486,/home/pi/sambashare/BacArbeit/cocoval2017/000000351559.jpg,3.1867535399996996,['75: vase'],[75],[0.6426449],"[[286.07, 2.29, 231.23, 339.48]]"
3487,/home/pi/sambashare/BacArbeit/cocoval2017/000000180101.jpg,3.1970397810000577,"['56: chair', '55: cake', '0: person', '42: fork', '0: person', '0: person', '56: chair', '60: dining table', '0: person']","[56, 55, 0, 42, 0, 0, 56, 60, 0]","[0.84843665, 0.8380758, 0.83435917, 0.8288873, 0.7879238, 0.77157503, 0.7240667, 0.65798897, 0.3752174]","[[235.11, 121.03, 137.76, 105.53], [160.46, 187.84, 181.02, 144.13], [357.26, 40.43, 175.62, 266.94], [398.19, 297.68, 24.55, 59.96], [1, 1, 341.21, 239.41], [1, 341.09, 109.6, 137.71], [480.43, 161.96, 142.35, 234.42], [1.88, 185.03, 595.78, 291.38], [1, 1, 103.01, 244.26]]"
3488,/home/pi/sambashare/BacArbeit/cocoval2017/000000273711.jpg,3.1922775260009075,"['0: person', '45: bowl', '44: spoon', '41: cup', '45: bowl', '56: chair', '45: bowl', '56: chair', '56: chair', '56: chair', '55: cake', '56: chair', '45: bowl', '60: dining table', '0: person', '45: bowl', '55: cake']","[0, 45, 44, 41, 45, 56, 45, 56, 56, 56, 55, 56, 45, 60, 0, 45, 55]","[0.81076914, 0.80083734, 0.7817098, 0.7015997, 0.658094, 0.54417604, 0.49815327, 0.4943116, 0.43149403, 0.4243956, 0.4201529, 0.36965123, 0.3134738, 0.312243, 0.29613745, 0.2790022, 0.25348362]","[[533.53, 43.91, 105.49, 430.69], [162.21, 362.52, 167.44, 116.06], [376.92, 279.16, 71.55, 57.04], [346.24, 306.32, 65.03, 63.06], [450.62, 199.33, 110.69, 75.47], [1, 87.47, 51.41, 86.86], [154.21, 281.58, 93.48, 77.84], [1, 220.12, 79.11, 258.32], [34.03, 2.9, 72.56, 130.35], [449.94, 59.55, 99.42, 92.82], [328.09, 368.38, 170.65, 93.17], [217.34, 17.6, 104.87, 57.46], [221.37, 295.31, 124.03, 88.46], [28.82, 16.2, 551.42, 455.94], [549.57, 1, 89.7, 201.29], [431.43, 276.46, 134.3, 105.83], [488.32, 337.86, 33.93, 31.12]]"
3489,/home/pi/sambashare/BacArbeit/cocoval2017/000000135872.jpg,3.2015166979999776,"['63: laptop', '66: keyboard', '56: chair', '66: keyboard', '62: tv', '64: mouse', '73: book', '64: mouse', '64: mouse', '41: cup', '66: keyboard']","[63, 66, 56, 66, 62, 64, 73, 64, 64, 41, 66]","[0.9179143, 0.9144746, 0.91244507, 0.879714, 0.8775335, 0.85963565, 0.8197952, 0.8187209, 0.7505121, 0.6356439, 0.41801387]","[[183.9, 173.4, 112.12, 103.47], [332.31, 175.06, 71.08, 31.02], [387.49, 146.51, 149.01, 242.65], [308.92, 167.32, 60.54, 29.13], [270.51, 41.92, 87.8, 99.95], [409.81, 167.25, 17.44, 9.07], [296.77, 207.97, 67.44, 29.33], [380.88, 168.34, 21.63, 8.01], [407.39, 158.82, 20.38, 7.72], [378.05, 142.46, 18.42, 17.11], [217.9, 233.3, 50.32, 32.8]]"
3490,/home/pi/sambashare/BacArbeit/cocoval2017/000000569825.jpg,3.199377433000336,"['0: person', '35: baseball glove', '0: person']","[0, 35, 0]","[0.92841077, 0.88933533, 0.7968891]","[[192.0, 28.25, 109.75, 438.42], [197.3, 254.18, 52.81, 66.5], [72.94, 8.95, 97.69, 138.5]]"
3491,/home/pi/sambashare/BacArbeit/cocoval2017/000000190637.jpg,3.184580815001027,"['67: cell phone', '59: bed']","[67, 59]","[0.7741087, 0.48064986]","[[316.01, 268.28, 57.94, 88.87], [1, 180.91, 427, 445.63]]"
3492,/home/pi/sambashare/BacArbeit/cocoval2017/000000194216.jpg,3.1834569530001318,"['14: bird', '21: bear', '14: bird']","[14, 21, 14]","[0.55673313, 0.5207162, 0.37989128]","[[196.83, 103.72, 43.82, 52.64], [276.04, 155.1, 363.12, 102.07], [164.25, 136.95, 23.14, 28.31]]"
3493,/home/pi/sambashare/BacArbeit/cocoval2017/000000475387.jpg,3.182487807000143,"['6: train', '0: person', '0: person', '28: suitcase', '26: handbag', '0: person', '26: handbag', '0: person', '0: person']","[6, 0, 0, 28, 26, 0, 26, 0, 0]","[0.91992855, 0.79844147, 0.7566698, 0.66305685, 0.6612745, 0.60981154, 0.5724357, 0.50175244, 0.32080957]","[[1, 141.98, 559.25, 224.1], [605.11, 210.78, 32.36, 85.82], [575.49, 214.41, 28.48, 80.68], [547.7, 258.61, 13.69, 21.07], [572.17, 258.07, 19.1, 21.49], [532.38, 206.76, 22.86, 72.42], [582.62, 233.29, 17.74, 20.91], [446.53, 116.9, 14.83, 27.65], [403.48, 116.34, 10.99, 23.13]]"
3494,/home/pi/sambashare/BacArbeit/cocoval2017/000000066926.jpg,3.1843182169996,"['54: donut', '54: donut', '54: donut', '54: donut', '54: donut', '54: donut', '54: donut', '54: donut', '54: donut', '54: donut', '54: donut', '54: donut']","[54, 54, 54, 54, 54, 54, 54, 54, 54, 54, 54, 54]","[0.949144, 0.9477966, 0.92777747, 0.9158363, 0.9096606, 0.87404484, 0.85813326, 0.8290349, 0.8177212, 0.7539931, 0.7328027, 0.50335807]","[[449.39, 46.7, 189.77, 182.12], [229.47, 39.13, 272.3, 174.3], [103.5, 32.18, 200.07, 123.19], [1, 141.09, 320.61, 285.7], [357.4, 1, 190.07, 61.12], [7.55, 40.39, 162.46, 85.67], [542.39, 1, 96.85, 53.83], [148.17, 197.44, 491.61, 281.13], [1, 120.02, 137.19, 99.18], [240.77, 1, 126.97, 62.46], [146.73, 1, 113.3, 51.39], [1, 99.98, 36.18, 37.4]]"
3495,/home/pi/sambashare/BacArbeit/cocoval2017/000000015956.jpg,3.194351005999124,"['17: horse', '0: person', '56: chair', '74: clock', '56: chair', '56: chair', '56: chair']","[17, 0, 56, 74, 56, 56, 56]","[0.93760675, 0.919434, 0.8356798, 0.65201133, 0.4278031, 0.26028067, 0.25808313]","[[128.65, 86.19, 234.84, 217.78], [370.69, 140.03, 75.8, 199.0], [514.95, 226.43, 39.93, 39.99], [492.71, 126.37, 21.44, 21.06], [437.19, 177.45, 52.08, 89.52], [437.39, 220.43, 27.88, 46.66], [592.33, 193.19, 47.53, 79.15]]"
3496,/home/pi/sambashare/BacArbeit/cocoval2017/000000185802.jpg,3.1991640010000992,"['56: chair', '56: chair']","[56, 56]","[0.8702924, 0.67004764]","[[356.29, 438.55, 123.1, 194.89], [17.23, 106.39, 231.6, 500.8]]"
3497,/home/pi/sambashare/BacArbeit/cocoval2017/000000283038.jpg,3.1779669519983145,"['2: car', '7: truck', '11: stop sign']","[2, 7, 11]","[0.91022545, 0.7789553, 0.68525505]","[[1, 186.39, 46.51, 28.8], [53.19, 163.6, 63.53, 40.19], [110.76, 10.77, 224.86, 238.27]]"
3498,/home/pi/sambashare/BacArbeit/cocoval2017/000000072281.jpg,3.1987270379995607,"['36: skateboard', '0: person']","[36, 0]","[0.94489294, 0.90436894]","[[93.99, 438.75, 266.7, 105.99], [88.57, 22.72, 267.22, 478.7]]"
3499,/home/pi/sambashare/BacArbeit/cocoval2017/000000325483.jpg,3.1864808020000055,"['0: person', '0: person', '39: bottle', '39: bottle', '57: couch', '65: remote', '65: remote', '57: couch', '65: remote', '65: remote']","[0, 0, 39, 39, 57, 65, 65, 57, 65, 65]","[0.94641215, 0.9461566, 0.8452213, 0.77357334, 0.73617876, 0.7167421, 0.5347324, 0.49235404, 0.40442556, 0.3611811]","[[117.62, 107.21, 183.2, 369.87], [349.44, 135.53, 165.52, 343.34], [110.37, 393.53, 18.13, 46.07], [568.88, 300.39, 18.21, 43.65], [1.19, 300.07, 161.92, 178.54], [183.01, 167.75, 27.78, 61.59], [489.44, 166.1, 18.42, 41.26], [482.87, 268.28, 156.12, 108.59], [239.17, 176.21, 18.1, 23.47], [241.03, 176.83, 34.0, 58.39]]"
3500,/home/pi/sambashare/BacArbeit/cocoval2017/000000549167.jpg,3.1913157409999258,"['50: broccoli', '50: broccoli']","[50, 50]","[0.37465498, 0.35661379]","[[138.95, 238.57, 287.05, 259.24], [143.04, 291.35, 115.56, 123.84]]"
3501,/home/pi/sambashare/BacArbeit/cocoval2017/000000210502.jpg,3.174990814000921,['6: train'],[6],[0.5426329],"[[2.6, 22.92, 634.6, 421.71]]"
3502,/home/pi/sambashare/BacArbeit/cocoval2017/000000283785.jpg,3.1801712390006287,"['0: person', '0: person', '0: person', '0: person', '77: teddy bear', '0: person', '56: chair', '0: person']","[0, 0, 0, 0, 77, 0, 56, 0]","[0.9232111, 0.86595476, 0.7315054, 0.6521676, 0.47406253, 0.44131672, 0.37778968, 0.25796378]","[[163.67, 84.65, 70.28, 244.1], [6.55, 142.93, 100.0, 186.3], [338.83, 191.84, 47.63, 127.22], [377.95, 200.3, 47.9, 126.77], [337.36, 216.22, 26.7, 48.78], [269.17, 198.35, 43.36, 84.64], [121.61, 215.7, 50.41, 56.6], [410.68, 294.05, 62.34, 36.55]]"
3503,/home/pi/sambashare/BacArbeit/cocoval2017/000000236166.jpg,3.1794605830000364,"['16: dog', '16: dog']","[16, 16]","[0.37673065, 0.25843483]","[[2.86, 1, 423.14, 639], [9.2, 1.06, 413.86, 290.06]]"
3504,/home/pi/sambashare/BacArbeit/cocoval2017/000000177489.jpg,3.1775674180007627,"['0: person', '0: person', '56: chair', '40: wine glass', '39: bottle', '44: spoon', '45: bowl', '40: wine glass', '56: chair', '56: chair', '44: spoon', '39: bottle', '45: bowl', '40: wine glass', '56: chair', '44: spoon', '60: dining table', '74: clock', '39: bottle', '74: clock']","[0, 0, 56, 40, 39, 44, 45, 40, 56, 56, 44, 39, 45, 40, 56, 44, 60, 74, 39, 74]","[0.9340232, 0.91883796, 0.8937985, 0.84665847, 0.75884885, 0.74550223, 0.7120003, 0.7048817, 0.5662681, 0.5435966, 0.48430094, 0.4117247, 0.3624737, 0.33178532, 0.32612398, 0.31936395, 0.31582335, 0.30649742, 0.28702235, 0.25542197]","[[55.18, 116.66, 288.57, 361.17], [340.35, 86.68, 270.72, 313.39], [356.38, 267.81, 272.9, 209.14], [359.47, 203.69, 20.92, 43.09], [474.12, 130.29, 17.86, 56.4], [279.7, 198.24, 29.0, 34.0], [226.51, 216.41, 88.86, 41.87], [306.63, 230.91, 24.81, 47.53], [24.71, 293.71, 247.98, 184.2], [1, 300.8, 34.42, 176.69], [216.1, 206.86, 32.36, 24.48], [441.27, 143.51, 19.82, 39.54], [339.44, 246.04, 50.77, 25.18], [199.23, 206.58, 21.71, 28.33], [43.16, 275.72, 20.01, 36.98], [403.54, 72.68, 13.85, 60.23], [195.98, 224.35, 221.81, 150.7], [550.95, 29.92, 15.14, 14.56], [458.99, 143.54, 16.16, 41.07], [555.86, 1.78, 14.47, 14.55]]"
3505,/home/pi/sambashare/BacArbeit/cocoval2017/000000399764.jpg,3.19036622800013,['0: person'],[0],[0.42236793],"[[1, 7.04, 418.36, 624.16]]"
3506,/home/pi/sambashare/BacArbeit/cocoval2017/000000399296.jpg,3.184857316999114,"['52: hot dog', '0: person', '67: cell phone']","[52, 0, 67]","[0.4099675, 0.37025288, 0.28427112]","[[319.92, 54.21, 193.4, 147.76], [547.88, 75.61, 91.63, 182.86], [2.88, 302.03, 297.0, 177.02]]"
3507,/home/pi/sambashare/BacArbeit/cocoval2017/000000004795.jpg,3.1769955910003773,"['63: laptop', '15: cat', '67: cell phone', '63: laptop']","[63, 15, 67, 63]","[0.8936405, 0.8848021, 0.60577637, 0.41116223]","[[1.11, 190.82, 183.44, 287.33], [161.94, 121.35, 374.07, 357.57], [528.13, 259.46, 111.76, 151.97], [16.97, 7.56, 622.3, 454.47]]"
3508,/home/pi/sambashare/BacArbeit/cocoval2017/000000267169.jpg,3.180163947999972,"['0: person', '20: elephant']","[0, 20]","[0.6716693, 0.4439018]","[[483.24, 161.31, 156.54, 120.28], [3.33, 82.06, 617.05, 344.89]]"
3509,/home/pi/sambashare/BacArbeit/cocoval2017/000000477623.jpg,3.1816457049990277,"['6: train', '6: train', '0: person']","[6, 6, 0]","[0.91905475, 0.77061266, 0.29609227]","[[97.11, 77.4, 455.31, 367.78], [588.77, 213.18, 50.91, 131.52], [571.73, 304.67, 6.89, 9.43]]"
3510,/home/pi/sambashare/BacArbeit/cocoval2017/000000297595.jpg,3.1854076870004064,"['0: person', '37: surfboard']","[0, 37]","[0.9069071, 0.7734748]","[[135.92, 231.32, 42.05, 36.76], [144.69, 265.52, 57.8, 12.21]]"
3511,/home/pi/sambashare/BacArbeit/cocoval2017/000000266892.jpg,3.1902504040008353,"['0: person', '38: tennis racket', '38: tennis racket', '0: person', '0: person', '0: person', '0: person', '0: person', '0: person', '0: person', '0: person', '0: person', '0: person', '0: person', '25: umbrella', '0: person', '0: person', '0: person', '0: person', '0: person', '0: person']","[0, 38, 38, 0, 0, 0, 0, 0, 0, 0, 0, 0, 0, 0, 25, 0, 0, 0, 0, 0, 0]","[0.9453784, 0.793456, 0.71600604, 0.7128246, 0.63104236, 0.6278272, 0.5975885, 0.5866075, 0.5503239, 0.46935165, 0.46104383, 0.46094963, 0.37426698, 0.36493218, 0.33335063, 0.32976925, 0.32338706, 0.31505793, 0.2832462, 0.26569337, 0.26378658]","[[213.31, 120.76, 126.6, 266.03], [283.66, 99.69, 33.23, 71.86], [225.08, 201.25, 27.02, 41.62], [35.85, 162.62, 32.61, 27.68], [87.9, 140.23, 25.66, 49.84], [42.39, 136.79, 27.66, 35.4], [340.24, 142.44, 29.82, 47.02], [358.91, 140.52, 26.9, 46.84], [109.57, 135.15, 34.01, 54.54], [496.54, 149.3, 26.73, 35.27], [375.27, 170.92, 27.16, 20.03], [385.62, 147.15, 24.85, 36.3], [64.34, 144.39, 32.9, 45.93], [313.41, 136.39, 27.32, 52.42], [574.0, 92.85, 65.48, 17.71], [469.93, 144.36, 27.82, 44.9], [541.49, 150.57, 23.37, 33.69], [140.65, 154.29, 28.58, 34.71], [133.17, 129.65, 23.62, 34.93], [167.57, 147.63, 27.9, 41.09], [190.11, 138.56, 29.56, 49.62]]"
3512,/home/pi/sambashare/BacArbeit/cocoval2017/000000004134.jpg,3.187526233999961,"['0: person', '0: person', '27: tie', '0: person', '0: person', '40: wine glass', '0: person', '0: person', '0: person', '0: person', '60: dining table', '0: person', '40: wine glass', '60: dining table', '60: dining table', '60: dining table', '63: laptop', '0: person', '60: dining table', '0: person', '0: person', '0: person', '0: person', '40: wine glass']","[0, 0, 27, 0, 0, 40, 0, 0, 0, 0, 60, 0, 40, 60, 60, 60, 63, 0, 60, 0, 0, 0, 0, 40]","[0.89188135, 0.8528633, 0.790822, 0.7887222, 0.7829406, 0.752342, 0.7255206, 0.69229597, 0.6796464, 0.6422745, 0.59333396, 0.59131306, 0.5580823, 0.5028842, 0.42511305, 0.41333708, 0.40366977, 0.39568457, 0.38634327, 0.37021837, 0.35178205, 0.34673113, 0.27574557, 0.25947806]","[[35.91, 49.13, 273.05, 374.38], [230.49, 46.68, 360.82, 378.32], [393.66, 192.14, 39.75, 176.46], [470.15, 111.78, 55.91, 67.74], [7.33, 113.89, 66.91, 148.86], [20.79, 246.04, 16.26, 32.91], [572.29, 106.95, 67.71, 148.49], [296.12, 123.27, 43.0, 151.77], [238.39, 130.7, 39.1, 75.1], [513.24, 139.83, 24.28, 41.58], [228.54, 202.75, 57.86, 52.0], [581.83, 181.63, 58.0, 242.02], [221.45, 251.2, 19.2, 35.84], [1, 252.96, 53.49, 126.09], [206.83, 252.01, 106.61, 54.15], [1, 179.07, 21.47, 79.73], [587.2, 203.21, 29.4, 30.7], [541.0, 141.9, 27.08, 50.5], [1, 368.61, 54.73, 55.78], [1, 134.39, 10.31, 46.0], [346.85, 138.34, 30.28, 59.07], [189.95, 131.85, 40.27, 121.71], [9.11, 133.53, 23.85, 46.14], [221.18, 243.0, 16.02, 20.45]]"
3513,/home/pi/sambashare/BacArbeit/cocoval2017/000000490515.jpg,3.1819082719994185,"['37: surfboard', '0: person', '0: person']","[37, 0, 0]","[0.7440926, 0.55965924, 0.39681292]","[[482.46, 221.02, 29.86, 84.11], [188.61, 116.55, 319.96, 158.8], [192.33, 117.54, 167.94, 111.92]]"
3514,/home/pi/sambashare/BacArbeit/cocoval2017/000000404601.jpg,3.18445409800006,['11: stop sign'],[11],[0.67900044],"[[429.53, 606.7, 50.12, 32.97]]"
3515,/home/pi/sambashare/BacArbeit/cocoval2017/000000221754.jpg,3.186247028001162,"['2: car', '2: car', '9: traffic light', '0: person', '9: traffic light', '2: car', '11: stop sign', '0: person', '0: person']","[2, 2, 9, 0, 9, 2, 11, 0, 0]","[0.91525686, 0.892201, 0.7604823, 0.75513464, 0.7372366, 0.70741165, 0.70065564, 0.6261373, 0.28551602]","[[578.89, 270.36, 60.86, 29.76], [150.8, 260.82, 37.34, 18.1], [572.31, 172.06, 31.44, 59.34], [248.12, 260.21, 8.89, 27.95], [511.23, 175.65, 43.65, 54.58], [78.59, 258.54, 28.73, 12.49], [440.97, 285.53, 19.44, 32.31], [502.32, 265.41, 12.7, 29.08], [492.59, 265.47, 15.66, 27.54]]"
3516,/home/pi/sambashare/BacArbeit/cocoval2017/000000512248.jpg,3.185089926000728,['74: clock'],[74],[0.86603075],"[[295.34, 325.57, 127.21, 113.99]]"
3517,/home/pi/sambashare/BacArbeit/cocoval2017/000000236721.jpg,3.1724304460003623,"['41: cup', '46: banana', '41: cup', '46: banana', '41: cup', '41: cup', '41: cup', '43: knife', '0: person']","[41, 46, 41, 46, 41, 41, 41, 43, 0]","[0.8354065, 0.79577434, 0.71049535, 0.6526783, 0.52168757, 0.5024643, 0.29321498, 0.26902902, 0.26004833]","[[108.07, 108.55, 60.0, 61.98], [424.64, 88.17, 118.1, 81.95], [162.83, 126.83, 62.26, 60.42], [429.35, 133.23, 136.21, 72.78], [443.12, 291.57, 186.68, 119.87], [73.13, 195.66, 217.19, 214.03], [222.49, 117.75, 61.15, 60.92], [160.68, 106.85, 125.3, 20.18], [128.09, 1, 39.25, 76.31]]"
3518,/home/pi/sambashare/BacArbeit/cocoval2017/000000052412.jpg,3.1877782650008157,['4: airplane'],[4],[0.9085671],"[[1.47, 66.75, 296.86, 140.2]]"
3519,/home/pi/sambashare/BacArbeit/cocoval2017/000000374369.jpg,3.1835790060013096,"['0: person', '30: skis']","[0, 30]","[0.9324235, 0.86274403]","[[236.82, 44.6, 141.13, 319.88], [196.26, 326.1, 268.68, 56.34]]"
3520,/home/pi/sambashare/BacArbeit/cocoval2017/000000398203.jpg,3.1919049369989807,"['32: sports ball', '0: person', '0: person', '0: person', '0: person', '0: person', '0: person', '56: chair', '0: person']","[32, 0, 0, 0, 0, 0, 0, 56, 0]","[0.92941636, 0.9086967, 0.90607965, 0.8921432, 0.7977486, 0.7863967, 0.7590466, 0.6301122, 0.4739704]","[[246.37, 345.49, 61.96, 59.14], [299.77, 98.65, 148.82, 284.08], [204.54, 18.21, 156.58, 363.46], [423.21, 1.53, 216.48, 423.66], [106.69, 35.67, 116.96, 348.52], [1.48, 33.75, 140.12, 384.86], [236.66, 1, 69.93, 88.97], [60.52, 230.33, 48.66, 53.42], [64.0, 129.69, 90.04, 154.12]]"
3521,/home/pi/sambashare/BacArbeit/cocoval2017/000000376856.jpg,3.1782626069998514,['74: clock'],[74],[0.87838113],"[[239.11, 91.36, 51.72, 36.73]]"
3522,/home/pi/sambashare/BacArbeit/cocoval2017/000000419653.jpg,3.182745096999497,"['39: bottle', '68: microwave', '39: bottle', '62: tv', '39: bottle', '41: cup', '72: refrigerator', '56: chair', '45: bowl', '68: microwave', '62: tv', '56: chair', '45: bowl', '68: microwave']","[39, 68, 39, 62, 39, 41, 72, 56, 45, 68, 62, 56, 45, 68]","[0.89726317, 0.87998235, 0.80547786, 0.79206705, 0.78775007, 0.75684375, 0.7230989, 0.5282909, 0.52628124, 0.4431695, 0.38966316, 0.3550451, 0.34875157, 0.30000654]","[[339.78, 222.3, 40.11, 121.74], [44.02, 138.83, 74.78, 75.93], [484.58, 65.66, 27.18, 63.93], [551.57, 13.39, 86.4, 90.82], [79.64, 289.33, 48.6, 82.7], [553.51, 447.99, 86.23, 31.71], [1, 24.55, 47.33, 329.53], [226.09, 213.86, 57.7, 110.47], [20.18, 349.44, 73.45, 27.68], [116.5, 155.55, 75.7, 50.04], [402.55, 1, 133.01, 94.2], [264.04, 170.0, 70.28, 86.36], [201.92, 392.54, 163.98, 87.37], [1, 1, 43.93, 32.13]]"
3523,/home/pi/sambashare/BacArbeit/cocoval2017/000000025139.jpg,3.1857144810001046,['22: zebra'],[22],[0.6213773],"[[2.46, 2.33, 483.39, 331.44]]"
3524,/home/pi/sambashare/BacArbeit/cocoval2017/000000248810.jpg,3.183253003999198,['23: giraffe'],[23],[0.8858122],"[[59.49, 134.52, 240.22, 340.93]]"
3525,/home/pi/sambashare/BacArbeit/cocoval2017/000000129322.jpg,3.1778152200004115,['61: toilet'],[61],[0.9291484],"[[154.42, 394.89, 101.05, 200.62]]"
3526,/home/pi/sambashare/BacArbeit/cocoval2017/000000357941.jpg,3.1835236429997167,"['62: tv', '62: tv', '15: cat', '67: cell phone', '73: book', '73: book']","[62, 62, 15, 67, 73, 73]","[0.83569086, 0.800035, 0.64091337, 0.5633572, 0.27100557, 0.25227627]","[[88.41, 1, 261.93, 159.06], [112.98, 191.39, 311.24, 183.19], [160.34, 133.0, 240.67, 79.47], [21.95, 210.94, 20.38, 54.22], [467.62, 249.68, 32.05, 10.79], [468.26, 257.7, 31.45, 7.59]]"
3527,/home/pi/sambashare/BacArbeit/cocoval2017/000000208363.jpg,3.1872264979992906,"['0: person', '0: person', '0: person', '0: person', '0: person', '0: person', '63: laptop', '62: tv', '0: person', '0: person', '0: person', '0: person', '0: person', '0: person', '56: chair', '56: chair', '0: person', '0: person', '53: pizza', '56: chair', '54: donut', '0: person', '73: book']","[0, 0, 0, 0, 0, 0, 63, 62, 0, 0, 0, 0, 0, 0, 56, 56, 0, 0, 53, 56, 54, 0, 73]","[0.8976966, 0.8826775, 0.87940985, 0.8690448, 0.8167923, 0.80002064, 0.7932871, 0.77973276, 0.7512375, 0.7464701, 0.6646488, 0.6599942, 0.5328575, 0.5316909, 0.49349898, 0.4623816, 0.4508821, 0.44139063, 0.3491374, 0.31526962, 0.27342868, 0.2697551, 0.25432006]","[[208.23, 127.95, 175.08, 350.2], [432.51, 220.04, 207.26, 258.36], [1, 215.39, 270.77, 263.63], [528.01, 110.49, 88.41, 112.85], [1, 102.66, 111.03, 145.86], [112.31, 80.88, 67.18, 136.78], [1, 213.78, 99.52, 139.96], [156.24, 159.61, 61.37, 96.45], [193.95, 72.06, 83.52, 124.32], [324.88, 26.34, 65.87, 93.47], [1, 72.51, 63.79, 100.32], [448.17, 131.24, 144.37, 227.87], [1, 249.79, 32.89, 57.52], [404.48, 94.73, 79.08, 127.16], [208.48, 175.29, 50.24, 129.47], [376.91, 208.31, 55.32, 135.12], [362.14, 89.94, 71.27, 83.05], [335.33, 114.45, 102.43, 169.88], [430.15, 351.57, 58.62, 33.3], [215.1, 344.17, 66.71, 99.52], [471.13, 209.02, 38.33, 19.44], [281.0, 84.05, 65.36, 67.74], [65.65, 180.96, 45.26, 23.16]]"
3528,/home/pi/sambashare/BacArbeit/cocoval2017/000000192716.jpg,3.1739630049996777,"['11: stop sign', '2: car', '2: car', '0: person', '2: car']","[11, 2, 2, 0, 2]","[0.9610086, 0.92136014, 0.8902814, 0.461826, 0.31991872]","[[107.12, 169.58, 307.03, 314.54], [136.9, 595.93, 97.43, 43.97], [1, 590.81, 52.07, 48.9], [34.71, 596.5, 18.51, 29.4], [220.97, 607.13, 23.35, 32.11]]"
3529,/home/pi/sambashare/BacArbeit/cocoval2017/000000380203.jpg,3.195942766000371,['17: horse'],[17],[0.62187296],"[[32.19, 103.13, 350.03, 470.08]]"
3530,/home/pi/sambashare/BacArbeit/cocoval2017/000000362682.jpg,3.1816187760014145,"['7: truck', '7: truck', '5: bus', '0: person', '74: clock']","[7, 7, 5, 0, 74]","[0.91817755, 0.82398796, 0.7183812, 0.43331736, 0.33501333]","[[1, 123.76, 82.83, 100.16], [538.87, 135.38, 100.5, 163.75], [75.18, 57.22, 497.58, 261.46], [413.69, 139.91, 34.64, 49.15], [377.83, 1, 40.77, 9.24]]"
3531,/home/pi/sambashare/BacArbeit/cocoval2017/000000477227.jpg,3.1871697250007855,"['8: boat', '2: car', '7: truck']","[8, 2, 7]","[0.43811625, 0.30302057, 0.2550864]","[[74.99, 204.84, 385.84, 92.6], [88.89, 156.24, 13.36, 5.35], [141.84, 379.7, 311.37, 46.33]]"
3532,/home/pi/sambashare/BacArbeit/cocoval2017/000000031749.jpg,3.174231847999181,"['74: clock', '74: clock']","[74, 74]","[0.7816487, 0.42559946]","[[82.43, 238.77, 200.46, 239.69], [332.52, 194.84, 214.47, 335.31]]"
3533,/home/pi/sambashare/BacArbeit/cocoval2017/000000520324.jpg,3.1759958530001313,"['4: airplane', '0: person']","[4, 0]","[0.6823177, 0.5848071]","[[140.2, 215.44, 496.39, 138.61], [487.09, 268.3, 6.7, 10.16]]"
3534,/home/pi/sambashare/BacArbeit/cocoval2017/000000473406.jpg,3.186595638999279,"['0: person', '71: sink', '39: bottle', '41: cup', '39: bottle', '41: cup']","[0, 71, 39, 41, 39, 41]","[0.9393503, 0.8169582, 0.81474286, 0.7906236, 0.73660755, 0.2918752]","[[82.39, 85.27, 249.14, 541.77], [1, 224.73, 165.59, 114.64], [372.72, 221.99, 51.02, 151.78], [314.7, 306.32, 46.71, 105.4], [354.69, 225.99, 34.93, 112.1], [67.3, 101.41, 16.01, 29.49]]"
3535,/home/pi/sambashare/BacArbeit/cocoval2017/000000562229.jpg,3.180044695000106,"['0: person', '36: skateboard', '0: person', '0: person']","[0, 36, 0, 0]","[0.93447804, 0.9164876, 0.6688804, 0.6620037]","[[271.16, 123.8, 183.01, 443.1], [248.0, 498.31, 170.63, 79.27], [485.03, 257.38, 22.17, 32.28], [502.05, 255.85, 14.61, 30.94]]"
3536,/home/pi/sambashare/BacArbeit/cocoval2017/000000161044.jpg,3.204719441000634,"['4: airplane', '4: airplane']","[4, 4]","[0.90959555, 0.894554]","[[306.02, 159.51, 23.88, 24.82], [359.85, 182.28, 23.37, 24.68]]"
3537,/home/pi/sambashare/BacArbeit/cocoval2017/000000400082.jpg,3.1849228360006236,"['41: cup', '44: spoon', '52: hot dog', '60: dining table', '73: book']","[41, 44, 52, 60, 73]","[0.7701809, 0.6626054, 0.4910536, 0.40383962, 0.31208998]","[[333.17, 84.18, 164.84, 192.7], [438.34, 71.29, 58.35, 66.76], [71.28, 87.4, 135.44, 98.08], [14.64, 11.49, 483.13, 265.63], [152.88, 145.22, 181.75, 134.5]]"
3538,/home/pi/sambashare/BacArbeit/cocoval2017/000000381587.jpg,3.20556889099862,"['45: bowl', '45: bowl', '45: bowl', '41: cup', '45: bowl', '45: bowl', '45: bowl', '45: bowl', '45: bowl', '41: cup', '45: bowl', '41: cup', '0: person', '60: dining table', '45: bowl', '44: spoon', '45: bowl', '45: bowl', '44: spoon', '0: person', '45: bowl', '44: spoon', '45: bowl', '45: bowl', '44: spoon', '45: bowl', '60: dining table', '45: bowl', '45: bowl', '45: bowl', '44: spoon', '45: bowl', '50: broccoli', '45: bowl', '45: bowl', '41: cup']","[45, 45, 45, 41, 45, 45, 45, 45, 45, 41, 45, 41, 0, 60, 45, 44, 45, 45, 44, 0, 45, 44, 45, 45, 44, 45, 60, 45, 45, 45, 44, 45, 50, 45, 45, 41]","[0.91606593, 0.90148544, 0.895769, 0.87511986, 0.8649412, 0.85446125, 0.8532466, 0.8385648, 0.801079, 0.7988442, 0.7874625, 0.7553302, 0.7220913, 0.7089266, 0.6868647, 0.68090427, 0.6683815, 0.64507324, 0.6376522, 0.62767714, 0.6216597, 0.60842896, 0.52884364, 0.5112735, 0.47980493, 0.4686022, 0.44814405, 0.43731648, 0.40023452, 0.38936642, 0.3578778, 0.34405217, 0.3179536, 0.30309984, 0.29568332, 0.2883333]","[[8.67, 450.22, 75.16, 68.91], [98.48, 338.02, 72.77, 46.99], [6.22, 57.37, 67.36, 101.66], [8.67, 294.22, 51.57, 62.4], [91.62, 373.61, 97.76, 47.88], [75.18, 7.76, 137.51, 177.51], [89.33, 446.27, 81.21, 73.98], [218.69, 2.83, 176.41, 145.59], [217.74, 461.44, 115.0, 169.99], [90.85, 246.36, 35.23, 28.85], [84.03, 522.53, 90.29, 89.28], [60.49, 282.24, 31.11, 39.34], [344.23, 221.55, 77.38, 152.22], [1.91, 203.26, 414.36, 219.05], [124.24, 234.84, 36.27, 22.31], [49.25, 32.97, 41.21, 43.97], [262.97, 245.82, 30.6, 31.91], [106.15, 209.0, 53.36, 32.15], [47.86, 6.01, 27.02, 15.43], [48.15, 200.25, 72.42, 54.9], [231.32, 272.37, 35.95, 37.0], [134.68, 200.42, 15.91, 20.06], [302.16, 275.73, 52.2, 28.0], [111.74, 266.9, 31.74, 28.58], [81.5, 202.57, 39.54, 30.46], [316.48, 214.82, 40.17, 17.42], [8.49, 432.29, 204.33, 188.56], [146.39, 282.7, 58.94, 27.94], [342.7, 138.83, 77.93, 55.19], [160.51, 220.18, 25.88, 20.51], [122.08, 67.39, 61.71, 33.9], [298.44, 226.44, 37.75, 18.0], [130.22, 569.79, 29.16, 30.05], [50.51, 380.86, 59.46, 40.89], [217.41, 129.13, 73.32, 65.29], [238.96, 251.03, 20.81, 23.4]]"
3539,/home/pi/sambashare/BacArbeit/cocoval2017/000000461573.jpg,3.187306243000421,"['13: bench', '13: bench']","[13, 13]","[0.649053, 0.27844536]","[[202.74, 55.28, 290.28, 276.33], [140.48, 50.67, 179.96, 197.19]]"
3540,/home/pi/sambashare/BacArbeit/cocoval2017/000000497628.jpg,3.182053840999288,"['59: bed', '59: bed']","[59, 59]","[0.42072046, 0.271657]","[[1.07, 1, 477.31, 626.07], [4.14, 468.86, 467.69, 170.21]]"
3541,/home/pi/sambashare/BacArbeit/cocoval2017/000000486046.jpg,3.1967897769991396,"['23: giraffe', '22: zebra', '22: zebra']","[23, 22, 22]","[0.9150828, 0.91062593, 0.33076584]","[[192.08, 31.37, 386.67, 446.19], [1, 375.92, 168.4, 103.46], [1, 421.92, 43.24, 20.11]]"
3542,/home/pi/sambashare/BacArbeit/cocoval2017/000000164885.jpg,3.189354663998529,"['0: person', '0: person', '0: person', '0: person', '30: skis', '0: person', '0: person', '0: person']","[0, 0, 0, 0, 30, 0, 0, 0]","[0.9302719, 0.83972955, 0.71123695, 0.64013577, 0.59521276, 0.5736653, 0.48945892, 0.31216457]","[[283.4, 101.38, 61.1, 154.4], [285.83, 296.94, 13.82, 14.09], [400.06, 244.29, 13.7, 28.16], [345.6, 261.97, 11.69, 19.89], [256.16, 249.99, 104.96, 8.38], [481.97, 245.39, 8.62, 16.06], [464.55, 261.35, 15.02, 10.57], [469.93, 245.17, 8.62, 16.11]]"
3543,/home/pi/sambashare/BacArbeit/cocoval2017/000000357238.jpg,3.1878956479995395,"['33: kite', '0: person']","[33, 0]","[0.93545395, 0.6923375]","[[169.68, 142.34, 59.29, 68.0], [225.04, 522.74, 8.5, 21.95]]"
3544,/home/pi/sambashare/BacArbeit/cocoval2017/000000294695.jpg,3.1850646309994772,"['0: person', '0: person', '0: person', '33: kite', '0: person', '0: person', '0: person', '26: handbag', '0: person', '0: person', '0: person', '8: boat']","[0, 0, 0, 33, 0, 0, 0, 26, 0, 0, 0, 8]","[0.89507306, 0.8774309, 0.8733401, 0.86002934, 0.8336417, 0.7407042, 0.48674804, 0.34520882, 0.34039268, 0.30815864, 0.29803717, 0.27689418]","[[109.21, 278.03, 46.64, 108.87], [553.63, 186.91, 51.34, 135.45], [221.98, 284.69, 43.85, 121.65], [115.05, 20.89, 257.92, 153.67], [608.34, 193.31, 31.36, 139.12], [600.08, 209.56, 12.32, 23.49], [71.91, 219.14, 4.82, 11.89], [141.23, 330.92, 18.81, 30.45], [55.8, 224.41, 8.8, 8.58], [27.19, 228.89, 5.56, 5.93], [108.32, 221.44, 12.29, 8.58], [500.13, 211.56, 6.17, 5.85]]"
3545,/home/pi/sambashare/BacArbeit/cocoval2017/000000571598.jpg,3.2004440420005267,"['0: person', '0: person', '0: person', '0: person', '27: tie', '0: person', '27: tie', '67: cell phone', '0: person']","[0, 0, 0, 0, 27, 0, 27, 67, 0]","[0.9040464, 0.9032444, 0.8563606, 0.81064224, 0.7772728, 0.71403146, 0.6463896, 0.64613557, 0.31065232]","[[1.63, 107.49, 207.63, 372.51], [452.52, 123.12, 185.99, 354.54], [178.39, 100.78, 284.57, 379.22], [424.2, 236.58, 43.97, 50.37], [61.5, 316.97, 57.86, 162.21], [159.88, 252.89, 63.77, 56.96], [510.94, 284.82, 48.75, 191.64], [570.14, 350.16, 45.16, 71.3], [109.38, 264.78, 72.28, 79.14]]"
3546,/home/pi/sambashare/BacArbeit/cocoval2017/000000259097.jpg,3.166700543999468,"['0: person', '29: frisbee']","[0, 29]","[0.87780946, 0.803598]","[[195.26, 144.94, 38.14, 117.99], [202.72, 119.56, 14.76, 4.95]]"
3547,/home/pi/sambashare/BacArbeit/cocoval2017/000000440617.jpg,3.2035828820007737,"['6: train', '9: traffic light']","[6, 9]","[0.93844897, 0.50577265]","[[66.74, 192.2, 352.18, 135.31], [1, 131.92, 18.8, 67.53]]"
3548,/home/pi/sambashare/BacArbeit/cocoval2017/000000578500.jpg,3.195399576999989,"['56: chair', '57: couch', '57: couch', '58: potted plant', '56: chair', '75: vase', '62: tv', '56: chair', '75: vase', '56: chair', '58: potted plant', '58: potted plant']","[56, 57, 57, 58, 56, 75, 62, 56, 75, 56, 58, 58]","[0.9183868, 0.91313416, 0.87748843, 0.59467494, 0.5133036, 0.4497897, 0.42021513, 0.4186615, 0.40153673, 0.36677423, 0.29181308, 0.2860485]","[[1, 146.92, 137.23, 100.75], [495.66, 114.33, 143.65, 175.36], [262.56, 149.06, 205.66, 91.06], [265.5, 142.21, 68.97, 57.65], [203.03, 148.0, 24.57, 28.28], [496.51, 152.56, 18.95, 24.68], [1, 155.19, 51.27, 80.79], [164.24, 151.64, 43.42, 37.25], [322.8, 187.3, 21.67, 8.67], [118.53, 152.6, 34.09, 38.96], [91.89, 131.29, 57.63, 45.72], [416.6, 20.9, 53.55, 88.0]]"
3549,/home/pi/sambashare/BacArbeit/cocoval2017/000000367680.jpg,3.190996011000607,"['5: bus', '7: truck', '7: truck', '0: person', '2: car', '0: person', '0: person', '0: person', '0: person']","[5, 7, 7, 0, 2, 0, 0, 0, 0]","[0.9069681, 0.9059608, 0.8870562, 0.86056215, 0.81435823, 0.81104857, 0.77108073, 0.53373414, 0.2785856]","[[46.11, 127.65, 151.31, 65.21], [317.44, 149.58, 125.17, 61.2], [1, 142.6, 45.92, 55.51], [247.02, 152.29, 26.01, 44.15], [284.56, 169.17, 106.13, 68.9], [236.43, 151.78, 13.52, 44.68], [192.66, 157.46, 22.78, 25.49], [142.79, 148.34, 28.48, 63.15], [168.07, 160.56, 14.3, 15.06]]"
3550,/home/pi/sambashare/BacArbeit/cocoval2017/000000096549.jpg,3.1677353200011567,['4: airplane'],[4],[0.7531378],"[[51.82, 8.82, 585.5, 163.95]]"
3551,/home/pi/sambashare/BacArbeit/cocoval2017/000000158956.jpg,3.1851472799990006,"['0: person', '55: cake']","[0, 55]","[0.89519846, 0.88821924]","[[169.27, 44.08, 325.54, 377.93], [166.65, 314.04, 125.21, 41.96]]"
3552,/home/pi/sambashare/BacArbeit/cocoval2017/000000287527.jpg,3.180418448999262,"['27: tie', '0: person', '0: person']","[27, 0, 0]","[0.8812413, 0.37694985, 0.26607308]","[[491.19, 447.64, 137.12, 188.53], [3.67, 5.43, 286.87, 630.06], [249.11, 4.49, 386.79, 628.43]]"
3553,/home/pi/sambashare/BacArbeit/cocoval2017/000000153568.jpg,3.1863597519986797,['11: stop sign'],[11],[0.3507373],"[[4.36, 5.08, 490.64, 371.93]]"
3554,/home/pi/sambashare/BacArbeit/cocoval2017/000000037751.jpg,3.1772766480007704,"['0: person', '3: motorcycle', '3: motorcycle', '22: zebra', '24: backpack']","[0, 3, 3, 22, 24]","[0.8593765, 0.63369435, 0.60448754, 0.5018555, 0.45219997]","[[277.59, 197.64, 61.13, 102.61], [294.29, 244.55, 36.59, 68.7], [374.43, 369.85, 165.92, 109.68], [251.02, 401.68, 96.14, 78.12], [298.85, 214.61, 29.03, 34.39]]"
3555,/home/pi/sambashare/BacArbeit/cocoval2017/000000016598.jpg,3.187900155000534,"['67: cell phone', '0: person', '27: tie']","[67, 0, 27]","[0.8726855, 0.81468856, 0.45901975]","[[341.0, 149.79, 73.24, 121.26], [15.88, 6.02, 462.12, 631.36], [225.69, 299.92, 112.27, 335.37]]"
3556,/home/pi/sambashare/BacArbeit/cocoval2017/000000454404.jpg,3.1817966560010973,"['0: person', '13: bench']","[0, 13]","[0.6870996, 0.26269168]","[[244.65, 36.89, 227.69, 390.63], [34.45, 189.29, 400.62, 339.53]]"
3557,/home/pi/sambashare/BacArbeit/cocoval2017/000000554156.jpg,3.1777310950001265,"['0: person', '38: tennis racket', '29: frisbee']","[0, 38, 29]","[0.8123916, 0.61442095, 0.28865016]","[[115.34, 86.73, 340.32, 339.13], [417.01, 1, 104.71, 230.4], [324.25, 152.55, 285.66, 228.05]]"
3558,/home/pi/sambashare/BacArbeit/cocoval2017/000000025228.jpg,3.181703419999394,"['37: surfboard', '0: person', '0: person']","[37, 0, 0]","[0.73839325, 0.7041377, 0.5138464]","[[130.56, 366.58, 405.86, 68.17], [204.97, 154.33, 230.66, 237.05], [479.03, 166.56, 160.47, 74.56]]"
3559,/home/pi/sambashare/BacArbeit/cocoval2017/000000364636.jpg,3.193202411001039,['16: dog'],[16],[0.91789484],"[[122.36, 87.71, 513.07, 445.29]]"
3560,/home/pi/sambashare/BacArbeit/cocoval2017/000000332351.jpg,3.1845365869994566,"['0: person', '0: person', '0: person', '0: person', '0: person', '0: person', '37: surfboard', '0: person', '0: person', '0: person', '0: person', '0: person', '0: person', '0: person', '37: surfboard', '0: person', '37: surfboard', '0: person', '37: surfboard', '0: person', '37: surfboard']","[0, 0, 0, 0, 0, 0, 37, 0, 0, 0, 0, 0, 0, 0, 37, 0, 37, 0, 37, 0, 37]","[0.76632303, 0.75163263, 0.69620246, 0.6909717, 0.67849654, 0.5763089, 0.5356535, 0.50344574, 0.48127985, 0.4673133, 0.42633384, 0.40978524, 0.34855443, 0.34060726, 0.33853632, 0.32942227, 0.31346908, 0.31133533, 0.2926504, 0.28688174, 0.26753578]","[[372.16, 165.48, 24.98, 42.32], [24.45, 190.77, 19.23, 20.74], [496.29, 180.07, 15.68, 21.65], [94.17, 165.06, 17.86, 23.22], [171.23, 166.86, 17.78, 24.74], [146.44, 173.85, 16.0, 18.63], [200.43, 165.55, 29.39, 13.43], [556.39, 189.02, 14.41, 12.07], [457.93, 162.39, 7.12, 10.55], [254.35, 169.36, 16.12, 29.12], [549.1, 156.5, 14.11, 14.18], [149.89, 165.78, 13.26, 10.96], [545.06, 191.34, 24.43, 10.92], [415.84, 180.06, 23.43, 14.48], [42.1, 205.0, 16.69, 6.9], [204.35, 162.55, 14.93, 15.66], [250.26, 169.16, 30.63, 21.16], [275.86, 166.71, 7.73, 8.37], [249.79, 169.14, 15.61, 16.12], [182.07, 179.23, 13.09, 13.11], [139.88, 180.9, 12.76, 11.52]]"
3561,/home/pi/sambashare/BacArbeit/cocoval2017/000000288584.jpg,3.170195728998806,"['0: person', '0: person', '23: giraffe', '26: handbag', '0: person', '56: chair', '0: person', '0: person', '56: chair', '0: person', '0: person', '26: handbag', '0: person', '0: person', '24: backpack', '26: handbag']","[0, 0, 23, 26, 0, 56, 0, 0, 56, 0, 0, 26, 0, 0, 24, 26]","[0.92694736, 0.8636436, 0.8509789, 0.8337677, 0.80869555, 0.7966989, 0.795921, 0.76729864, 0.756891, 0.74758244, 0.74672663, 0.6235911, 0.559968, 0.40491918, 0.40422767, 0.2966365]","[[402.23, 147.05, 89.55, 242.75], [118.66, 92.6, 72.21, 239.73], [197.15, 2.06, 213.51, 420.78], [73.53, 340.76, 42.02, 85.67], [472.58, 71.47, 48.87, 174.02], [5.72, 1, 48.64, 53.18], [17.66, 296.04, 90.52, 130.27], [127.07, 257.57, 90.65, 169.43], [179.5, 167.7, 62.64, 86.16], [541.23, 118.32, 73.01, 118.51], [524.55, 79.46, 86.86, 100.54], [178.64, 296.4, 41.69, 79.36], [622.18, 116.96, 17.75, 85.54], [540.85, 43.08, 68.7, 67.01], [545.03, 101.72, 51.27, 32.76], [141.27, 404.74, 49.46, 21.96]]"
3562,/home/pi/sambashare/BacArbeit/cocoval2017/000000123633.jpg,3.1696065870000893,"['0: person', '0: person', '0: person', '0: person', '45: bowl', '0: person', '41: cup', '73: book', '73: book', '73: book', '73: book', '60: dining table', '56: chair', '24: backpack']","[0, 0, 0, 0, 45, 0, 41, 73, 73, 73, 73, 60, 56, 24]","[0.93823737, 0.9376843, 0.92025834, 0.8184571, 0.806243, 0.7390143, 0.6184107, 0.6000786, 0.55157894, 0.49769214, 0.47110683, 0.4611259, 0.42827934, 0.32815975]","[[298.0, 1, 267.63, 341.34], [123.85, 255.17, 214.35, 224.03], [355.78, 207.24, 200.46, 217.04], [447.39, 1, 96.08, 130.2], [527.56, 376.73, 111.51, 102.58], [112.86, 1, 156.53, 285.31], [523.27, 448.57, 74.66, 31.43], [613.85, 184.66, 26.15, 95.22], [591.6, 178.85, 44.85, 100.84], [580.18, 177.13, 33.41, 101.27], [580.15, 128.95, 59.63, 43.95], [266.11, 373.3, 372.98, 105.76], [79.85, 376.0, 76.02, 104.0], [567.49, 333.15, 72.17, 46.34]]"
3563,/home/pi/sambashare/BacArbeit/cocoval2017/000000579818.jpg,3.184717248999732,"['6: train', '0: person']","[6, 0]","[0.78312176, 0.56218755]","[[1, 87.48, 538.02, 135.63], [428.78, 112.05, 13.69, 22.72]]"
3564,/home/pi/sambashare/BacArbeit/cocoval2017/000000545826.jpg,3.191741822998665,['15: cat'],[15],[0.7088434],"[[25.25, 1.65, 263.72, 328.59]]"
3565,/home/pi/sambashare/BacArbeit/cocoval2017/000000232692.jpg,3.184240767999654,"['0: person', '0: person', '30: skis', '0: person', '16: dog', '37: surfboard', '0: person', '0: person', '37: surfboard', '0: person']","[0, 0, 30, 0, 16, 37, 0, 0, 37, 0]","[0.91149807, 0.87660784, 0.8638982, 0.765035, 0.6658934, 0.64716196, 0.5783042, 0.4954879, 0.31667942, 0.25392148]","[[252.58, 44.24, 149.77, 163.36], [584.51, 92.75, 35.71, 54.07], [249.37, 189.11, 151.34, 34.49], [621.99, 95.19, 17.87, 50.53], [491.28, 145.74, 37.36, 25.72], [525.06, 138.84, 113.89, 11.45], [462.91, 38.58, 62.04, 48.34], [434.44, 49.56, 23.53, 31.31], [626.53, 135.28, 13.14, 10.89], [457.11, 42.15, 36.13, 38.21]]"
3566,/home/pi/sambashare/BacArbeit/cocoval2017/000000324158.jpg,3.1942345770003158,"['0: person', '36: skateboard', '16: dog', '2: car', '2: car', '2: car', '2: car', '2: car', '2: car']","[0, 36, 16, 2, 2, 2, 2, 2, 2]","[0.93429244, 0.7142715, 0.7138601, 0.48045138, 0.41901565, 0.41271755, 0.40860775, 0.35029858, 0.32906026]","[[202.93, 101.71, 70.18, 149.75], [223.39, 247.53, 29.18, 16.11], [196.09, 183.83, 23.94, 53.08], [39.92, 161.68, 40.8, 14.19], [8.14, 161.45, 39.73, 22.04], [45.62, 154.85, 44.91, 14.71], [117.25, 144.86, 21.87, 13.34], [1, 165.85, 15.41, 30.36], [80.04, 149.12, 28.96, 10.94]]"
3567,/home/pi/sambashare/BacArbeit/cocoval2017/000000572303.jpg,3.1866430820009555,"['6: train', '6: train']","[6, 6]","[0.72849077, 0.25952336]","[[2.09, 35.72, 607.91, 330.54], [1, 196.6, 18.7, 102.81]]"
3568,/home/pi/sambashare/BacArbeit/cocoval2017/000000228144.jpg,3.1848206909999135,"['56: chair', '57: couch', '60: dining table', '58: potted plant']","[56, 57, 60, 58]","[0.91688144, 0.8595538, 0.4262839, 0.42156297]","[[1, 76.33, 215.66, 341.38], [303.07, 180.95, 142.91, 104.07], [1, 292.42, 57.16, 132.71], [1, 97.45, 69.61, 74.2]]"
3569,/home/pi/sambashare/BacArbeit/cocoval2017/000000319369.jpg,3.181314478999411,"['0: person', '2: car', '0: person', '25: umbrella', '0: person', '25: umbrella', '2: car', '19: cow', '12: parking meter']","[0, 2, 0, 25, 0, 25, 2, 19, 12]","[0.93511593, 0.8968205, 0.8423165, 0.8162506, 0.78708404, 0.78273743, 0.77355045, 0.53382576, 0.27312508]","[[477.74, 205.56, 67.97, 122.03], [598.38, 193.92, 41.11, 27.4], [335.94, 214.52, 46.95, 157.03], [54.61, 167.52, 214.26, 60.12], [286.57, 212.32, 54.6, 151.04], [230.95, 182.85, 179.84, 77.9], [577.02, 196.74, 35.37, 16.89], [350.25, 316.04, 289.56, 100.12], [478.94, 191.26, 22.6, 16.53]]"
3570,/home/pi/sambashare/BacArbeit/cocoval2017/000000394559.jpg,3.1779309470002772,"['0: person', '38: tennis racket', '0: person', '0: person', '0: person']","[0, 38, 0, 0, 0]","[0.9407178, 0.91650456, 0.55972946, 0.546382, 0.3898762]","[[167.75, 176.41, 149.68, 338.42], [172.05, 111.71, 52.74, 139.88], [286.78, 100.59, 55.1, 116.17], [380.94, 89.0, 44.95, 128.97], [266.87, 74.82, 37.43, 129.22]]"
3571,/home/pi/sambashare/BacArbeit/cocoval2017/000000157365.jpg,3.190550725999856,"['0: person', '2: car', '2: car', '2: car', '36: skateboard', '2: car', '2: car', '2: car']","[0, 2, 2, 2, 36, 2, 2, 2]","[0.94519836, 0.9046314, 0.8771814, 0.87146634, 0.83382136, 0.80796987, 0.71518284, 0.56306684]","[[107.91, 116.06, 122.68, 361.97], [1, 192.27, 121.25, 185.59], [354.23, 162.11, 72.76, 74.42], [204.84, 158.21, 78.88, 75.4], [141.47, 465.83, 66.86, 29.76], [1, 169.76, 113.62, 82.84], [389.62, 100.07, 37.21, 58.94], [1, 315.39, 9.87, 119.37]]"
3572,/home/pi/sambashare/BacArbeit/cocoval2017/000000500478.jpg,3.185090257000411,"['0: person', '0: person', '35: baseball glove', '0: person', '0: person', '0: person', '0: person', '0: person', '0: person', '56: chair', '0: person', '0: person', '0: person', '56: chair', '56: chair', '0: person']","[0, 0, 35, 0, 0, 0, 0, 0, 0, 56, 0, 0, 0, 56, 56, 0]","[0.8969944, 0.8311677, 0.73574746, 0.73121935, 0.71325475, 0.676877, 0.6360711, 0.49975634, 0.4967916, 0.39450556, 0.3821389, 0.36152425, 0.33924687, 0.30625096, 0.29709736, 0.27792567]","[[100.72, 82.44, 171.41, 433.67], [33.19, 178.99, 59.15, 63.55], [190.63, 207.45, 40.95, 56.36], [1, 58.34, 72.19, 78.27], [85.51, 1, 50.76, 100.92], [203.27, 8.22, 63.51, 69.79], [163.54, 1, 48.44, 57.52], [1, 178.85, 31.36, 57.04], [222.2, 195.23, 53.19, 69.98], [18.37, 238.65, 50.36, 57.36], [132.31, 1, 42.28, 57.86], [239.28, 111.24, 56.96, 66.97], [262.46, 55.67, 60.08, 58.97], [1, 237.87, 20.76, 56.35], [40.75, 1, 45.22, 72.63], [292.18, 191.88, 36.69, 72.15]]"
3573,/home/pi/sambashare/BacArbeit/cocoval2017/000000145597.jpg,3.179707600000256,"['0: person', '0: person', '0: person', '41: cup', '0: person', '26: handbag', '0: person', '0: person', '41: cup', '26: handbag', '25: umbrella', '40: wine glass', '41: cup', '41: cup']","[0, 0, 0, 41, 0, 26, 0, 0, 41, 26, 25, 40, 41, 41]","[0.8820794, 0.87637395, 0.86860657, 0.8592095, 0.646582, 0.6070482, 0.5952563, 0.54158884, 0.4132492, 0.39014164, 0.38373768, 0.34987658, 0.33819485, 0.30813113]","[[364.06, 123.81, 266.52, 356.19], [316.03, 10.74, 144.85, 218.64], [47.71, 12.17, 101.06, 139.37], [357.52, 325.86, 25.15, 35.53], [549.05, 33.37, 90.62, 183.29], [167.98, 357.91, 88.44, 121.73], [354.59, 47.24, 8.09, 11.21], [2.29, 66.2, 152.83, 407.11], [300.64, 270.04, 23.13, 31.62], [1, 308.56, 166.13, 165.36], [203.76, 305.3, 145.97, 77.97], [79.53, 118.14, 18.58, 32.39], [295.3, 159.91, 15.51, 17.91], [364.37, 249.57, 32.15, 21.2]]"
3574,/home/pi/sambashare/BacArbeit/cocoval2017/000000506279.jpg,3.1887965010009793,['40: wine glass'],[40],[0.9056807],"[[281.9, 93.56, 147.3, 404.8]]"
3575,/home/pi/sambashare/BacArbeit/cocoval2017/000000057027.jpg,3.196501566000734,"['20: elephant', '20: elephant', '20: elephant', '20: elephant']","[20, 20, 20, 20]","[0.9185757, 0.90053016, 0.82603306, 0.81376725]","[[178.78, 262.97, 187.14, 147.6], [1, 172.43, 90.83, 197.17], [1, 1, 236.6, 191.25], [71.59, 8.57, 549.24, 398.66]]"
3576,/home/pi/sambashare/BacArbeit/cocoval2017/000000310200.jpg,3.1801978410003358,"['45: bowl', '39: bottle', '55: cake', '39: bottle', '55: cake', '44: spoon', '44: spoon', '55: cake']","[45, 39, 55, 39, 55, 44, 44, 55]","[0.89372003, 0.58057886, 0.5632502, 0.556949, 0.5498679, 0.42385226, 0.36558923, 0.28443462]","[[186.61, 1, 251.36, 78.54], [1, 1, 54.65, 144.59], [113.38, 82.91, 291.31, 218.75], [40.85, 1, 118.48, 137.45], [204.53, 195.66, 354.3, 220.06], [399.72, 130.83, 238.76, 41.41], [166.71, 42.34, 64.6, 63.44], [70.13, 68.94, 525.06, 369.77]]"
3577,/home/pi/sambashare/BacArbeit/cocoval2017/000000097994.jpg,3.191529318999528,"['63: laptop', '63: laptop', '41: cup', '66: keyboard', '62: tv', '63: laptop', '39: bottle', '73: book', '64: mouse', '73: book', '67: cell phone', '73: book', '66: keyboard', '73: book', '66: keyboard', '73: book']","[63, 63, 41, 66, 62, 63, 39, 73, 64, 73, 67, 73, 66, 73, 66, 73]","[0.9273219, 0.91171014, 0.9085055, 0.90842706, 0.9042803, 0.8545762, 0.6831014, 0.58679146, 0.57295793, 0.45576233, 0.45518976, 0.38074154, 0.3578854, 0.2904849, 0.28977752, 0.2885747]","[[33.76, 248.1, 170.41, 131.74], [382.38, 199.73, 131.32, 121.72], [510.45, 281.93, 34.27, 46.28], [216.62, 308.42, 184.65, 44.08], [234.59, 168.63, 164.28, 105.52], [73.37, 181.23, 123.09, 83.76], [505.9, 235.75, 26.52, 54.19], [595.56, 256.75, 40.38, 79.81], [440.8, 328.15, 34.71, 26.82], [615.3, 275.62, 24.26, 63.77], [222.55, 293.9, 26.51, 17.08], [515.86, 331.67, 79.38, 43.11], [386.46, 264.91, 114.27, 48.67], [598.07, 366.96, 40.65, 59.58], [63.85, 309.28, 135.22, 67.05], [607.65, 206.74, 31.82, 17.19]]"
3578,/home/pi/sambashare/BacArbeit/cocoval2017/000000237984.jpg,3.194735414999741,"['13: bench', '56: chair']","[13, 56]","[0.8176857, 0.36852184]","[[22.69, 99.71, 617.13, 298.82], [115.72, 96.38, 128.19, 132.15]]"
3579,/home/pi/sambashare/BacArbeit/cocoval2017/000000071451.jpg,3.190025064999645,['59: bed'],[59],[0.6410357],"[[1, 210.53, 373.68, 425.94]]"
3580,/home/pi/sambashare/BacArbeit/cocoval2017/000000450758.jpg,3.194545960999676,"['23: giraffe', '23: giraffe', '23: giraffe', '23: giraffe', '23: giraffe', '23: giraffe', '23: giraffe']","[23, 23, 23, 23, 23, 23, 23]","[0.9178138, 0.9056032, 0.9015413, 0.8980933, 0.89527786, 0.88784844, 0.880076]","[[442.88, 121.93, 69.6, 117.75], [102.88, 136.32, 30.32, 80.9], [345.23, 138.37, 52.57, 93.73], [317.02, 116.49, 61.6, 113.52], [262.95, 143.7, 28.32, 79.15], [220.83, 142.5, 24.35, 81.0], [295.55, 158.49, 43.61, 69.46]]"
3581,/home/pi/sambashare/BacArbeit/cocoval2017/000000193884.jpg,3.17983959799858,['11: stop sign'],[11],[0.92454344],"[[376.24, 117.33, 63.99, 63.26]]"
3582,/home/pi/sambashare/BacArbeit/cocoval2017/000000021604.jpg,3.1794522809996124,"['0: person', '27: tie']","[0, 27]","[0.96088314, 0.8087127]","[[51.5, 33.91, 428.61, 606.09], [248.22, 249.52, 50.47, 315.2]]"
3583,/home/pi/sambashare/BacArbeit/cocoval2017/000000510329.jpg,3.1940296680004394,"['0: person', '25: umbrella', '0: person', '63: laptop', '29: frisbee']","[0, 25, 0, 63, 29]","[0.9198711, 0.84972656, 0.8324735, 0.5798222, 0.26524884]","[[96.59, 90.75, 151.48, 220.09], [212.58, 143.52, 140.49, 144.46], [172.47, 105.69, 108.92, 201.34], [458.21, 290.67, 54.79, 53.42], [226.96, 203.16, 46.71, 39.38]]"
3584,/home/pi/sambashare/BacArbeit/cocoval2017/000000186980.jpg,3.178434617999301,"['56: chair', '72: refrigerator', '56: chair', '40: wine glass', '45: bowl', '69: oven', '56: chair', '39: bottle', '43: knife', '39: bottle', '75: vase', '41: cup', '39: bottle', '60: dining table']","[56, 72, 56, 40, 45, 69, 56, 39, 43, 39, 75, 41, 39, 60]","[0.91322434, 0.8727438, 0.78115326, 0.7009288, 0.5402186, 0.5094229, 0.43318602, 0.41134962, 0.38259375, 0.38063988, 0.3056082, 0.29791728, 0.27842814, 0.276104]","[[45.32, 290.27, 193.31, 348.63], [16.8, 145.57, 139.91, 216.45], [269.88, 247.31, 85.48, 83.27], [224.19, 303.98, 19.76, 64.48], [161.39, 344.25, 43.72, 26.28], [432.59, 262.51, 24.09, 188.92], [273.35, 246.74, 84.45, 275.58], [68.8, 96.02, 20.5, 51.63], [200.51, 366.21, 36.24, 17.82], [230.47, 272.72, 12.36, 31.23], [258.8, 311.24, 20.03, 48.42], [202.35, 304.11, 16.86, 43.87], [193.05, 66.54, 13.71, 37.2], [125.33, 305.43, 286.12, 331.06]]"
3585,/home/pi/sambashare/BacArbeit/cocoval2017/000000068933.jpg,3.185148038999614,"['22: zebra', '22: zebra', '22: zebra']","[22, 22, 22]","[0.9311493, 0.9186807, 0.886219]","[[276.62, 51.57, 218.99, 206.91], [145.09, 50.95, 126.53, 222.54], [10.13, 61.34, 131.08, 236.53]]"
3586,/home/pi/sambashare/BacArbeit/cocoval2017/000000042296.jpg,3.1907343000002584,"['32: sports ball', '32: sports ball', '32: sports ball', '18: sheep', '17: horse']","[32, 32, 32, 18, 17]","[0.93009967, 0.8900187, 0.74504584, 0.3389892, 0.2858764]","[[186.89, 220.07, 122.27, 106.79], [97.64, 280.16, 112.48, 72.56], [1, 271.96, 103.37, 74.8], [515.05, 1, 124.91, 30.99], [131.82, 14.13, 461.09, 306.33]]"
3587,/home/pi/sambashare/BacArbeit/cocoval2017/000000355257.jpg,3.173285490998751,"['62: tv', '62: tv', '59: bed', '0: person']","[62, 62, 59, 0]","[0.92268306, 0.9163823, 0.7367744, 0.5292039]","[[1, 202.25, 287.75, 223.89], [3.31, 85.33, 169.19, 155.44], [272.33, 225.24, 366.54, 178.22], [341.71, 235.6, 297.49, 93.97]]"
3588,/home/pi/sambashare/BacArbeit/cocoval2017/000000130566.jpg,3.177253815001677,['6: train'],[6],[0.7672503],"[[7.34, 112.95, 578.34, 206.89]]"
3589,/home/pi/sambashare/BacArbeit/cocoval2017/000000044260.jpg,3.1927153519991407,['47: apple'],[47],[0.6113104],"[[211.77, 224.28, 54.1, 51.3]]"
3590,/home/pi/sambashare/BacArbeit/cocoval2017/000000529105.jpg,3.1749663330010662,['17: horse'],[17],[0.95297915],"[[180.96, 155.66, 298.52, 213.18]]"
3591,/home/pi/sambashare/BacArbeit/cocoval2017/000000484415.jpg,3.1887535660007416,['15: cat'],[15],[0.3202391],"[[1.25, 13.93, 193.32, 225.85]]"
3592,/home/pi/sambashare/BacArbeit/cocoval2017/000000094751.jpg,3.1926651339999808,"['2: car', '9: traffic light', '9: traffic light', '0: person', '9: traffic light', '0: person', '0: person']","[2, 9, 9, 0, 9, 0, 0]","[0.8082956, 0.78383785, 0.66148424, 0.3981592, 0.367003, 0.33353588, 0.32337976]","[[312.01, 273.97, 62.95, 35.77], [111.58, 75.96, 47.69, 100.98], [216.97, 230.52, 10.27, 19.94], [75.72, 251.58, 5.69, 18.31], [1.23, 223.85, 11.4, 23.89], [247.46, 251.97, 6.2, 8.82], [199.81, 252.4, 7.81, 20.04]]"
3593,/home/pi/sambashare/BacArbeit/cocoval2017/000000327601.jpg,3.193870937999236,"['0: person', '56: chair']","[0, 56]","[0.8145072, 0.2965531]","[[53.03, 43.37, 268.19, 385.7], [218.22, 198.09, 31.43, 81.69]]"
3594,/home/pi/sambashare/BacArbeit/cocoval2017/000000425925.jpg,3.1910084589999315,"['74: clock', '2: car', '2: car', '2: car', '74: clock', '2: car', '2: car', '2: car', '25: umbrella', '0: person']","[74, 2, 2, 2, 74, 2, 2, 2, 25, 0]","[0.90004116, 0.8929325, 0.86411166, 0.8272789, 0.7434196, 0.6220998, 0.46037382, 0.4552916, 0.4260573, 0.38256073]","[[254.86, 231.17, 40.48, 43.04], [1, 408.97, 42.72, 58.57], [52.39, 414.49, 80.38, 49.11], [154.11, 409.11, 86.38, 53.44], [322.86, 229.19, 15.88, 48.74], [125.2, 416.35, 27.7, 45.71], [239.62, 411.48, 39.62, 23.73], [36.94, 416.98, 21.99, 41.14], [421.1, 384.0, 53.21, 12.16], [255.7, 422.23, 31.41, 45.77]]"
3595,/home/pi/sambashare/BacArbeit/cocoval2017/000000044877.jpg,3.2368211720004183,"['0: person', '38: tennis racket', '0: person', '0: person', '0: person']","[0, 38, 0, 0, 0]","[0.88147336, 0.76462156, 0.5326135, 0.51558185, 0.3245512]","[[105.81, 25.17, 272.14, 401.79], [289.33, 169.84, 303.24, 127.68], [306.22, 122.44, 168.15, 295.94], [596.23, 363.23, 43.37, 63.29], [1, 341.97, 33.63, 83.45]]"
3596,/home/pi/sambashare/BacArbeit/cocoval2017/000000217614.jpg,3.2508277260003524,['23: giraffe'],[23],[0.88000906],"[[160.51, 394.91, 88.66, 148.85]]"
3597,/home/pi/sambashare/BacArbeit/cocoval2017/000000034139.jpg,3.2445533059999434,"['28: suitcase', '0: person', '0: person', '26: handbag', '58: potted plant']","[28, 0, 0, 26, 58]","[0.8912311, 0.8900396, 0.8682413, 0.681935, 0.41698778]","[[22.99, 97.74, 407.91, 297.69], [503.39, 99.72, 94.51, 278.12], [439.95, 109.46, 85.54, 270.22], [439.7, 145.47, 68.83, 96.58], [580.52, 177.27, 59.31, 75.06]]"
3598,/home/pi/sambashare/BacArbeit/cocoval2017/000000112378.jpg,3.203744940999968,"['13: bench', '46: banana', '46: banana', '13: bench', '0: person']","[13, 46, 46, 13, 0]","[0.86488265, 0.49723682, 0.39685208, 0.32341877, 0.2608652]","[[160.95, 144.81, 57.12, 41.53], [1.7, 255.35, 523.56, 221.31], [234.26, 337.53, 152.06, 72.72], [1, 380.16, 95.42, 98.88], [557.6, 447.02, 20.77, 32.98]]"
3599,/home/pi/sambashare/BacArbeit/cocoval2017/000000531707.jpg,3.2049618020009802,"['13: bench', '0: person', '0: person', '0: person', '0: person', '8: boat']","[13, 0, 0, 0, 0, 8]","[0.9011797, 0.8438898, 0.84387684, 0.8383378, 0.7618597, 0.3021074]","[[177.58, 281.15, 302.5, 123.8], [386.58, 224.05, 88.93, 174.88], [325.22, 223.71, 70.56, 172.9], [253.44, 215.19, 76.94, 180.58], [169.59, 214.75, 82.54, 187.54], [514.02, 151.99, 19.25, 7.2]]"
3600,/home/pi/sambashare/BacArbeit/cocoval2017/000000288430.jpg,3.1860954290004884,"['0: person', '0: person', '0: person', '0: person', '33: kite', '0: person', '0: person', '8: boat', '8: boat', '8: boat', '33: kite', '8: boat', '33: kite', '8: boat']","[0, 0, 0, 0, 33, 0, 0, 8, 8, 8, 33, 8, 33, 8]","[0.8947585, 0.8757281, 0.8436403, 0.80291384, 0.7509279, 0.53937554, 0.38279402, 0.36380044, 0.3543306, 0.33852708, 0.31310487, 0.29055822, 0.27981827, 0.2634945]","[[274.94, 163.86, 61.43, 121.26], [90.05, 180.4, 35.77, 87.7], [47.0, 147.63, 10.99, 28.26], [88.72, 149.76, 10.33, 25.82], [133.66, 133.09, 161.34, 68.89], [250.59, 192.02, 24.52, 42.81], [146.13, 140.38, 5.53, 8.04], [399.71, 131.55, 10.72, 4.96], [347.54, 114.11, 12.76, 19.52], [347.67, 129.59, 11.91, 3.41], [1, 179.81, 97.15, 17.23], [456.01, 128.09, 43.72, 17.66], [89.66, 197.91, 14.93, 22.53], [422.59, 132.59, 12.59, 3.86]]"
3601,/home/pi/sambashare/BacArbeit/cocoval2017/000000040471.jpg,3.183489846998782,"['72: refrigerator', '45: bowl', '69: oven']","[72, 45, 69]","[0.90704507, 0.79374015, 0.56566316]","[[333.21, 222.87, 58.67, 298.36], [186.72, 318.91, 33.95, 22.04], [1, 350.96, 80.23, 208.45]]"
3602,/home/pi/sambashare/BacArbeit/cocoval2017/000000084650.jpg,3.1895668979996117,"['15: cat', '28: suitcase', '28: suitcase']","[15, 28, 28]","[0.87363607, 0.7377856, 0.4823181]","[[277.39, 176.31, 187.89, 170.95], [127.44, 113.73, 231.71, 197.44], [189.72, 128.24, 420.66, 340.26]]"
3603,/home/pi/sambashare/BacArbeit/cocoval2017/000000503823.jpg,3.179899707000004,"['8: boat', '8: boat']","[8, 8]","[0.64542127, 0.5590806]","[[322.83, 160.76, 175.9, 93.91], [175.21, 109.88, 323.73, 106.63]]"
3604,/home/pi/sambashare/BacArbeit/cocoval2017/000000532493.jpg,3.1988338489991293,"['37: surfboard', '0: person']","[37, 0]","[0.802823, 0.7595839]","[[130.24, 51.98, 102.36, 156.71], [168.14, 65.68, 196.25, 120.21]]"
3605,/home/pi/sambashare/BacArbeit/cocoval2017/000000559842.jpg,3.184915882000496,"['32: sports ball', '0: person', '0: person', '0: person', '0: person', '0: person', '0: person', '0: person', '0: person', '0: person', '0: person', '0: person', '0: person', '0: person', '0: person', '56: chair', '0: person', '0: person']","[32, 0, 0, 0, 0, 0, 0, 0, 0, 0, 0, 0, 0, 0, 0, 56, 0, 0]","[0.9233008, 0.88049656, 0.8774876, 0.86093426, 0.8237407, 0.77247775, 0.7161651, 0.71468014, 0.701013, 0.68354225, 0.65632635, 0.56905216, 0.54920495, 0.540919, 0.5203262, 0.49265036, 0.3730742, 0.32384425]","[[293.09, 326.23, 36.04, 34.67], [332.55, 192.76, 81.23, 159.04], [168.49, 185.62, 109.17, 154.28], [16.21, 176.02, 79.59, 164.87], [550.37, 98.33, 73.6, 218.69], [473.74, 180.81, 47.49, 136.58], [407.52, 200.02, 48.68, 118.29], [331.83, 98.92, 75.08, 127.57], [469.45, 122.96, 74.51, 190.83], [290.23, 175.0, 55.54, 160.3], [252.59, 174.88, 45.29, 132.51], [603.39, 107.0, 36.48, 204.43], [256.72, 109.67, 57.94, 95.02], [159.56, 85.66, 80.31, 187.22], [62.09, 148.04, 59.57, 119.66], [125.55, 196.15, 70.16, 105.3], [1, 180.4, 23.49, 113.21], [76.43, 246.65, 62.72, 54.96]]"
3606,/home/pi/sambashare/BacArbeit/cocoval2017/000000477955.jpg,3.1801713469994866,"['0: person', '33: kite', '37: surfboard', '37: surfboard', '33: kite', '33: kite', '33: kite', '0: person']","[0, 33, 37, 37, 33, 33, 33, 0]","[0.922526, 0.9012667, 0.79235256, 0.6132093, 0.5206027, 0.45237145, 0.44192258, 0.3128676]","[[180.14, 436.76, 79.36, 174.86], [328.73, 10.46, 39.13, 78.93], [176.18, 476.65, 38.6, 85.85], [263.25, 575.72, 27.63, 15.81], [1, 509.46, 3.84, 6.52], [333.97, 502.26, 5.46, 8.51], [130.24, 509.0, 4.58, 6.34], [158.97, 522.82, 3.17, 11.02]]"
3607,/home/pi/sambashare/BacArbeit/cocoval2017/000000273760.jpg,3.177792025000599,"['0: person', '38: tennis racket']","[0, 38]","[0.93193763, 0.7915524]","[[129.7, 32.55, 170.88, 509.91], [129.11, 256.67, 30.62, 129.99]]"
3608,/home/pi/sambashare/BacArbeit/cocoval2017/000000076416.jpg,3.1836601790000714,"['5: bus', '0: person', '1: bicycle', '9: traffic light', '0: person']","[5, 0, 1, 9, 0]","[0.91420853, 0.6184978, 0.4594871, 0.3870393, 0.3566133]","[[112.2, 132.37, 464.26, 245.75], [72.34, 270.31, 13.18, 31.48], [84.44, 283.08, 26.95, 25.97], [553.22, 108.81, 57.07, 119.45], [1, 264.06, 11.07, 17.72]]"
3609,/home/pi/sambashare/BacArbeit/cocoval2017/000000350002.jpg,3.1770695470004284,"['0: person', '44: spoon', '45: bowl']","[0, 44, 45]","[0.7275196, 0.59712684, 0.35688338]","[[1, 105.58, 390.99, 528.75], [377.53, 308.39, 28.67, 36.19], [357.59, 307.65, 18.46, 30.97]]"
3610,/home/pi/sambashare/BacArbeit/cocoval2017/000000129062.jpg,3.1946854969992273,"['12: parking meter', '12: parking meter', '25: umbrella', '13: bench', '13: bench', '0: person']","[12, 12, 25, 13, 13, 0]","[0.89117545, 0.80218595, 0.604171, 0.46124005, 0.3493558, 0.29979408]","[[1, 199.94, 106.09, 278.79], [143.46, 382.35, 18.75, 43.23], [450.62, 301.91, 136.05, 96.79], [370.41, 416.61, 140.98, 61.37], [425.35, 446.68, 83.8, 33.21], [329.64, 459.79, 33.92, 19.95]]"
3611,/home/pi/sambashare/BacArbeit/cocoval2017/000000191288.jpg,3.2043058079998445,"['17: horse', '0: person']","[17, 0]","[0.5610991, 0.5413512]","[[109.78, 50.24, 455.91, 328.34], [254.87, 2.53, 137.27, 219.99]]"
3612,/home/pi/sambashare/BacArbeit/cocoval2017/000000032811.jpg,3.195276603999446,"['14: bird', '62: tv']","[14, 62]","[0.8918932, 0.30222917]","[[81.7, 353.09, 82.16, 48.64], [2.84, 17.25, 370.08, 476.51]]"
3613,/home/pi/sambashare/BacArbeit/cocoval2017/000000563281.jpg,3.1978944719994615,"['0: person', '39: bottle']","[0, 39]","[0.86009455, 0.3474039]","[[114.11, 1, 150.15, 496.55], [99.67, 79.97, 41.8, 98.83]]"
3614,/home/pi/sambashare/BacArbeit/cocoval2017/000000535253.jpg,3.195742173000326,"['41: cup', '46: banana', '46: banana', '73: book', '73: book']","[41, 46, 46, 73, 73]","[0.9024372, 0.609826, 0.5606111, 0.38190016, 0.37508956]","[[43.82, 281.28, 135.65, 171.65], [445.77, 256.36, 138.66, 231.39], [417.32, 258.92, 113.12, 194.83], [196.88, 23.26, 46.48, 197.19], [167.04, 23.97, 56.95, 225.25]]"
3615,/home/pi/sambashare/BacArbeit/cocoval2017/000000403817.jpg,3.1863728829994216,"['63: laptop', '16: dog']","[63, 16]","[0.8764631, 0.7582988]","[[328.79, 122.35, 169.77, 252.26], [59.29, 72.51, 269.55, 300.55]]"
3616,/home/pi/sambashare/BacArbeit/cocoval2017/000000091619.jpg,3.18093554600091,[],[],[],[]
3617,/home/pi/sambashare/BacArbeit/cocoval2017/000000146358.jpg,3.1939626460007275,"['56: chair', '0: person', '0: person', '55: cake', '56: chair', '0: person', '27: tie', '40: wine glass', '41: cup', '60: dining table', '0: person', '41: cup', '60: dining table', '41: cup', '42: fork', '41: cup', '43: knife', '0: person']","[56, 0, 0, 55, 56, 0, 27, 40, 41, 60, 0, 41, 60, 41, 42, 41, 43, 0]","[0.8580341, 0.84749514, 0.84294766, 0.8399199, 0.8278067, 0.73293793, 0.592205, 0.5747529, 0.5678273, 0.5478705, 0.48264202, 0.47239402, 0.45789883, 0.35889733, 0.3520643, 0.3287912, 0.3262999, 0.3119882]","[[67.39, 178.92, 83.07, 56.82], [180.64, 98.29, 134.73, 345.61], [235.49, 117.68, 151.18, 485.69], [31.57, 260.42, 126.56, 148.46], [1, 179.84, 41.22, 60.34], [150.04, 132.92, 65.47, 95.29], [268.12, 187.24, 18.63, 73.65], [103.45, 222.75, 11.41, 34.8], [207.48, 384.85, 17.72, 21.97], [1, 260.31, 274.46, 344.57], [365.83, 182.5, 22.0, 197.9], [109.66, 418.19, 16.53, 27.04], [2.11, 220.04, 197.33, 167.04], [88.91, 418.31, 22.0, 28.39], [51.25, 435.26, 23.17, 10.28], [189.84, 382.89, 17.71, 25.93], [190.82, 257.44, 53.81, 21.99], [1, 29.82, 45.56, 208.98]]"
3618,/home/pi/sambashare/BacArbeit/cocoval2017/000000415194.jpg,3.1804509209996468,"['56: chair', '72: refrigerator', '56: chair', '60: dining table', '45: bowl', '41: cup', '69: oven', '41: cup', '45: bowl', '41: cup']","[56, 72, 56, 60, 45, 41, 69, 41, 45, 41]","[0.92803633, 0.87203366, 0.762758, 0.62126523, 0.520059, 0.45407358, 0.4156581, 0.37192628, 0.34563795, 0.27958083]","[[218.63, 204.05, 125.61, 202.88], [1, 135.84, 72.57, 139.42], [29.26, 275.52, 95.66, 97.23], [42.29, 220.27, 213.35, 167.67], [110.87, 187.87, 38.56, 12.94], [199.63, 102.68, 15.02, 8.39], [328.56, 191.87, 68.56, 105.92], [164.74, 186.49, 11.14, 7.62], [334.46, 176.62, 23.63, 15.44], [153.0, 186.5, 10.77, 7.71]]"
3619,/home/pi/sambashare/BacArbeit/cocoval2017/000000004765.jpg,3.190701215000445,"['0: person', '37: surfboard', '37: surfboard']","[0, 37, 37]","[0.93376166, 0.6394134, 0.28093278]","[[208.44, 127.52, 196.11, 255.85], [246.38, 334.72, 286.35, 87.01], [151.04, 225.87, 379.86, 199.63]]"
3620,/home/pi/sambashare/BacArbeit/cocoval2017/000000335800.jpg,3.183909680999932,['9: traffic light'],[9],[0.31161648],"[[58.24, 254.53, 219.1, 172.19]]"
3621,/home/pi/sambashare/BacArbeit/cocoval2017/000000267903.jpg,3.190253839999059,['61: toilet'],[61],[0.6621343],"[[354.82, 252.11, 165.37, 172.23]]"
3622,/home/pi/sambashare/BacArbeit/cocoval2017/000000447342.jpg,3.1926599119997263,"['5: bus', '2: car', '5: bus', '2: car', '2: car', '7: truck', '2: car', '2: car', '2: car', '2: car']","[5, 2, 5, 2, 2, 7, 2, 2, 2, 2]","[0.9376458, 0.9191495, 0.9036969, 0.8881149, 0.805305, 0.80207455, 0.5285798, 0.4188053, 0.41684315, 0.2539237]","[[369.14, 279.85, 162.55, 133.91], [22.99, 330.66, 69.06, 35.88], [86.21, 262.95, 218.7, 122.24], [605.29, 321.51, 34.24, 36.41], [550.59, 313.34, 32.32, 12.15], [302.73, 314.61, 81.0, 35.45], [528.62, 311.85, 25.25, 11.84], [607.91, 301.27, 11.14, 7.49], [550.95, 303.95, 29.33, 10.88], [571.83, 300.78, 15.83, 12.52]]"
3623,/home/pi/sambashare/BacArbeit/cocoval2017/000000258541.jpg,3.1940441589995316,"['0: person', '27: tie']","[0, 27]","[0.8839403, 0.8487673]","[[18.8, 33.37, 237.71, 413.02], [103.56, 143.6, 51.35, 228.77]]"
3624,/home/pi/sambashare/BacArbeit/cocoval2017/000000471450.jpg,3.1881302500005404,"['21: bear', '18: sheep', '18: sheep']","[21, 18, 18]","[0.92674935, 0.89832735, 0.88252974]","[[451.56, 304.55, 82.35, 67.41], [67.5, 288.34, 71.8, 36.6], [110.44, 245.53, 60.36, 38.7]]"
3625,/home/pi/sambashare/BacArbeit/cocoval2017/000000559099.jpg,3.1762021349986753,"['19: cow', '19: cow', '19: cow', '19: cow', '19: cow', '19: cow', '19: cow', '19: cow', '19: cow', '19: cow', '19: cow', '19: cow', '19: cow', '19: cow', '19: cow', '19: cow', '19: cow', '19: cow', '19: cow']","[19, 19, 19, 19, 19, 19, 19, 19, 19, 19, 19, 19, 19, 19, 19, 19, 19, 19, 19]","[0.9315786, 0.9308156, 0.8759459, 0.8255961, 0.80960256, 0.78866786, 0.7691149, 0.7591368, 0.7003995, 0.6707708, 0.6556593, 0.6363055, 0.6300714, 0.6244785, 0.61620283, 0.602953, 0.60006803, 0.51436156, 0.43616712]","[[391.28, 180.91, 100.07, 110.12], [25.77, 180.79, 98.17, 64.59], [273.71, 165.92, 27.6, 32.52], [171.57, 164.09, 38.97, 26.71], [587.42, 153.43, 26.16, 14.29], [378.08, 159.98, 27.45, 16.49], [491.76, 156.62, 12.81, 17.4], [334.05, 158.24, 20.29, 14.1], [553.8, 152.5, 23.3, 13.87], [427.75, 158.09, 10.63, 17.26], [437.63, 155.29, 19.13, 13.08], [109.89, 164.7, 31.22, 17.66], [28.31, 167.86, 23.72, 15.93], [84.27, 166.85, 12.1, 10.85], [382.94, 185.91, 14.62, 14.59], [151.12, 165.76, 11.68, 10.41], [41.56, 168.06, 33.91, 16.22], [405.63, 155.51, 10.36, 11.65], [364.09, 156.79, 8.39, 8.99]]"
3626,/home/pi/sambashare/BacArbeit/cocoval2017/000000263474.jpg,3.1871383279994916,['61: toilet'],[61],[0.90308404],"[[10.74, 198.19, 374.75, 420.82]]"
3627,/home/pi/sambashare/BacArbeit/cocoval2017/000000015272.jpg,3.1755625250007142,['9: traffic light'],[9],[0.82771105],"[[41.86, 38.45, 235.29, 96.53]]"
3628,/home/pi/sambashare/BacArbeit/cocoval2017/000000292446.jpg,3.178856022999753,"['0: person', '0: person', '0: person', '53: pizza', '0: person', '39: bottle', '76: scissors', '55: cake', '62: tv', '63: laptop', '41: cup', '53: pizza', '55: cake', '53: pizza', '0: person', '62: tv', '62: tv', '66: keyboard', '56: chair']","[0, 0, 0, 53, 0, 39, 76, 55, 62, 63, 41, 53, 55, 53, 0, 62, 62, 66, 56]","[0.9222646, 0.8144276, 0.79182124, 0.7306022, 0.6611201, 0.62531364, 0.58825475, 0.57657105, 0.5741356, 0.51444, 0.47670284, 0.41664636, 0.3993438, 0.35528508, 0.34172544, 0.33336347, 0.29741034, 0.29287565, 0.2550547]","[[266.91, 192.6, 343.1, 171.94], [189.41, 62.8, 64.84, 106.16], [368.26, 111.07, 125.07, 99.24], [279.93, 385.59, 138.05, 76.67], [261.63, 82.53, 17.84, 30.27], [568.94, 371.01, 42.87, 102.68], [346.99, 303.09, 57.48, 66.84], [459.01, 440.59, 147.81, 107.79], [144.27, 74.91, 41.87, 70.11], [228.96, 108.77, 121.52, 200.95], [198.58, 147.14, 21.11, 43.79], [74.1, 396.73, 89.02, 94.54], [159.05, 501.63, 127.44, 80.53], [538.24, 374.54, 56.31, 38.36], [421.34, 129.73, 67.94, 69.06], [36.9, 1, 56.8, 99.29], [85.07, 11.39, 56.64, 157.62], [1, 168.36, 17.87, 31.8], [15.52, 208.92, 224.37, 335.26]]"
3629,/home/pi/sambashare/BacArbeit/cocoval2017/000000425221.jpg,3.198278620000565,"['4: airplane', '0: person', '6: train', '13: bench', '13: bench', '24: backpack']","[4, 0, 6, 13, 13, 24]","[0.8261322, 0.7971124, 0.53298265, 0.39961857, 0.306631, 0.25476557]","[[154.12, 295.66, 60.39, 18.05], [1, 395.6, 68.5, 239.46], [202.11, 409.7, 245.43, 89.13], [262.42, 517.8, 128.55, 91.01], [370.77, 519.86, 88.3, 118.6], [2.29, 443.99, 31.84, 58.24]]"
3630,/home/pi/sambashare/BacArbeit/cocoval2017/000000535578.jpg,3.1861114769999404,"['18: sheep', '18: sheep', '18: sheep', '18: sheep', '18: sheep', '18: sheep', '18: sheep', '18: sheep', '18: sheep', '18: sheep', '18: sheep']","[18, 18, 18, 18, 18, 18, 18, 18, 18, 18, 18]","[0.92845887, 0.9129674, 0.86139506, 0.8100381, 0.7813657, 0.7497508, 0.71625596, 0.63772714, 0.62915945, 0.34425226, 0.27577633]","[[231.91, 429.73, 110.29, 80.07], [231.47, 353.06, 39.7, 63.99], [260.43, 246.35, 43.85, 38.69], [99.25, 242.81, 50.19, 32.65], [374.81, 200.26, 22.46, 14.14], [70.69, 136.23, 10.41, 13.52], [29.48, 132.67, 8.97, 12.09], [90.59, 139.27, 9.58, 13.05], [348.75, 190.06, 21.57, 19.53], [121.39, 112.42, 8.22, 6.76], [133.63, 114.98, 5.59, 6.11]]"
3631,/home/pi/sambashare/BacArbeit/cocoval2017/000000172617.jpg,3.1853953760000877,"['0: person', '73: book', '73: book', '73: book', '73: book', '73: book']","[0, 73, 73, 73, 73, 73]","[0.84609485, 0.82576066, 0.47341764, 0.44514814, 0.41022864, 0.36851835]","[[117.27, 1, 245.33, 393.61], [42.15, 123.97, 106.45, 76.44], [44.33, 162.26, 107.85, 62.17], [2.08, 100.05, 168.78, 220.21], [1, 157.59, 53.34, 75.37], [29.22, 191.67, 85.04, 86.68]]"
3632,/home/pi/sambashare/BacArbeit/cocoval2017/000000384808.jpg,3.1966650399990613,"['0: person', '39: bottle', '71: sink', '71: sink', '61: toilet', '67: cell phone', '39: bottle', '39: bottle']","[0, 39, 71, 71, 61, 67, 39, 39]","[0.9100743, 0.8453652, 0.83983743, 0.8004906, 0.73630226, 0.6604482, 0.5223016, 0.40499392]","[[184.25, 43.1, 143.07, 265.17], [19.56, 255.01, 25.98, 93.86], [77.22, 308.88, 203.07, 76.9], [1, 411.11, 272.22, 88.31], [42.36, 212.41, 128.45, 89.54], [277.52, 84.96, 15.85, 31.84], [38.44, 262.03, 13.95, 73.95], [48.88, 269.5, 14.4, 56.43]]"
3633,/home/pi/sambashare/BacArbeit/cocoval2017/000000115898.jpg,3.187665895999089,"['0: person', '37: surfboard']","[0, 37]","[0.93726224, 0.8903698]","[[274.22, 8.93, 188.12, 284.74], [141.78, 246.24, 239.14, 60.58]]"
3634,/home/pi/sambashare/BacArbeit/cocoval2017/000000548246.jpg,3.1862953340005333,"['0: person', '0: person', '38: tennis racket', '0: person', '38: tennis racket', '32: sports ball', '32: sports ball', '32: sports ball', '32: sports ball', '32: sports ball', '38: tennis racket', '32: sports ball', '32: sports ball', '0: person', '13: bench']","[0, 0, 38, 0, 38, 32, 32, 32, 32, 32, 38, 32, 32, 0, 13]","[0.9460254, 0.9273796, 0.8711072, 0.8534151, 0.57710797, 0.54606044, 0.54025096, 0.4445117, 0.4251727, 0.3941907, 0.38456172, 0.27626237, 0.27516586, 0.26598573, 0.25337443]","[[1, 120.72, 159.31, 300.43], [219.1, 98.88, 203.02, 326.56], [27.84, 334.67, 166.75, 27.05], [402.85, 152.8, 106.21, 274.36], [256.54, 352.5, 22.83, 75.1], [530.33, 370.61, 18.35, 12.3], [501.14, 367.04, 14.99, 13.47], [540.43, 354.97, 13.5, 12.44], [501.13, 351.79, 24.44, 15.66], [527.05, 353.95, 13.91, 12.54], [414.37, 216.66, 55.16, 104.25], [519.63, 362.02, 10.59, 8.75], [518.97, 366.34, 11.38, 11.37], [302.79, 146.36, 39.31, 68.34], [576.59, 226.87, 62.97, 39.37]]"
3635,/home/pi/sambashare/BacArbeit/cocoval2017/000000396568.jpg,3.192079422999086,['6: train'],[6],[0.9140072],"[[84.17, 202.02, 328.9, 154.52]]"
3636,/home/pi/sambashare/BacArbeit/cocoval2017/000000556765.jpg,3.193404901001486,['20: elephant'],[20],[0.94948375],"[[228.72, 107.26, 325.14, 275.14]]"
3637,/home/pi/sambashare/BacArbeit/cocoval2017/000000190841.jpg,3.1940565280001465,"['0: person', '36: skateboard']","[0, 36]","[0.9424899, 0.8592388]","[[338.32, 50.38, 121.58, 136.6], [348.21, 181.52, 96.34, 22.26]]"
3638,/home/pi/sambashare/BacArbeit/cocoval2017/000000466156.jpg,3.1756824160001997,"['15: cat', '25: umbrella', '2: car', '2: car', '2: car', '7: truck', '2: car']","[15, 25, 2, 2, 2, 7, 2]","[0.9434509, 0.71426386, 0.62240005, 0.41415194, 0.271193, 0.26213765, 0.25604656]","[[185.83, 87.75, 165.74, 115.43], [332.24, 1, 166.94, 157.11], [239.76, 30.65, 23.79, 15.61], [274.45, 31.32, 19.11, 15.78], [1, 14.0, 10.01, 10.42], [1.94, 10.14, 493.42, 364.86], [274.11, 30.9, 16.15, 8.41]]"
3639,/home/pi/sambashare/BacArbeit/cocoval2017/000000372718.jpg,3.1808607799994206,"['75: vase', '58: potted plant']","[75, 58]","[0.919067, 0.31226352]","[[258.0, 394.31, 146.96, 234.96], [57.64, 38.16, 518.17, 590.41]]"
3640,/home/pi/sambashare/BacArbeit/cocoval2017/000000123321.jpg,3.1834999180009618,"['45: bowl', '50: broccoli', '50: broccoli', '50: broccoli', '50: broccoli', '50: broccoli', '50: broccoli', '50: broccoli']","[45, 50, 50, 50, 50, 50, 50, 50]","[0.7288583, 0.58750385, 0.533923, 0.46260563, 0.42162064, 0.29768518, 0.26225093, 0.2539348]","[[14.27, 16.86, 595.68, 567.56], [431.48, 275.48, 112.85, 104.35], [67.74, 388.36, 121.48, 110.82], [156.58, 467.78, 141.6, 102.73], [285.56, 450.97, 105.18, 113.19], [66.59, 149.82, 109.5, 106.19], [32.14, 220.92, 131.18, 101.42], [348.9, 232.03, 134.29, 94.58]]"
3641,/home/pi/sambashare/BacArbeit/cocoval2017/000000133778.jpg,3.1753671120004583,['19: cow'],[19],[0.9319706],"[[106.06, 163.42, 347.22, 240.03]]"
3642,/home/pi/sambashare/BacArbeit/cocoval2017/000000068833.jpg,3.1842328799993993,"['56: chair', '62: tv', '68: microwave', '45: bowl', '71: sink', '45: bowl', '74: clock', '75: vase', '72: refrigerator', '44: spoon', '71: sink', '58: potted plant']","[56, 62, 68, 45, 71, 45, 74, 75, 72, 44, 71, 58]","[0.8991488, 0.8703248, 0.7744296, 0.50843567, 0.48379064, 0.40483057, 0.39443782, 0.39254746, 0.39014155, 0.33328518, 0.32160178, 0.26372626]","[[405.64, 274.76, 94.89, 163.8], [97.67, 203.1, 59.17, 38.64], [423.81, 205.02, 78.02, 39.36], [314.12, 228.63, 20.58, 18.99], [1, 261.5, 36.42, 27.62], [1, 246.03, 25.32, 20.77], [444.05, 33.33, 28.55, 29.41], [276.9, 217.08, 34.01, 31.81], [5.41, 106.61, 95.56, 321.96], [1, 239.84, 13.92, 10.03], [546.34, 244.42, 90.73, 9.04], [304.43, 192.5, 21.79, 53.09]]"
3643,/home/pi/sambashare/BacArbeit/cocoval2017/000000369541.jpg,3.1782442450003145,"['29: frisbee', '16: dog', '0: person', '16: dog', '16: dog', '0: person', '37: surfboard', '37: surfboard', '0: person']","[29, 16, 0, 16, 16, 0, 37, 37, 0]","[0.92447454, 0.7910325, 0.7767813, 0.6412736, 0.62718976, 0.610522, 0.4356531, 0.376213, 0.258436]","[[160.26, 152.98, 69.48, 37.98], [14.13, 115.96, 202.51, 152.42], [273.32, 1, 101.5, 95.48], [1, 205.91, 86.76, 190.45], [155.97, 1, 80.67, 82.46], [92.39, 1, 92.34, 82.61], [256.6, 1, 21.37, 40.98], [310.62, 1, 19.8, 41.17], [54.76, 1, 43.44, 32.46]]"
3644,/home/pi/sambashare/BacArbeit/cocoval2017/000000523229.jpg,3.1992052189998503,"['61: toilet', '61: toilet']","[61, 61]","[0.70068043, 0.42174038]","[[91.4, 291.19, 291.33, 348.42], [53.21, 1, 361.06, 636.95]]"
3645,/home/pi/sambashare/BacArbeit/cocoval2017/000000113051.jpg,3.1717447549999633,['8: boat'],[8],[0.46115708],"[[34.53, 200.52, 405.04, 182.7]]"
3646,/home/pi/sambashare/BacArbeit/cocoval2017/000000322610.jpg,3.1712182610008313,"['0: person', '0: person', '26: handbag', '0: person', '0: person', '26: handbag', '25: umbrella', '26: handbag', '0: person', '25: umbrella', '26: handbag', '28: suitcase', '0: person', '0: person', '0: person', '0: person', '26: handbag', '0: person', '0: person', '0: person', '26: handbag']","[0, 0, 26, 0, 0, 26, 25, 26, 0, 25, 26, 28, 0, 0, 0, 0, 26, 0, 0, 0, 26]","[0.9112777, 0.8671155, 0.85073185, 0.8471655, 0.8214967, 0.79964125, 0.7988883, 0.79526263, 0.7692674, 0.7380044, 0.725791, 0.68144614, 0.6764398, 0.65022653, 0.6411231, 0.5983022, 0.5366396, 0.42885783, 0.42779827, 0.3351454, 0.30092627]","[[102.11, 107.81, 135.18, 363.85], [359.43, 196.99, 142.32, 283.01], [200.92, 306.47, 37.48, 94.1], [475.96, 192.04, 45.53, 99.91], [40.76, 129.39, 40.49, 110.88], [370.54, 325.69, 93.21, 103.52], [286.56, 127.55, 249.91, 79.86], [445.63, 364.7, 73.95, 115.3], [1, 127.74, 46.6, 154.64], [545.72, 139.01, 94.02, 56.34], [13.9, 154.21, 26.77, 53.54], [1, 322.84, 22.32, 98.04], [92.09, 127.71, 42.62, 145.68], [76.98, 141.83, 21.69, 75.56], [213.41, 168.3, 28.16, 107.51], [559.93, 189.38, 79.9, 223.51], [48.96, 148.15, 24.37, 34.16], [1, 141.89, 10.63, 22.76], [192.4, 122.93, 24.31, 52.44], [215.52, 115.36, 29.88, 57.84], [424.01, 246.05, 20.23, 56.99]]"
3647,/home/pi/sambashare/BacArbeit/cocoval2017/000000412286.jpg,3.1798090120009874,"['0: person', '32: sports ball', '38: tennis racket']","[0, 32, 38]","[0.95331395, 0.7884016, 0.7784898]","[[75.35, 154.63, 131.93, 302.32], [166.33, 111.12, 13.5, 14.85], [89.4, 151.21, 47.93, 56.03]]"
3648,/home/pi/sambashare/BacArbeit/cocoval2017/000000289702.jpg,3.183536730999549,"['16: dog', '16: dog', '61: toilet']","[16, 16, 61]","[0.9635122, 0.8860182, 0.40096954]","[[333.79, 207.43, 273.62, 219.1], [140.16, 47.9, 151.16, 196.77], [373.42, 117.58, 159.37, 143.57]]"
3649,/home/pi/sambashare/BacArbeit/cocoval2017/000000385205.jpg,3.1821936939995794,['15: cat'],[15],[0.6971188],"[[1.6, 25.89, 630.05, 390.54]]"
3650,/home/pi/sambashare/BacArbeit/cocoval2017/000000489764.jpg,3.1787772369989398,"['56: chair', '0: person', '0: person', '65: remote', '73: book', '73: book']","[56, 0, 0, 65, 73, 73]","[0.8401052, 0.8138912, 0.68733525, 0.519575, 0.28781077, 0.27331725]","[[1, 255.76, 80.63, 140.48], [302.27, 17.28, 337.2, 519.3], [1, 166.68, 309.82, 371.32], [44.61, 408.16, 141.49, 74.74], [107.79, 119.55, 25.87, 33.84], [104.82, 153.77, 9.42, 27.99]]"
3651,/home/pi/sambashare/BacArbeit/cocoval2017/000000168330.jpg,3.1938709049991303,"['2: car', '74: clock', '2: car', '2: car', '10: fire hydrant', '2: car']","[2, 74, 2, 2, 10, 2]","[0.81216747, 0.7421952, 0.65357506, 0.5956975, 0.390992, 0.28795403]","[[14.95, 187.98, 43.64, 38.84], [362.57, 56.91, 40.78, 44.27], [1, 189.16, 26.93, 40.43], [80.68, 195.63, 39.49, 21.94], [185.47, 209.3, 15.03, 32.0], [130.48, 193.15, 27.09, 18.44]]"
3652,/home/pi/sambashare/BacArbeit/cocoval2017/000000224807.jpg,3.1838874300010502,"['0: person', '41: cup', '41: cup', '0: person', '0: person', '0: person', '41: cup', '41: cup', '0: person', '41: cup', '41: cup', '0: person', '56: chair', '56: chair', '41: cup', '39: bottle', '41: cup', '41: cup', '60: dining table', '0: person', '41: cup', '41: cup', '0: person', '44: spoon', '45: bowl', '0: person', '39: bottle', '44: spoon', '39: bottle', '26: handbag', '26: handbag', '0: person', '26: handbag', '45: bowl', '45: bowl', '0: person', '0: person', '0: person', '41: cup', '0: person']","[0, 41, 41, 0, 0, 0, 41, 41, 0, 41, 41, 0, 56, 56, 41, 39, 41, 41, 60, 0, 41, 41, 0, 44, 45, 0, 39, 44, 39, 26, 26, 0, 26, 45, 45, 0, 0, 0, 41, 0]","[0.9056957, 0.8523089, 0.82804, 0.82602185, 0.8212306, 0.8189751, 0.7997056, 0.79874974, 0.79519534, 0.79294753, 0.7168524, 0.70739335, 0.68222135, 0.6686032, 0.6467108, 0.6371566, 0.6359098, 0.60957587, 0.606004, 0.6039076, 0.5764447, 0.5527133, 0.5374731, 0.5037674, 0.4875966, 0.4697468, 0.4189561, 0.40965855, 0.40392298, 0.39214545, 0.37651673, 0.3534495, 0.35190237, 0.34706768, 0.34480578, 0.32871324, 0.3249858, 0.3134847, 0.30896455, 0.29729572]","[[197.83, 61.39, 105.05, 115.93], [151.14, 267.84, 44.04, 21.49], [288.62, 269.42, 35.67, 31.91], [310.97, 63.4, 109.98, 128.59], [345.79, 108.24, 258.88, 319.76], [1, 143.67, 322.87, 281.44], [243.55, 167.9, 21.42, 15.09], [360.45, 261.02, 36.31, 24.48], [63.26, 69.84, 114.71, 110.59], [398.86, 222.87, 28.19, 19.03], [253.6, 247.17, 23.22, 31.68], [378.56, 71.84, 118.03, 158.16], [297.32, 142.74, 29.34, 35.11], [174.34, 140.16, 27.45, 34.95], [128.1, 247.71, 25.91, 32.19], [157.93, 176.61, 22.12, 41.0], [343.81, 210.65, 18.44, 27.49], [323.38, 250.86, 22.63, 26.38], [137.93, 166.44, 304.7, 247.8], [15.0, 55.07, 78.07, 110.3], [227.54, 164.25, 13.38, 18.34], [382.36, 133.61, 19.65, 24.71], [559.55, 30.28, 55.92, 68.71], [383.93, 244.63, 25.96, 29.02], [292.61, 181.6, 32.09, 12.99], [568.66, 81.83, 71.29, 139.84], [174.74, 176.72, 15.09, 35.93], [354.69, 192.37, 20.7, 21.23], [142.53, 162.44, 17.55, 45.88], [499.83, 310.67, 119.43, 117.27], [1.33, 271.13, 139.18, 138.74], [1, 59.28, 37.2, 99.66], [598.81, 226.9, 41.09, 93.6], [281.49, 243.19, 30.83, 18.7], [222.85, 181.65, 38.72, 12.03], [162.24, 52.67, 45.71, 109.5], [277.17, 55.4, 50.8, 87.93], [378.07, 30.63, 50.36, 88.99], [193.79, 177.61, 17.19, 20.62], [599.21, 77.46, 40.73, 73.07]]"
3653,/home/pi/sambashare/BacArbeit/cocoval2017/000000331352.jpg,3.175780694999048,"['61: toilet', '71: sink']","[61, 71]","[0.61195505, 0.4699762]","[[32.96, 46.54, 295.51, 440.32], [56.71, 59.14, 243.67, 194.59]]"
3654,/home/pi/sambashare/BacArbeit/cocoval2017/000000519338.jpg,3.1763045080006123,['6: train'],[6],[0.389958],"[[149.27, 77.37, 486.28, 332.58]]"
3655,/home/pi/sambashare/BacArbeit/cocoval2017/000000138819.jpg,3.1815170040008525,"['71: sink', '61: toilet']","[71, 61]","[0.93451023, 0.49086955]","[[122.36, 24.27, 345.23, 201.37], [472.43, 365.27, 147.94, 114.46]]"
3656,/home/pi/sambashare/BacArbeit/cocoval2017/000000306893.jpg,3.191102328000852,"['3: motorcycle', '9: traffic light', '9: traffic light', '6: train', '9: traffic light', '6: train', '6: train', '9: traffic light', '9: traffic light', '9: traffic light', '0: person', '13: bench', '0: person', '0: person']","[3, 9, 9, 6, 9, 6, 6, 9, 9, 9, 0, 13, 0, 0]","[0.6534074, 0.6528457, 0.61765903, 0.5502777, 0.5326928, 0.53080106, 0.51490587, 0.44508472, 0.42694202, 0.40842667, 0.38350976, 0.35072505, 0.3100273, 0.28193027]","[[451.68, 244.91, 46.11, 81.41], [20.96, 38.06, 29.85, 37.76], [462.91, 48.03, 19.75, 36.24], [14.87, 158.96, 482.36, 103.74], [457.41, 111.52, 23.39, 53.27], [257.72, 165.33, 240.77, 94.15], [1.25, 160.53, 247.52, 95.43], [48.82, 39.52, 12.63, 35.1], [22.97, 98.38, 22.79, 57.5], [442.14, 48.39, 22.16, 35.17], [72.57, 189.05, 9.99, 13.68], [1.28, 237.44, 55.77, 87.24], [89.07, 196.13, 13.43, 9.31], [105.4, 179.96, 17.28, 24.12]]"
3657,/home/pi/sambashare/BacArbeit/cocoval2017/000000201676.jpg,3.1884895370003505,"['22: zebra', '22: zebra', '22: zebra', '22: zebra', '22: zebra']","[22, 22, 22, 22, 22]","[0.91051054, 0.9099615, 0.8847414, 0.8712653, 0.8406632]","[[297.51, 126.57, 179.12, 300.42], [367.18, 115.18, 100.61, 72.56], [196.37, 128.57, 118.52, 300.74], [516.29, 117.93, 95.61, 69.14], [598.99, 113.94, 40.74, 73.66]]"
3658,/home/pi/sambashare/BacArbeit/cocoval2017/000000172935.jpg,3.1962331590002577,"['36: skateboard', '0: person']","[36, 0]","[0.7537061, 0.6994707]","[[167.69, 149.03, 100.48, 63.58], [159.17, 95.73, 73.13, 90.72]]"
3659,/home/pi/sambashare/BacArbeit/cocoval2017/000000224337.jpg,3.1862672669994936,"['0: person', '0: person', '0: person', '0: person']","[0, 0, 0, 0]","[0.53243595, 0.43161106, 0.40722525, 0.3609236]","[[424.7, 158.21, 83.79, 134.94], [367.31, 150.71, 84.6, 147.05], [3.19, 1, 510.19, 424.37], [372.54, 138.21, 265.35, 287.92]]"
3660,/home/pi/sambashare/BacArbeit/cocoval2017/000000144706.jpg,3.1883281049995276,"['2: car', '9: traffic light', '9: traffic light', '9: traffic light']","[2, 9, 9, 9]","[0.88404185, 0.81993306, 0.6483208, 0.3018468]","[[396.49, 373.1, 49.56, 24.04], [271.96, 126.58, 23.04, 54.69], [475.85, 239.51, 28.73, 52.14], [477.62, 306.69, 23.99, 25.6]]"
3661,/home/pi/sambashare/BacArbeit/cocoval2017/000000081394.jpg,3.1697867959992436,"['7: truck', '3: motorcycle', '0: person', '3: motorcycle', '3: motorcycle', '0: person', '7: truck']","[7, 3, 0, 3, 3, 0, 7]","[0.8503055, 0.6062158, 0.58339256, 0.35844254, 0.35142463, 0.2729723, 0.26434568]","[[97.4, 15.41, 433.19, 421.91], [530.81, 175.52, 60.53, 48.61], [547.91, 152.03, 15.07, 31.66], [519.16, 199.83, 23.37, 47.42], [612.08, 169.77, 27.66, 53.2], [518.93, 171.87, 18.65, 41.45], [622.32, 140.2, 17.68, 39.18]]"
3662,/home/pi/sambashare/BacArbeit/cocoval2017/000000234779.jpg,3.181869688000006,"['55: cake', '55: cake', '56: chair', '54: donut']","[55, 55, 56, 54]","[0.7621082, 0.44591403, 0.3591589, 0.31762704]","[[238.85, 135.02, 344.03, 245.91], [83.94, 80.23, 205.85, 118.11], [483.02, 1, 155.86, 281.8], [88.37, 178.21, 178.86, 52.82]]"
3663,/home/pi/sambashare/BacArbeit/cocoval2017/000000300039.jpg,3.1911186070010444,"['41: cup', '39: bottle', '41: cup', '39: bottle', '41: cup', '41: cup', '15: cat', '0: person', '0: person']","[41, 39, 41, 39, 41, 41, 15, 0, 0]","[0.8857757, 0.85603505, 0.83230513, 0.7809183, 0.71661574, 0.7130845, 0.6476905, 0.26603428, 0.25324562]","[[224.23, 170.77, 44.4, 57.2], [189.62, 140.13, 41.25, 120.06], [201.16, 1, 101.36, 126.26], [310.96, 1, 102.47, 160.6], [434.73, 1, 64.79, 119.97], [150.58, 176.11, 38.99, 63.57], [1.33, 226.71, 175.35, 90.65], [1, 34.45, 185.26, 285.57], [1, 40.78, 194.29, 89.15]]"
3664,/home/pi/sambashare/BacArbeit/cocoval2017/000000462576.jpg,3.167967523999323,"['41: cup', '41: cup', '55: cake', '45: bowl']","[41, 41, 55, 45]","[0.9268278, 0.78955674, 0.78342336, 0.63188225]","[[463.59, 40.75, 136.89, 166.37], [515.53, 1, 109.65, 75.39], [201.96, 52.16, 192.91, 116.91], [55.49, 39.12, 123.19, 46.07]]"
3665,/home/pi/sambashare/BacArbeit/cocoval2017/000000397133.jpg,3.1880032510016463,"['0: person', '45: bowl', '45: bowl', '39: bottle', '45: bowl', '44: spoon', '0: person', '2: car', '41: cup', '69: oven', '44: spoon', '39: bottle', '44: spoon', '44: spoon', '71: sink', '44: spoon', '44: spoon']","[0, 45, 45, 39, 45, 44, 0, 2, 41, 69, 44, 39, 44, 44, 71, 44, 44]","[0.9358169, 0.89802045, 0.7502651, 0.67027354, 0.65187943, 0.59022427, 0.5747871, 0.46370178, 0.43667638, 0.42481187, 0.37426835, 0.3454248, 0.33337379, 0.28269655, 0.27971017, 0.25271037, 0.25163707]","[[385.15, 69.99, 115.25, 276.16], [57.18, 288.48, 77.91, 39.63], [154.93, 168.83, 27.91, 17.24], [216.94, 238.66, 39.21, 59.95], [28.37, 344.02, 71.14, 40.92], [511.25, 44.8, 10.55, 47.0], [1, 263.35, 60.03, 40.85], [14.91, 238.76, 15.08, 7.2], [144.72, 269.33, 28.84, 33.44], [229.56, 193.26, 163.05, 118.8], [529.2, 43.76, 23.17, 84.11], [120.53, 272.17, 23.44, 34.5], [518.55, 45.09, 15.65, 68.57], [311.56, 43.89, 11.26, 27.03], [495.56, 200.48, 120.54, 30.27], [194.39, 85.67, 20.26, 43.19], [135.32, 249.91, 16.9, 25.46]]"
3666,/home/pi/sambashare/BacArbeit/cocoval2017/000000014888.jpg,3.1879962439998053,"['15: cat', '39: bottle']","[15, 39]","[0.37908757, 0.25723496]","[[5.8, 3.52, 629.75, 409.81], [258.78, 192.1, 53.79, 134.31]]"
3667,/home/pi/sambashare/BacArbeit/cocoval2017/000000030504.jpg,3.185004270000718,"['30: skis', '0: person', '24: backpack']","[30, 0, 24]","[0.9078963, 0.85898125, 0.7891372]","[[174.39, 404.69, 105.7, 201.62], [183.9, 104.25, 188.55, 392.25], [314.81, 145.56, 77.85, 126.93]]"
3668,/home/pi/sambashare/BacArbeit/cocoval2017/000000206135.jpg,3.1876662319991738,"['19: cow', '19: cow', '19: cow', '74: clock', '19: cow']","[19, 19, 19, 74, 19]","[0.93779814, 0.9273563, 0.91004395, 0.8255421, 0.7860811]","[[233.03, 298.2, 67.22, 138.44], [48.55, 306.39, 68.79, 147.2], [173.59, 302.03, 58.94, 135.65], [140.72, 111.84, 21.26, 19.93], [117.46, 308.6, 56.73, 130.44]]"
3669,/home/pi/sambashare/BacArbeit/cocoval2017/000000345385.jpg,3.1796168890014087,"['59: bed', '0: person']","[59, 0]","[0.6109985, 0.35657308]","[[1, 36.76, 596.24, 438.21], [194.55, 231.06, 337.7, 248.94]]"
3670,/home/pi/sambashare/BacArbeit/cocoval2017/000000317999.jpg,3.191701951998766,"['0: person', '0: person']","[0, 0]","[0.64953184, 0.4451373]","[[204.22, 189.7, 354.81, 383.13], [25.14, 50.25, 343.76, 527.52]]"
3671,/home/pi/sambashare/BacArbeit/cocoval2017/000000006818.jpg,3.17902748799861,"['61: toilet', '45: bowl']","[61, 45]","[0.6318335, 0.28697568]","[[187.06, 472.9, 104.13, 50.24], [355.51, 482.02, 71.13, 102.9]]"
3672,/home/pi/sambashare/BacArbeit/cocoval2017/000000521141.jpg,3.1879320059997553,"['0: person', '2: car', '2: car', '0: person', '2: car', '2: car', '2: car', '0: person', '2: car', '2: car', '9: traffic light', '2: car', '2: car', '9: traffic light', '2: car', '0: person']","[0, 2, 2, 0, 2, 2, 2, 0, 2, 2, 9, 2, 2, 9, 2, 0]","[0.934207, 0.9282407, 0.9137278, 0.90906715, 0.83085626, 0.8274654, 0.81464595, 0.7028512, 0.7020203, 0.6988867, 0.5716975, 0.53330684, 0.4773691, 0.47628796, 0.3142124, 0.2778623]","[[1, 245.5, 51.83, 190.59], [146.64, 249.35, 56.51, 33.2], [305.34, 241.32, 69.27, 31.89], [50.49, 255.95, 54.84, 150.2], [222.48, 242.35, 24.51, 15.75], [199.41, 237.01, 27.71, 20.33], [245.94, 239.81, 25.02, 20.35], [84.05, 252.09, 29.58, 126.87], [266.76, 241.88, 30.47, 19.73], [143.01, 240.65, 22.63, 17.73], [76.76, 203.01, 4.48, 10.83], [306.28, 235.92, 44.05, 17.28], [282.7, 241.45, 24.24, 18.23], [226.43, 213.82, 3.81, 11.43], [130.4, 247.33, 12.38, 7.72], [26.76, 249.94, 6.41, 16.54]]"
3673,/home/pi/sambashare/BacArbeit/cocoval2017/000000005193.jpg,3.1815999270002067,"['0: person', '37: surfboard', '0: person', '0: person', '37: surfboard', '0: person', '31: snowboard', '0: person', '0: person', '67: cell phone', '30: skis']","[0, 37, 0, 0, 37, 0, 31, 0, 0, 67, 30]","[0.9175206, 0.914342, 0.8810675, 0.86201465, 0.79422116, 0.7487655, 0.7261128, 0.72355044, 0.67453986, 0.5121057, 0.33240074]","[[1, 88.73, 218.53, 335.71], [213.15, 294.27, 426.19, 130.66], [138.57, 115.9, 117.88, 306.79], [291.21, 169.31, 112.7, 237.32], [241.45, 61.05, 108.49, 351.77], [388.5, 222.24, 98.04, 144.22], [458.42, 59.19, 120.59, 283.92], [223.29, 64.5, 38.9, 122.68], [378.74, 100.35, 108.94, 185.1], [72.9, 173.38, 41.82, 27.32], [566.05, 37.93, 73.95, 277.74]]"
3674,/home/pi/sambashare/BacArbeit/cocoval2017/000000157138.jpg,3.186903996000183,"['55: cake', '42: fork']","[55, 42]","[0.88497776, 0.70410985]","[[80.5, 31.47, 188.85, 205.15], [173.35, 195.09, 313.12, 105.1]]"
3675,/home/pi/sambashare/BacArbeit/cocoval2017/000000253835.jpg,3.1773962500010384,"['6: train', '0: person', '74: clock', '24: backpack', '0: person', '9: traffic light', '9: traffic light', '9: traffic light']","[6, 0, 74, 24, 0, 9, 9, 9]","[0.91947335, 0.85010725, 0.82466847, 0.76058257, 0.7567188, 0.6874249, 0.4255834, 0.25109452]","[[1.02, 138.98, 276.96, 185.42], [482.68, 103.41, 103.61, 337.65], [363.99, 165.71, 21.75, 21.5], [568.73, 171.28, 52.49, 99.42], [393.86, 277.67, 126.21, 172.27], [457.01, 161.04, 10.44, 19.62], [455.58, 182.95, 15.76, 14.43], [630.47, 217.4, 9.16, 16.67]]"
3676,/home/pi/sambashare/BacArbeit/cocoval2017/000000549055.jpg,3.1713815860002796,"['14: bird', '14: bird']","[14, 14]","[0.8582276, 0.83494455]","[[317.64, 119.65, 154.62, 173.1], [241.25, 111.28, 142.31, 192.64]]"
3677,/home/pi/sambashare/BacArbeit/cocoval2017/000000172595.jpg,3.1870921669997188,"['62: tv', '63: laptop', '66: keyboard', '56: chair', '56: chair', '64: mouse', '62: tv', '24: backpack', '66: keyboard', '62: tv', '39: bottle', '56: chair', '62: tv']","[62, 63, 66, 56, 56, 64, 62, 24, 66, 62, 39, 56, 62]","[0.91040134, 0.8889891, 0.87602276, 0.84222704, 0.8117145, 0.78224, 0.70763254, 0.6913406, 0.5059288, 0.4347624, 0.38390583, 0.35904038, 0.2589343]","[[349.6, 18.94, 119.43, 143.2], [227.43, 33.91, 109.37, 108.97], [253.05, 141.78, 109.35, 65.58], [1, 1, 46.08, 47.63], [10.95, 34.55, 223.57, 315.19], [338.86, 192.11, 36.47, 24.57], [571.79, 1, 68.2, 120.64], [218.03, 192.63, 105.97, 92.94], [249.14, 94.99, 73.51, 25.95], [478.95, 1.62, 77.54, 78.58], [485.67, 53.76, 26.44, 54.56], [53.39, 173.0, 182.09, 182.34], [52.59, 1, 37.17, 26.02]]"
3678,/home/pi/sambashare/BacArbeit/cocoval2017/000000361571.jpg,3.175424208999175,['16: dog'],[16],[0.7312964],"[[257.63, 20.35, 359.18, 399.92]]"
3679,/home/pi/sambashare/BacArbeit/cocoval2017/000000326462.jpg,3.1856221580001147,['32: sports ball'],[32],[0.3989642],"[[98.72, 130.88, 327.57, 304.73]]"
3680,/home/pi/sambashare/BacArbeit/cocoval2017/000000481159.jpg,3.1678747780006233,['17: horse'],[17],[0.7824689],"[[196.38, 133.6, 249.13, 313.2]]"
3681,/home/pi/sambashare/BacArbeit/cocoval2017/000000332570.jpg,3.1900276979995397,['67: cell phone'],[67],[0.8903176],"[[98.67, 56.59, 222.41, 389.26]]"
3682,/home/pi/sambashare/BacArbeit/cocoval2017/000000085823.jpg,3.1886298790013825,"['22: zebra', '22: zebra', '22: zebra']","[22, 22, 22]","[0.90879923, 0.46408924, 0.4632567]","[[328.59, 1, 311.41, 360.96], [131.05, 1, 340.85, 350.22], [1, 1, 272.79, 340.95]]"
3683,/home/pi/sambashare/BacArbeit/cocoval2017/000000200152.jpg,3.1821893010001077,[],[],[],[]
3684,/home/pi/sambashare/BacArbeit/cocoval2017/000000357888.jpg,3.1924304509993817,"['0: person', '33: kite', '45: bowl', '75: vase', '41: cup', '41: cup', '41: cup', '56: chair']","[0, 33, 45, 75, 41, 41, 41, 56]","[0.9453502, 0.8876903, 0.81199104, 0.6741783, 0.53333145, 0.44118032, 0.34252316, 0.26585487]","[[299.73, 160.49, 265.92, 304.87], [207.19, 157.53, 180.41, 145.97], [584.28, 373.99, 55.72, 25.62], [208.82, 312.2, 31.13, 46.06], [604.53, 172.55, 23.33, 26.82], [590.77, 175.3, 16.36, 25.12], [604.54, 265.17, 18.7, 16.1], [268.48, 434.82, 249.19, 45.01]]"
3685,/home/pi/sambashare/BacArbeit/cocoval2017/000000250766.jpg,3.1719735650003713,"['42: fork', '42: fork']","[42, 42]","[0.8950332, 0.67143273]","[[30.86, 1, 366.8, 266.06], [1, 79.4, 266.14, 120.43]]"
3686,/home/pi/sambashare/BacArbeit/cocoval2017/000000272212.jpg,3.178578295999614,"['19: cow', '19: cow']","[19, 19]","[0.9146074, 0.9056484]","[[139.18, 279.58, 95.85, 72.71], [498.24, 272.18, 95.8, 39.88]]"
3687,/home/pi/sambashare/BacArbeit/cocoval2017/000000232646.jpg,3.1837421860000177,"['11: stop sign', '13: bench']","[11, 13]","[0.94362265, 0.66663665]","[[498.13, 94.03, 96.49, 99.56], [1, 273.06, 402.97, 59.34]]"
3688,/home/pi/sambashare/BacArbeit/cocoval2017/000000297427.jpg,3.1702369720005663,"['54: donut', '0: person', '0: person']","[54, 0, 0]","[0.9352809, 0.531889, 0.30018535]","[[170.01, 85.53, 378.49, 267.17], [79.43, 1.9, 476.18, 196.61], [330.33, 477.33, 249.14, 132.68]]"
3689,/home/pi/sambashare/BacArbeit/cocoval2017/000000021903.jpg,3.177922517001207,"['20: elephant', '0: person', '0: person']","[20, 0, 0]","[0.9514456, 0.93987095, 0.4611763]","[[1, 106.63, 326.55, 279.74], [326.71, 222.83, 224.93, 256.94], [614.86, 244.58, 24.94, 85.18]]"
3690,/home/pi/sambashare/BacArbeit/cocoval2017/000000038678.jpg,3.184268950999467,"['0: person', '41: cup', '0: person', '0: person', '54: donut', '41: cup']","[0, 41, 0, 0, 54, 41]","[0.9051102, 0.8396697, 0.75834006, 0.6513989, 0.6032084, 0.5809131]","[[74.86, 84.97, 93.05, 228.91], [146.73, 549.77, 121.08, 89.77], [1, 107.13, 397.66, 500.66], [141.03, 93.7, 40.99, 165.54], [24.21, 340.12, 111.02, 97.16], [403.77, 604.43, 76.06, 35.29]]"
3691,/home/pi/sambashare/BacArbeit/cocoval2017/000000427160.jpg,3.1778540300001623,"['0: person', '0: person', '0: person', '35: baseball glove']","[0, 0, 0, 35]","[0.9553245, 0.9397108, 0.79642266, 0.677138]","[[8.84, 209.46, 270.62, 301.53], [380.71, 246.36, 183.54, 265.05], [509.56, 241.84, 111.74, 238.53], [244.85, 313.49, 33.34, 47.34]]"
3692,/home/pi/sambashare/BacArbeit/cocoval2017/000000219578.jpg,3.185055308998926,['16: dog'],[16],[0.79854864],"[[17.38, 118.86, 583.49, 244.33]]"
3693,/home/pi/sambashare/BacArbeit/cocoval2017/000000389109.jpg,3.186037381999995,"['0: person', '0: person', '56: chair', '56: chair', '39: bottle', '0: person', '67: cell phone', '53: pizza', '0: person', '67: cell phone', '60: dining table', '43: knife', '67: cell phone', '56: chair']","[0, 0, 56, 56, 39, 0, 67, 53, 0, 67, 60, 43, 67, 56]","[0.88401, 0.87718725, 0.86802495, 0.80211455, 0.78356975, 0.77986157, 0.7214202, 0.54440194, 0.51000595, 0.49597216, 0.44640005, 0.28186136, 0.27459794, 0.26610088]","[[170.54, 195.0, 44.67, 65.98], [270.39, 168.43, 149.67, 177.39], [335.18, 329.4, 91.46, 41.89], [252.49, 282.07, 139.85, 67.25], [179.49, 282.85, 23.29, 65.19], [1.97, 148.34, 130.41, 190.34], [399.4, 419.44, 27.3, 71.84], [1, 375.64, 421.15, 246.33], [393.28, 194.6, 33.55, 56.66], [289.11, 362.07, 85.06, 24.94], [129.8, 257.85, 135.93, 70.74], [1, 289.42, 64.39, 20.13], [213.4, 275.73, 37.64, 76.32], [255.41, 280.99, 62.96, 64.48]]"
3694,/home/pi/sambashare/BacArbeit/cocoval2017/000000508370.jpg,3.1886590479989536,"['1: bicycle', '77: teddy bear', '0: person', '41: cup', '0: person', '41: cup', '39: bottle', '24: backpack', '29: frisbee', '10: fire hydrant']","[1, 77, 0, 41, 0, 41, 39, 24, 29, 10]","[0.9102885, 0.8178561, 0.77431697, 0.60980034, 0.60581464, 0.56613904, 0.4693255, 0.35545787, 0.30700266, 0.26818308]","[[3.01, 289.53, 353.56, 271.71], [219.02, 513.27, 102.34, 76.68], [249.72, 58.92, 169.2, 500.51], [161.01, 390.48, 14.35, 21.5], [201.42, 82.97, 101.29, 311.25], [200.72, 129.38, 18.92, 30.9], [228.61, 105.65, 12.19, 44.19], [267.12, 134.08, 47.11, 142.17], [291.59, 216.81, 31.48, 18.64], [91.12, 2.32, 66.61, 403.57]]"
3695,/home/pi/sambashare/BacArbeit/cocoval2017/000000033854.jpg,3.192584058999273,"['2: car', '5: bus', '2: car', '3: motorcycle', '0: person', '2: car', '0: person', '0: person', '3: motorcycle', '0: person', '0: person', '0: person', '0: person', '3: motorcycle', '0: person', '0: person', '3: motorcycle', '0: person']","[2, 5, 2, 3, 0, 2, 0, 0, 3, 0, 0, 0, 0, 3, 0, 0, 3, 0]","[0.92904496, 0.92173487, 0.9120461, 0.85338277, 0.8432393, 0.80000913, 0.7193463, 0.70704675, 0.70677143, 0.6586914, 0.65854377, 0.59730107, 0.52617085, 0.397027, 0.3916772, 0.38685155, 0.34452865, 0.25291333]","[[417.68, 222.81, 221.1, 203.28], [477.28, 145.33, 161.71, 96.44], [1.7, 215.4, 276.34, 210.36], [366.34, 215.14, 72.02, 47.33], [466.47, 195.52, 23.0, 53.84], [136.57, 193.37, 29.92, 12.39], [404.49, 188.7, 22.95, 37.67], [45.39, 188.38, 13.97, 36.21], [261.32, 208.57, 91.75, 61.07], [452.71, 198.18, 15.79, 31.08], [376.72, 186.67, 23.74, 34.3], [442.88, 195.6, 13.79, 32.22], [421.57, 188.89, 16.12, 31.53], [243.55, 203.47, 59.47, 59.78], [312.42, 189.27, 18.2, 28.81], [437.09, 194.29, 13.44, 33.58], [342.11, 205.13, 41.4, 50.76], [177.53, 190.96, 11.42, 13.08]]"
3696,/home/pi/sambashare/BacArbeit/cocoval2017/000000092939.jpg,3.1683944549986336,"['0: person', '55: cake', '0: person', '56: chair', '0: person', '41: cup', '41: cup', '60: dining table', '58: potted plant', '26: handbag', '43: knife', '56: chair', '43: knife', '56: chair', '55: cake', '41: cup']","[0, 55, 0, 56, 0, 41, 41, 60, 58, 26, 43, 56, 43, 56, 55, 41]","[0.9281344, 0.8959581, 0.8798897, 0.85103637, 0.6951949, 0.6149579, 0.60906535, 0.5951265, 0.5621798, 0.5598652, 0.46254593, 0.45785517, 0.45728868, 0.4311738, 0.39004442, 0.35876587]","[[19.85, 114.76, 255.71, 442.58], [203.52, 495.0, 152.94, 130.53], [201.4, 125.64, 188.66, 376.38], [1, 302.3, 41.24, 104.32], [401.05, 225.24, 22.59, 177.47], [185.51, 604.35, 54.86, 35.32], [405.58, 485.87, 18.37, 65.63], [1, 488.46, 421.1, 149.82], [346.24, 277.35, 75.29, 108.11], [414.32, 260.24, 9.47, 42.97], [90.18, 530.55, 53.75, 55.42], [351.72, 264.26, 27.25, 22.2], [91.66, 530.84, 24.62, 28.53], [371.34, 264.5, 22.78, 21.1], [88.79, 533.54, 84.36, 72.84], [1, 624.1, 30.45, 15.6]]"
3697,/home/pi/sambashare/BacArbeit/cocoval2017/000000160728.jpg,3.1924696109999786,"['0: person', '37: surfboard', '0: person', '8: boat', '8: boat', '8: boat', '8: boat', '8: boat', '14: bird', '8: boat', '8: boat', '0: person', '8: boat', '8: boat', '8: boat', '14: bird', '8: boat', '8: boat', '8: boat', '32: sports ball', '0: person', '8: boat', '0: person']","[0, 37, 0, 8, 8, 8, 8, 8, 14, 8, 8, 0, 8, 8, 8, 14, 8, 8, 8, 32, 0, 8, 0]","[0.9034806, 0.90294373, 0.8398442, 0.8245313, 0.77080524, 0.75153667, 0.73870426, 0.70180774, 0.6909248, 0.64637834, 0.62869704, 0.5778993, 0.4634337, 0.4523348, 0.39637297, 0.3942775, 0.3130321, 0.303826, 0.3007195, 0.29666424, 0.28421152, 0.2716783, 0.26881304]","[[273.17, 265.5, 64.9, 122.94], [80.29, 372.22, 100.97, 53.64], [246.98, 275.91, 34.6, 78.17], [139.55, 347.9, 156.33, 39.71], [574.46, 265.35, 40.26, 18.4], [332.57, 240.49, 70.78, 30.37], [1, 307.75, 29.58, 19.08], [474.28, 236.32, 61.74, 31.38], [604.65, 313.28, 24.16, 26.13], [148.65, 332.3, 147.58, 37.37], [1, 253.34, 41.55, 17.39], [469.36, 389.99, 33.81, 35.55], [239.93, 241.54, 59.01, 23.65], [41.84, 136.28, 71.66, 124.24], [109.83, 249.62, 34.13, 8.88], [527.39, 323.73, 15.88, 11.74], [146.4, 260.39, 98.94, 44.21], [267.06, 188.67, 71.78, 71.79], [39.23, 249.31, 73.26, 11.77], [356.24, 330.99, 17.46, 13.33], [214.85, 275.9, 16.16, 16.43], [393.3, 234.28, 30.66, 29.6], [599.54, 265.5, 8.71, 9.19]]"
3698,/home/pi/sambashare/BacArbeit/cocoval2017/000000235399.jpg,3.1799808479991043,['16: dog'],[16],[0.7975255],"[[158.25, 225.51, 137.55, 100.49]]"
3699,/home/pi/sambashare/BacArbeit/cocoval2017/000000508482.jpg,3.1694096560004255,"['56: chair', '6: train']","[56, 6]","[0.3217132, 0.29180098]","[[121.64, 308.79, 25.26, 109.77], [6.87, 68.11, 462.43, 492.26]]"
3700,/home/pi/sambashare/BacArbeit/cocoval2017/000000287714.jpg,3.187234813000032,"['41: cup', '71: sink', '41: cup', '39: bottle']","[41, 71, 41, 39]","[0.9021184, 0.89546275, 0.7952911, 0.3639642]","[[608.83, 349.59, 31.17, 54.46], [421.36, 331.23, 161.9, 69.12], [409.22, 289.12, 25.03, 34.84], [418.05, 210.13, 24.62, 87.35]]"
3701,/home/pi/sambashare/BacArbeit/cocoval2017/000000031050.jpg,3.1903491399989434,"['75: vase', '75: vase', '75: vase', '58: potted plant', '15: cat', '45: bowl']","[75, 75, 75, 58, 15, 45]","[0.83897793, 0.7798815, 0.6645211, 0.53449017, 0.5242775, 0.42257315]","[[1, 151.6, 63.47, 170.97], [359.65, 519.09, 66.88, 120.18], [159.15, 356.08, 108.68, 207.34], [25.08, 1, 252.89, 563.58], [389.55, 168.14, 37.26, 215.8], [1, 504.46, 19.07, 99.51]]"
3702,/home/pi/sambashare/BacArbeit/cocoval2017/000000561256.jpg,3.1940536660004,"['0: person', '71: sink']","[0, 71]","[0.9512795, 0.73139745]","[[314.83, 120.79, 221.72, 358.18], [516.54, 306.65, 121.02, 43.9]]"
3703,/home/pi/sambashare/BacArbeit/cocoval2017/000000250205.jpg,3.180782982000892,"['14: bird', '14: bird']","[14, 14]","[0.9255116, 0.85392797]","[[87.62, 123.42, 153.87, 175.16], [195.91, 128.5, 185.69, 195.14]]"
3704,/home/pi/sambashare/BacArbeit/cocoval2017/000000290081.jpg,3.1969566510015284,"['49: orange', '45: bowl', '49: orange']","[49, 45, 49]","[0.54644436, 0.4111858, 0.40944543]","[[335.05, 180.01, 274.59, 231.68], [1.94, 19.89, 601.58, 584.04], [174.34, 32.83, 235.52, 240.59]]"
3705,/home/pi/sambashare/BacArbeit/cocoval2017/000000304396.jpg,3.1783950999997614,"['74: clock', '74: clock', '74: clock']","[74, 74, 74]","[0.8461227, 0.82615674, 0.42495936]","[[106.91, 159.19, 30.79, 70.06], [211.82, 132.83, 67.72, 75.37], [213.8, 577.05, 105.84, 62.81]]"
3706,/home/pi/sambashare/BacArbeit/cocoval2017/000000551820.jpg,3.179194872998778,"['0: person', '0: person', '0: person', '38: tennis racket', '0: person', '0: person', '0: person', '38: tennis racket', '0: person', '0: person', '0: person', '38: tennis racket', '0: person', '0: person', '38: tennis racket', '0: person', '0: person', '32: sports ball', '0: person']","[0, 0, 0, 38, 0, 0, 0, 38, 0, 0, 0, 38, 0, 0, 38, 0, 0, 32, 0]","[0.88766813, 0.8513625, 0.83848643, 0.7624722, 0.726345, 0.7120454, 0.6861805, 0.67674863, 0.6607762, 0.63188404, 0.606024, 0.5994669, 0.5859606, 0.58061445, 0.5116831, 0.51091105, 0.39969435, 0.32901326, 0.25836074]","[[452.15, 195.12, 77.15, 169.55], [535.97, 229.08, 27.07, 73.25], [113.86, 147.93, 307.43, 272.3], [22.16, 183.84, 80.96, 88.4], [504.39, 233.46, 21.17, 67.21], [568.55, 232.99, 33.67, 71.17], [13.13, 244.52, 23.19, 49.07], [476.53, 262.3, 18.04, 34.98], [60.08, 198.41, 58.21, 118.44], [1, 222.61, 12.82, 59.8], [400.05, 268.39, 33.03, 51.49], [198.66, 179.15, 25.39, 60.98], [608.07, 241.57, 23.73, 63.72], [407.94, 234.77, 18.82, 44.44], [466.24, 221.97, 37.07, 111.42], [194.07, 157.35, 63.81, 216.27], [419.8, 241.91, 22.81, 50.08], [1, 279.39, 9.37, 4.37], [141.05, 231.37, 14.09, 36.66]]"
3707,/home/pi/sambashare/BacArbeit/cocoval2017/000000439854.jpg,3.185319325000819,"['0: person', '36: skateboard', '0: person', '0: person', '0: person', '0: person', '0: person', '0: person', '1: bicycle', '0: person', '0: person']","[0, 36, 0, 0, 0, 0, 0, 0, 1, 0, 0]","[0.93127215, 0.91284275, 0.8884559, 0.8239161, 0.8047954, 0.7706258, 0.525369, 0.42130408, 0.38787657, 0.3754483, 0.30773804]","[[110.98, 155.65, 86.86, 76.16], [99.17, 225.33, 55.16, 33.42], [233.81, 204.76, 56.21, 115.07], [285.45, 196.8, 43.68, 116.95], [118.82, 231.5, 56.9, 54.88], [417.17, 225.68, 29.94, 46.18], [328.24, 211.49, 11.69, 24.4], [2.18, 200.09, 6.36, 8.89], [229.44, 273.78, 43.06, 48.96], [488.86, 210.28, 9.74, 9.21], [466.79, 184.23, 10.27, 18.26]]"
3708,/home/pi/sambashare/BacArbeit/cocoval2017/000000534270.jpg,3.1886534779987414,"['0: person', '25: umbrella', '0: person', '16: dog', '25: umbrella', '26: handbag']","[0, 25, 0, 16, 25, 26]","[0.9303396, 0.8966167, 0.86616486, 0.8378667, 0.8256749, 0.40432045]","[[145.42, 136.66, 94.05, 276.42], [169.24, 133.99, 82.94, 47.7], [224.53, 194.07, 112.13, 214.32], [237.1, 350.5, 72.88, 62.47], [233.57, 169.6, 82.63, 30.38], [254.75, 297.33, 81.83, 53.07]]"
3709,/home/pi/sambashare/BacArbeit/cocoval2017/000000185292.jpg,3.194345060001069,"['0: person', '37: surfboard']","[0, 37]","[0.86267155, 0.26304924]","[[174.46, 433.45, 28.7, 48.24], [166.4, 473.58, 51.07, 14.31]]"
3710,/home/pi/sambashare/BacArbeit/cocoval2017/000000463690.jpg,3.192994049000845,"['0: person', '0: person', '0: person', '0: person', '27: tie', '0: person']","[0, 0, 0, 0, 27, 0]","[0.87748295, 0.8740822, 0.86718476, 0.8378604, 0.38519293, 0.2815623]","[[162.06, 21.98, 87.85, 211.84], [1, 20.53, 46.67, 190.85], [256.67, 137.44, 270.01, 288.7], [34.95, 20.63, 62.98, 188.42], [189.64, 60.66, 20.86, 54.62], [104.48, 57.6, 78.21, 158.69]]"
3711,/home/pi/sambashare/BacArbeit/cocoval2017/000000163314.jpg,3.1856458489983197,"['0: person', '0: person', '0: person', '0: person', '0: person', '0: person', '24: backpack', '0: person', '0: person', '0: person', '0: person']","[0, 0, 0, 0, 0, 0, 24, 0, 0, 0, 0]","[0.8106647, 0.7416833, 0.6776368, 0.6311711, 0.6138811, 0.5287065, 0.5279073, 0.47657394, 0.3677684, 0.30712026, 0.26995498]","[[136.82, 231.77, 19.04, 53.7], [97.3, 240.59, 24.47, 49.16], [296.98, 234.07, 28.96, 59.55], [59.34, 235.34, 23.57, 61.5], [347.92, 230.01, 22.16, 59.51], [45.35, 237.22, 22.65, 52.0], [106.14, 243.5, 15.51, 19.46], [413.87, 256.22, 18.38, 27.56], [409.01, 232.87, 25.18, 57.94], [174.05, 240.86, 21.07, 36.88], [291.53, 225.93, 20.87, 35.45]]"
3712,/home/pi/sambashare/BacArbeit/cocoval2017/000000380711.jpg,3.177062943999772,"['0: person', '37: surfboard']","[0, 37]","[0.8682243, 0.8493019]","[[262.42, 214.45, 125.48, 159.46], [246.07, 246.35, 95.85, 200.98]]"
3713,/home/pi/sambashare/BacArbeit/cocoval2017/000000521601.jpg,3.199818969000262,[],[],[],[]
3714,/home/pi/sambashare/BacArbeit/cocoval2017/000000268378.jpg,3.182317549999425,"['0: person', '0: person', '40: wine glass', '40: wine glass', '0: person', '40: wine glass', '40: wine glass', '0: person', '0: person', '60: dining table', '0: person', '40: wine glass', '0: person', '0: person', '0: person', '56: chair', '43: knife', '42: fork', '41: cup', '56: chair']","[0, 0, 40, 40, 0, 40, 40, 0, 0, 60, 0, 40, 0, 0, 0, 56, 43, 42, 41, 56]","[0.89708763, 0.88121367, 0.876629, 0.8589657, 0.85444564, 0.8163374, 0.803157, 0.7867833, 0.752744, 0.7211607, 0.68837863, 0.67769206, 0.6619698, 0.6576284, 0.63490784, 0.61145896, 0.47694242, 0.45651668, 0.34512743, 0.33160916]","[[118.31, 144.45, 166.92, 213.69], [436.13, 140.9, 183.11, 217.08], [312.29, 273.87, 27.35, 48.89], [366.54, 261.51, 23.52, 37.49], [355.95, 118.18, 104.13, 125.33], [266.42, 218.37, 19.73, 36.74], [320.63, 249.81, 23.95, 28.78], [229.66, 59.11, 83.08, 146.06], [210.37, 125.62, 92.43, 103.91], [203.02, 207.87, 263.81, 149.92], [94.8, 121.29, 80.3, 169.38], [289.9, 205.28, 16.15, 26.83], [80.43, 47.6, 68.6, 181.59], [366.5, 129.79, 140.35, 165.51], [1, 64.47, 100.57, 293.5], [78.54, 232.54, 50.94, 125.35], [406.74, 273.72, 21.87, 32.86], [250.42, 240.76, 20.89, 16.57], [304.42, 239.46, 16.85, 18.87], [302.01, 120.59, 27.61, 58.02]]"
3715,/home/pi/sambashare/BacArbeit/cocoval2017/000000259830.jpg,3.182950512999014,"['3: motorcycle', '1: bicycle', '0: person', '1: bicycle', '1: bicycle']","[3, 1, 0, 1, 1]","[0.9169764, 0.8688415, 0.72950935, 0.7118897, 0.59673977]","[[1.9, 375.19, 118.68, 159.0], [337.42, 429.64, 87.24, 144.88], [1, 350.99, 34.28, 130.82], [273.2, 428.56, 105.07, 143.65], [221.18, 413.89, 121.07, 149.0]]"
3716,/home/pi/sambashare/BacArbeit/cocoval2017/000000300276.jpg,3.190276647999781,"['55: cake', '0: person', '0: person', '0: person', '45: bowl', '55: cake', '42: fork', '45: bowl', '55: cake', '41: cup', '55: cake', '41: cup', '0: person', '39: bottle', '55: cake', '60: dining table', '55: cake', '13: bench', '39: bottle', '45: bowl', '60: dining table', '55: cake', '45: bowl', '55: cake']","[55, 0, 0, 0, 45, 55, 42, 45, 55, 41, 55, 41, 0, 39, 55, 60, 55, 13, 39, 45, 60, 55, 45, 55]","[0.8539232, 0.82509726, 0.80578226, 0.7646439, 0.6997448, 0.61169744, 0.5661357, 0.52912277, 0.47032145, 0.43342128, 0.43209833, 0.4227084, 0.41599235, 0.40245375, 0.40124553, 0.37893045, 0.3728166, 0.36897647, 0.36342034, 0.31529075, 0.30761403, 0.2918323, 0.2603366, 0.25592166]","[[240.59, 300.05, 114.28, 50.79], [138.63, 56.46, 120.7, 213.78], [306.41, 40.54, 139.31, 228.36], [1.58, 68.58, 122.79, 284.25], [266.22, 210.56, 23.87, 8.96], [377.57, 317.91, 25.03, 24.85], [215.41, 290.41, 37.8, 33.42], [261.36, 266.81, 42.74, 15.35], [319.36, 281.67, 20.34, 12.78], [215.71, 278.93, 33.32, 13.69], [402.85, 322.81, 26.3, 22.08], [531.54, 338.14, 29.28, 20.68], [128.73, 153.17, 13.87, 27.87], [455.64, 323.63, 26.26, 25.96], [339.58, 279.9, 20.8, 15.76], [245.7, 215.03, 66.23, 37.32], [429.92, 327.8, 26.71, 19.54], [284.46, 178.42, 24.39, 24.22], [480.59, 325.53, 23.94, 25.6], [215.18, 267.41, 27.89, 13.33], [107.35, 261.01, 531.03, 97.12], [362.25, 277.62, 17.8, 17.03], [247.61, 246.45, 43.43, 12.23], [302.2, 279.69, 19.36, 12.64]]"
3717,/home/pi/sambashare/BacArbeit/cocoval2017/000000328030.jpg,3.1816422840001906,"['77: teddy bear', '77: teddy bear', '77: teddy bear', '30: skis', '77: teddy bear', '77: teddy bear', '77: teddy bear']","[77, 77, 77, 30, 77, 77, 77]","[0.83645, 0.5331345, 0.5311476, 0.43608946, 0.40000704, 0.35885066, 0.26582035]","[[1, 158.98, 131.63, 282.84], [112.17, 1, 120.15, 96.7], [120.11, 172.19, 229.6, 279.63], [8.24, 393.84, 416.49, 221.64], [1, 1, 115.76, 92.64], [132.68, 65.59, 244.47, 271.98], [1, 1.76, 136.5, 188.72]]"
3718,/home/pi/sambashare/BacArbeit/cocoval2017/000000036678.jpg,3.184171636999963,"['8: boat', '8: boat', '8: boat', '74: clock', '74: clock', '8: boat', '74: clock', '74: clock']","[8, 8, 8, 74, 74, 8, 74, 74]","[0.81077534, 0.70826733, 0.6913928, 0.6759979, 0.59899414, 0.4133407, 0.3172327, 0.2949024]","[[1, 216.66, 267.93, 80.04], [500.49, 240.97, 78.16, 26.79], [587.06, 237.48, 40.03, 22.39], [444.61, 172.74, 7.09, 8.17], [455.28, 172.76, 6.71, 8.21], [415.97, 239.4, 164.01, 28.04], [150.09, 110.47, 21.53, 13.97], [134.53, 106.47, 5.98, 16.14]]"
3719,/home/pi/sambashare/BacArbeit/cocoval2017/000000028449.jpg,3.189562561999992,"['20: elephant', '20: elephant', '20: elephant', '20: elephant', '20: elephant', '20: elephant']","[20, 20, 20, 20, 20, 20]","[0.93070334, 0.8635492, 0.75198126, 0.7409777, 0.5725533, 0.53868973]","[[1, 84.11, 223.99, 342.89], [194.21, 101.6, 258.58, 292.63], [451.65, 36.66, 148.54, 90.02], [428.36, 120.51, 206.09, 184.55], [414.56, 76.89, 143.02, 61.11], [245.47, 57.04, 195.67, 81.7]]"
3720,/home/pi/sambashare/BacArbeit/cocoval2017/000000255965.jpg,3.1771942429986666,['15: cat'],[15],[0.7185925],"[[4.31, 153.26, 565.53, 234.45]]"
3721,/home/pi/sambashare/BacArbeit/cocoval2017/000000156643.jpg,3.1911547039999277,"['0: person', '41: cup', '55: cake', '0: person', '0: person', '0: person', '0: person', '60: dining table', '67: cell phone', '56: chair', '0: person', '44: spoon', '56: chair', '56: chair', '25: umbrella', '0: person', '0: person', '60: dining table', '39: bottle', '56: chair']","[0, 41, 55, 0, 0, 0, 0, 60, 67, 56, 0, 44, 56, 56, 25, 0, 0, 60, 39, 56]","[0.9137812, 0.86922204, 0.7551866, 0.70734274, 0.6849099, 0.6793763, 0.62146777, 0.6175146, 0.615527, 0.58483005, 0.50224555, 0.49887174, 0.46960273, 0.38255894, 0.3362733, 0.3171428, 0.28824505, 0.27895984, 0.276441, 0.27031267]","[[195.2, 133.81, 287.88, 225.01], [488.64, 312.42, 70.2, 109.16], [233.98, 327.47, 171.94, 106.85], [508.78, 179.02, 80.23, 118.13], [1, 129.44, 42.77, 208.14], [569.55, 161.93, 70.42, 140.97], [476.68, 126.88, 31.7, 65.22], [174.36, 320.96, 465.64, 158.13], [460.38, 364.83, 19.96, 19.03], [555.2, 289.54, 84.44, 118.85], [508.34, 161.37, 15.26, 28.18], [565.33, 397.03, 44.11, 77.84], [503.32, 179.32, 36.61, 35.67], [264.93, 282.83, 22.21, 55.31], [191.61, 1, 448.39, 106.78], [146.22, 2.21, 101.37, 322.71], [290.37, 15.23, 193.49, 260.21], [453.39, 254.22, 78.48, 102.62], [496.34, 207.13, 17.43, 55.15], [224.8, 268.43, 36.61, 57.1]]"
3722,/home/pi/sambashare/BacArbeit/cocoval2017/000000463842.jpg,3.1930251579997275,"['39: bottle', '39: bottle', '39: bottle', '39: bottle', '39: bottle', '39: bottle', '39: bottle', '59: bed', '39: bottle', '39: bottle', '39: bottle', '39: bottle', '39: bottle', '39: bottle', '39: bottle', '39: bottle', '39: bottle', '39: bottle']","[39, 39, 39, 39, 39, 39, 39, 59, 39, 39, 39, 39, 39, 39, 39, 39, 39, 39]","[0.750455, 0.5862027, 0.57468975, 0.57131803, 0.55561024, 0.5545487, 0.4639224, 0.45787233, 0.45460886, 0.43728417, 0.42774367, 0.3613901, 0.33088732, 0.32307822, 0.30536157, 0.2964621, 0.28136224, 0.25188616]","[[45.95, 235.66, 27.18, 80.14], [78.88, 230.74, 28.2, 85.56], [462.21, 284.76, 27.35, 104.57], [438.94, 288.3, 26.28, 96.39], [318.48, 266.06, 31.86, 88.45], [524.66, 277.97, 25.93, 92.37], [414.53, 280.43, 27.16, 92.99], [61.48, 119.04, 523.54, 164.41], [204.35, 248.35, 21.67, 82.86], [239.52, 254.47, 28.21, 82.76], [169.68, 246.03, 24.0, 85.46], [184.76, 246.3, 23.39, 84.25], [485.72, 279.69, 36.22, 99.64], [222.2, 251.49, 21.88, 82.03], [315.87, 115.28, 21.51, 51.17], [244.37, 119.38, 13.53, 16.76], [148.93, 243.07, 26.46, 79.76], [296.18, 296.26, 19.68, 53.73]]"
3723,/home/pi/sambashare/BacArbeit/cocoval2017/000000003661.jpg,3.1889989860010246,"['46: banana', '75: vase', '75: vase', '75: vase']","[46, 75, 75, 75]","[0.48219144, 0.3959148, 0.35536006, 0.33278048]","[[67.62, 2.1, 495.09, 354.79], [94.7, 175.45, 377.32, 173.65], [565.04, 20.4, 74.37, 238.09], [360.74, 1, 192.11, 200.76]]"
3724,/home/pi/sambashare/BacArbeit/cocoval2017/000000088432.jpg,3.1880781429990748,"['10: fire hydrant', '9: traffic light', '7: truck', '2: car', '9: traffic light']","[10, 9, 7, 2, 9]","[0.90905964, 0.8224212, 0.7875394, 0.7851124, 0.7275128]","[[133.08, 443.93, 87.97, 163.32], [106.09, 75.68, 20.25, 43.8], [105.07, 270.26, 199.89, 130.03], [4.31, 267.45, 41.72, 95.31], [169.62, 93.28, 30.57, 32.78]]"
3725,/home/pi/sambashare/BacArbeit/cocoval2017/000000050380.jpg,3.187823836999087,"['17: horse', '0: person', '56: chair', '56: chair', '0: person', '0: person', '0: person']","[17, 0, 56, 56, 0, 0, 0]","[0.88617533, 0.8767663, 0.8143171, 0.5919226, 0.4863102, 0.466371, 0.40186626]","[[202.16, 154.27, 136.16, 272.73], [330.9, 4.87, 219.02, 419.93], [1, 255.11, 120.87, 171.5], [1, 373.45, 72.12, 53.55], [182.9, 41.21, 170.47, 312.13], [1, 110.72, 74.78, 300.89], [235.73, 38.75, 91.49, 143.35]]"
3726,/home/pi/sambashare/BacArbeit/cocoval2017/000000213224.jpg,3.184330477999538,"['75: vase', '75: vase', '60: dining table', '75: vase', '73: book', '73: book', '57: couch', '73: book']","[75, 75, 60, 75, 73, 73, 57, 73]","[0.93684894, 0.9333918, 0.51494074, 0.49659443, 0.44330114, 0.34159836, 0.3192386, 0.27583656]","[[57.06, 373.23, 63.98, 161.7], [205.9, 316.36, 117.0, 194.3], [1, 410.28, 423.02, 223.96], [116.1, 363.12, 34.99, 97.99], [389.17, 350.68, 36.21, 105.75], [354.03, 315.48, 72.35, 135.58], [1, 286.71, 55.46, 93.44], [414.15, 368.0, 12.83, 87.52]]"
3727,/home/pi/sambashare/BacArbeit/cocoval2017/000000495448.jpg,3.187002183000004,"['43: knife', '55: cake', '60: dining table', '75: vase']","[43, 55, 60, 75]","[0.5248335, 0.52147585, 0.28678367, 0.2509264]","[[344.9, 521.97, 29.79, 117.57], [35.92, 74.57, 324.81, 456.5], [3.76, 422.2, 476.24, 216.21], [56.51, 506.94, 280.3, 132.83]]"
3728,/home/pi/sambashare/BacArbeit/cocoval2017/000000001490.jpg,3.1928687510007876,"['0: person', '37: surfboard']","[0, 37]","[0.920048, 0.8218364]","[[448.27, 119.69, 53.02, 122.18], [360.29, 230.34, 219.28, 16.09]]"
3729,/home/pi/sambashare/BacArbeit/cocoval2017/000000285894.jpg,3.186870921001173,"['23: giraffe', '23: giraffe', '0: person', '0: person', '0: person']","[23, 23, 0, 0, 0]","[0.92063534, 0.9095325, 0.9084026, 0.903802, 0.8437805]","[[93.33, 191.0, 92.56, 137.43], [123.75, 18.34, 147.6, 309.78], [219.95, 235.14, 140.9, 93.38], [392.47, 52.98, 105.7, 275.46], [1, 133.7, 126.08, 194.1]]"
3730,/home/pi/sambashare/BacArbeit/cocoval2017/000000146667.jpg,3.1724623930003872,"['0: person', '0: person', '2: car', '0: person', '0: person', '26: handbag', '0: person', '0: person', '24: backpack', '0: person', '0: person', '3: motorcycle', '0: person', '0: person', '0: person', '24: backpack', '0: person', '2: car', '0: person', '7: truck', '0: person']","[0, 0, 2, 0, 0, 26, 0, 0, 24, 0, 0, 3, 0, 0, 0, 24, 0, 2, 0, 7, 0]","[0.9099773, 0.9052401, 0.89341867, 0.8719739, 0.85118425, 0.8258917, 0.81687623, 0.73991853, 0.68684113, 0.67232084, 0.6507301, 0.6241944, 0.5892252, 0.54243135, 0.5374535, 0.508017, 0.50365186, 0.39061108, 0.3546193, 0.31395516, 0.30058956]","[[537.29, 23.09, 45.92, 108.33], [253.22, 40.25, 187.96, 255.07], [580.29, 1, 59.19, 100.92], [226.24, 7.13, 66.59, 190.57], [22.28, 22.06, 57.93, 118.7], [21.47, 42.83, 32.27, 44.61], [431.7, 11.35, 42.77, 72.49], [166.17, 1.95, 46.32, 123.36], [165.01, 18.02, 29.71, 39.52], [1, 11.52, 17.94, 123.33], [511.94, 19.63, 24.96, 96.57], [1, 39.72, 503.02, 495.49], [63.89, 22.67, 44.11, 116.71], [335.25, 24.35, 48.27, 66.69], [36.75, 6.78, 33.54, 42.8], [69.17, 35.69, 28.05, 44.93], [501.71, 5.1, 28.01, 52.53], [570.5, 28.89, 15.33, 43.42], [365.33, 22.66, 22.3, 49.68], [13.32, 1, 220.84, 73.26], [348.26, 11.67, 26.43, 39.87]]"
3731,/home/pi/sambashare/BacArbeit/cocoval2017/000000148719.jpg,3.1917085730001418,"['7: truck', '2: car', '7: truck', '0: person', '0: person', '2: car']","[7, 2, 7, 0, 0, 2]","[0.917396, 0.9063047, 0.8841199, 0.82263505, 0.3643478, 0.29500407]","[[94.91, 93.53, 497.31, 286.14], [542.0, 114.67, 84.94, 68.28], [1, 107.79, 257.92, 208.79], [1, 117.81, 40.33, 45.38], [381.37, 127.52, 37.99, 30.85], [1, 114.3, 21.85, 30.34]]"
3732,/home/pi/sambashare/BacArbeit/cocoval2017/000000210394.jpg,3.2001807790002204,"['5: bus', '1: bicycle', '0: person', '0: person', '0: person', '0: person', '2: car', '3: motorcycle', '0: person', '0: person', '0: person', '0: person', '0: person', '0: person', '0: person', '0: person', '0: person', '3: motorcycle', '3: motorcycle', '0: person', '0: person', '0: person', '0: person', '0: person']","[5, 1, 0, 0, 0, 0, 2, 3, 0, 0, 0, 0, 0, 0, 0, 0, 0, 3, 3, 0, 0, 0, 0, 0]","[0.9341783, 0.89885795, 0.86440444, 0.84885114, 0.8369528, 0.82742935, 0.8164684, 0.7887039, 0.70541537, 0.69190234, 0.669609, 0.61518425, 0.5720174, 0.5696581, 0.55414444, 0.547197, 0.52253044, 0.5122454, 0.46667507, 0.4605838, 0.4207248, 0.4186756, 0.3503198, 0.3188035]","[[250.1, 132.12, 193.75, 198.05], [550.81, 258.69, 87.46, 55.48], [420.33, 224.58, 40.42, 105.96], [498.26, 226.7, 39.03, 101.17], [477.16, 227.19, 29.35, 80.07], [614.8, 229.87, 24.84, 74.66], [1, 221.88, 23.08, 47.17], [181.1, 241.78, 38.78, 45.17], [551.62, 231.48, 19.76, 48.46], [191.98, 225.31, 30.73, 50.38], [277.2, 180.71, 39.14, 25.7], [457.27, 229.97, 18.44, 63.48], [145.6, 227.17, 12.19, 30.36], [101.8, 228.29, 13.98, 28.75], [70.89, 226.74, 16.67, 30.3], [525.72, 226.78, 16.84, 25.99], [589.16, 230.52, 18.26, 54.88], [241.13, 240.59, 13.48, 21.35], [157.59, 236.19, 28.64, 26.96], [218.74, 227.87, 10.49, 22.46], [48.99, 221.65, 15.57, 35.16], [242.27, 225.5, 12.02, 25.45], [138.21, 227.01, 10.58, 30.24], [167.16, 230.15, 14.43, 21.03]]"
3733,/home/pi/sambashare/BacArbeit/cocoval2017/000000284698.jpg,3.1939529339997534,"['0: person', '67: cell phone', '3: motorcycle']","[0, 67, 3]","[0.82005626, 0.56115437, 0.3524888]","[[20.69, 181.68, 168.14, 152.69], [134.61, 183.85, 37.23, 70.89], [1.72, 131.2, 229.2, 362.89]]"
3734,/home/pi/sambashare/BacArbeit/cocoval2017/000000397303.jpg,3.1897856739997223,"['0: person', '63: laptop', '24: backpack', '0: person', '56: chair', '56: chair', '0: person', '56: chair', '56: chair', '56: chair', '56: chair', '0: person', '56: chair', '0: person', '56: chair', '56: chair', '0: person', '56: chair', '60: dining table', '56: chair', '0: person', '73: book', '0: person', '0: person', '56: chair', '56: chair', '0: person']","[0, 63, 24, 0, 56, 56, 0, 56, 56, 56, 56, 0, 56, 0, 56, 56, 0, 56, 60, 56, 0, 73, 0, 0, 56, 56, 0]","[0.8881067, 0.85526866, 0.8438318, 0.81478024, 0.8113154, 0.8049299, 0.7957818, 0.786704, 0.77415997, 0.74344635, 0.7301196, 0.7278611, 0.6976582, 0.6857605, 0.6193576, 0.56338, 0.5501769, 0.53868824, 0.50594544, 0.4949153, 0.49313414, 0.47431204, 0.4166967, 0.3551672, 0.33159706, 0.29800317, 0.28988424]","[[340.51, 67.03, 196.3, 382.91], [34.71, 266.47, 140.04, 75.54], [527.67, 296.36, 112.21, 144.33], [228.63, 184.26, 141.4, 192.1], [326.66, 165.1, 47.16, 85.14], [130.09, 152.01, 68.81, 59.14], [440.08, 84.74, 48.27, 64.89], [56.15, 232.62, 54.1, 41.53], [52.29, 152.41, 40.9, 56.76], [274.23, 161.19, 55.11, 79.07], [1, 174.74, 32.98, 63.94], [216.43, 96.39, 25.4, 65.02], [23.66, 219.2, 46.35, 39.27], [509.0, 132.91, 65.89, 132.49], [185.2, 142.69, 35.19, 50.06], [349.96, 254.1, 52.88, 116.29], [246.45, 101.42, 15.22, 25.72], [22.03, 185.94, 36.88, 48.45], [1, 237.85, 123.78, 87.45], [52.36, 192.84, 25.56, 33.61], [101.62, 105.24, 17.52, 34.73], [413.58, 459.67, 59.73, 20.33], [16.46, 103.12, 14.9, 17.94], [82.01, 103.18, 12.73, 37.34], [1, 173.14, 9.73, 26.89], [561.54, 189.1, 30.85, 66.19], [140.12, 105.6, 13.49, 34.63]]"
3735,/home/pi/sambashare/BacArbeit/cocoval2017/000000459500.jpg,3.1663945130003412,"['2: car', '74: clock', '14: bird', '13: bench', '14: bird', '13: bench']","[2, 74, 14, 13, 14, 13]","[0.9210653, 0.8588301, 0.5041039, 0.40205258, 0.3032382, 0.28217742]","[[1, 354.71, 56.83, 24.88], [194.04, 41.21, 65.96, 74.33], [189.69, 150.92, 94.3, 196.28], [1, 375.4, 10.33, 16.39], [142.57, 230.72, 75.76, 116.19], [310.34, 376.56, 52.93, 43.74]]"
3736,/home/pi/sambashare/BacArbeit/cocoval2017/000000441543.jpg,3.188245592000385,"['25: umbrella', '0: person', '0: person', '0: person', '24: backpack', '0: person', '0: person', '0: person', '0: person', '0: person', '0: person', '37: surfboard', '0: person', '0: person', '26: handbag', '0: person']","[25, 0, 0, 0, 24, 0, 0, 0, 0, 0, 0, 37, 0, 0, 26, 0]","[0.90127814, 0.8750757, 0.81672734, 0.774448, 0.7475118, 0.7454326, 0.6711458, 0.6272423, 0.6175683, 0.6084803, 0.5671618, 0.45174348, 0.3303501, 0.32511783, 0.3173967, 0.29457986]","[[97.59, 53.81, 460.23, 233.43], [213.96, 285.96, 141.11, 116.18], [513.59, 239.47, 104.66, 136.24], [1.08, 218.36, 146.76, 183.38], [135.01, 309.88, 95.04, 93.12], [406.58, 353.78, 147.15, 48.91], [496.48, 236.73, 50.17, 94.23], [589.03, 233.45, 40.14, 84.07], [451.1, 295.1, 65.16, 66.28], [397.85, 253.13, 71.71, 123.43], [610.78, 290.73, 29.02, 111.24], [105.18, 126.6, 63.58, 73.89], [475.77, 215.71, 47.45, 82.83], [627.72, 230.64, 12.05, 69.14], [237.81, 368.82, 19.59, 33.99], [584.35, 167.63, 49.94, 53.78]]"
3737,/home/pi/sambashare/BacArbeit/cocoval2017/000000292082.jpg,3.1743817739989026,"['0: person', '0: person', '27: tie', '27: tie', '56: chair']","[0, 0, 27, 27, 56]","[0.8825062, 0.8094977, 0.6413488, 0.5821342, 0.4109054]","[[240.22, 200.65, 302.73, 411.12], [74.39, 171.7, 224.31, 438.81], [193.15, 327.87, 47.45, 97.42], [193.71, 329.17, 40.09, 51.27], [26.71, 251.39, 123.79, 172.46]]"
3738,/home/pi/sambashare/BacArbeit/cocoval2017/000000507797.jpg,3.1719160649990954,"['5: bus', '0: person', '0: person', '0: person', '0: person', '26: handbag', '26: handbag', '0: person', '26: handbag', '0: person', '5: bus', '0: person', '0: person', '2: car', '2: car']","[5, 0, 0, 0, 0, 26, 26, 0, 26, 0, 5, 0, 0, 2, 2]","[0.9431476, 0.9189281, 0.907797, 0.89182657, 0.88195693, 0.8075245, 0.7914743, 0.7887754, 0.7552862, 0.75069517, 0.57732743, 0.49451983, 0.47054473, 0.46698874, 0.37949485]","[[225.39, 106.22, 269.0, 166.73], [513.39, 177.84, 58.13, 134.71], [26.09, 186.38, 71.06, 205.73], [145.59, 166.96, 61.09, 192.88], [94.92, 187.26, 78.54, 190.6], [56.88, 298.5, 43.38, 49.82], [140.05, 263.08, 38.03, 57.16], [73.57, 103.32, 55.79, 87.27], [548.62, 222.7, 26.88, 39.98], [507.33, 179.28, 20.04, 38.78], [1, 1.93, 224.94, 361.99], [79.17, 162.05, 49.52, 158.03], [559.11, 177.85, 15.76, 21.88], [486.18, 181.9, 21.03, 37.07], [204.8, 177.92, 25.38, 28.53]]"
3739,/home/pi/sambashare/BacArbeit/cocoval2017/000000306700.jpg,3.177148524000586,"['42: fork', '0: person', '53: pizza']","[42, 0, 53]","[0.8726181, 0.77042586, 0.61929435]","[[434.89, 493.44, 45.08, 50.49], [21.11, 75.07, 354.96, 372.19], [50.17, 350.19, 361.24, 254.33]]"
3740,/home/pi/sambashare/BacArbeit/cocoval2017/000000284725.jpg,3.173481511999853,"['5: bus', '2: car', '2: car', '2: car', '2: car', '0: person', '0: person', '0: person', '0: person']","[5, 2, 2, 2, 2, 0, 0, 0, 0]","[0.9432868, 0.94296485, 0.8998579, 0.6726335, 0.41203955, 0.40655938, 0.32183295, 0.295349, 0.25239265]","[[63.87, 139.49, 430.8, 169.17], [147.62, 286.44, 230.37, 90.07], [1, 152.98, 53.27, 29.97], [83.49, 150.2, 72.96, 20.86], [1, 239.21, 4.05, 25.98], [622.78, 100.23, 17.17, 42.42], [159.64, 195.34, 17.27, 21.96], [107.66, 149.85, 27.91, 20.27], [116.36, 149.64, 9.0, 20.63]]"
3741,/home/pi/sambashare/BacArbeit/cocoval2017/000000322574.jpg,3.170685778999541,"['41: cup', '59: bed']","[41, 59]","[0.8408438, 0.30637884]","[[185.72, 15.7, 227.91, 114.1], [1.97, 77.29, 624.31, 398.02]]"
3742,/home/pi/sambashare/BacArbeit/cocoval2017/000000112634.jpg,3.1680577350016392,"['23: giraffe', '23: giraffe', '23: giraffe']","[23, 23, 23]","[0.91641015, 0.7854495, 0.28108692]","[[576.93, 195.59, 62.83, 114.14], [11.61, 10.47, 518.38, 430.97], [606.65, 18.1, 32.93, 47.31]]"
3743,/home/pi/sambashare/BacArbeit/cocoval2017/000000042178.jpg,3.179432095001175,[],[],[],[]
3744,/home/pi/sambashare/BacArbeit/cocoval2017/000000232244.jpg,3.205938426001012,['20: elephant'],[20],[0.6494619],"[[4.7, 42.15, 482.46, 330.03]]"
3745,/home/pi/sambashare/BacArbeit/cocoval2017/000000528977.jpg,3.1895304449990363,[],[],[],[]
3746,/home/pi/sambashare/BacArbeit/cocoval2017/000000158744.jpg,3.1821161059997394,"['0: person', '2: car', '0: person', '28: suitcase', '2: car', '2: car', '2: car', '0: person', '10: fire hydrant', '56: chair', '26: handbag']","[0, 2, 0, 28, 2, 2, 2, 0, 10, 56, 26]","[0.88018745, 0.8418441, 0.74992126, 0.7430732, 0.63505554, 0.45841694, 0.38283604, 0.35057834, 0.34947097, 0.29075894, 0.26037425]","[[449.2, 81.69, 83.38, 240.53], [592.41, 93.31, 47.49, 30.64], [485.55, 187.18, 89.4, 86.8], [433.13, 239.7, 29.69, 56.87], [321.51, 115.04, 20.78, 13.74], [629.42, 103.62, 10.52, 23.92], [1, 172.12, 24.21, 65.71], [365.93, 100.74, 8.85, 20.63], [376.11, 113.7, 8.33, 13.15], [26.58, 143.52, 109.06, 93.89], [486.19, 203.37, 47.45, 68.34]]"
3747,/home/pi/sambashare/BacArbeit/cocoval2017/000000199551.jpg,3.1885964180000883,['59: bed'],[59],[0.2915247],"[[4.17, 145.53, 634.96, 281.65]]"
3748,/home/pi/sambashare/BacArbeit/cocoval2017/000000442822.jpg,3.17712618600126,"['8: boat', '8: boat', '8: boat', '8: boat', '8: boat', '8: boat', '8: boat', '8: boat', '8: boat', '8: boat', '8: boat', '8: boat', '8: boat', '8: boat', '8: boat', '8: boat', '8: boat']","[8, 8, 8, 8, 8, 8, 8, 8, 8, 8, 8, 8, 8, 8, 8, 8, 8]","[0.90600985, 0.8420749, 0.8371534, 0.7311443, 0.7221416, 0.6434123, 0.6365554, 0.5983423, 0.5752209, 0.5354341, 0.5194052, 0.5024137, 0.48992708, 0.45821482, 0.43427828, 0.42048457, 0.2762953]","[[62.95, 204.89, 316.31, 170.83], [274.94, 179.17, 147.19, 78.58], [485.56, 135.69, 146.82, 58.45], [394.74, 158.1, 151.0, 58.37], [437.02, 150.18, 144.48, 51.22], [375.41, 181.57, 104.12, 55.52], [51.21, 100.06, 58.05, 46.97], [225.53, 136.52, 136.97, 49.09], [283.57, 130.97, 122.33, 39.39], [1.35, 169.44, 163.16, 90.23], [86.29, 99.03, 65.97, 45.28], [175.2, 143.84, 140.77, 49.91], [131.52, 162.29, 128.73, 53.99], [135.28, 101.43, 62.05, 37.38], [18.09, 111.7, 59.63, 35.95], [1, 110.73, 23.2, 23.48], [177.32, 105.72, 55.3, 30.34]]"
3749,/home/pi/sambashare/BacArbeit/cocoval2017/000000388215.jpg,3.1934839709992957,"['0: person', '38: tennis racket', '32: sports ball', '8: boat', '32: sports ball']","[0, 38, 32, 8, 32]","[0.9295542, 0.832062, 0.7382585, 0.35679883, 0.2921695]","[[245.44, 94.4, 173.87, 320.76], [331.54, 112.78, 26.06, 32.74], [242.4, 72.02, 12.14, 11.88], [594.29, 64.9, 31.13, 8.56], [176.48, 11.67, 9.58, 9.2]]"
3750,/home/pi/sambashare/BacArbeit/cocoval2017/000000419379.jpg,3.1917082090003532,"['54: donut', '54: donut', '54: donut', '54: donut', '0: person']","[54, 54, 54, 54, 0]","[0.8947014, 0.85325897, 0.83839864, 0.8266058, 0.48660675]","[[43.6, 159.43, 136.89, 100.71], [18.97, 126.03, 118.09, 75.45], [186.86, 124.47, 134.44, 81.33], [87.41, 324.65, 115.09, 97.79], [119.92, 1, 136.56, 124.5]]"
3751,/home/pi/sambashare/BacArbeit/cocoval2017/000000511760.jpg,3.1848176260009495,"['0: person', '0: person', '33: kite']","[0, 0, 33]","[0.9275335, 0.90560514, 0.66005576]","[[117.32, 485.55, 37.11, 102.7], [160.35, 529.27, 20.51, 58.65], [226.39, 32.89, 34.92, 116.21]]"
3752,/home/pi/sambashare/BacArbeit/cocoval2017/000000081594.jpg,3.1939973080006894,"['0: person', '25: umbrella', '26: handbag']","[0, 25, 26]","[0.9390128, 0.9120941, 0.2721907]","[[173.79, 243.94, 130.88, 392.14], [194.34, 211.16, 196.53, 188.99], [174.15, 319.03, 85.85, 157.41]]"
3753,/home/pi/sambashare/BacArbeit/cocoval2017/000000466567.jpg,3.174530385998878,"['47: apple', '0: person']","[47, 0]","[0.6167125, 0.51356316]","[[105.78, 228.75, 265.89, 235.95], [69.02, 314.83, 15.2, 18.59]]"
3754,/home/pi/sambashare/BacArbeit/cocoval2017/000000445602.jpg,3.1875216130010813,"['0: person', '0: person', '0: person', '30: skis', '0: person', '0: person']","[0, 0, 0, 30, 0, 0]","[0.9058948, 0.78031754, 0.7512435, 0.71797377, 0.61809593, 0.54545814]","[[363.73, 313.73, 66.09, 127.92], [68.48, 264.05, 7.74, 16.85], [39.2, 263.86, 7.77, 16.06], [330.75, 433.25, 149.51, 15.01], [216.28, 228.02, 6.12, 14.5], [198.03, 233.41, 4.72, 8.77]]"
3755,/home/pi/sambashare/BacArbeit/cocoval2017/000000434548.jpg,3.1831323789992894,['0: person'],[0],[0.91236186],"[[174.25, 123.13, 181.08, 312.46]]"
3756,/home/pi/sambashare/BacArbeit/cocoval2017/000000242934.jpg,3.1768405940001685,"['57: couch', '73: book', '73: book']","[57, 73, 73]","[0.8645558, 0.2983486, 0.2664225]","[[146.65, 100.81, 267.71, 95.13], [280.22, 60.25, 37.59, 9.95], [325.77, 89.75, 10.43, 16.32]]"
3757,/home/pi/sambashare/BacArbeit/cocoval2017/000000174482.jpg,3.1862515949997032,"['2: car', '2: car', '7: truck', '1: bicycle', '2: car', '2: car', '2: car', '9: traffic light', '9: traffic light']","[2, 2, 7, 1, 2, 2, 2, 9, 9]","[0.93741494, 0.9268801, 0.9194788, 0.9138129, 0.77751213, 0.70839095, 0.29692098, 0.29320353, 0.25006402]","[[149.12, 71.97, 89.57, 41.19], [396.05, 81.02, 82.89, 34.78], [507.12, 24.69, 131.93, 113.06], [200.17, 27.32, 295.48, 357.55], [475.32, 78.9, 39.7, 40.39], [366.75, 87.88, 30.89, 22.25], [121.77, 80.69, 9.45, 13.06], [190.17, 42.62, 5.64, 6.37], [95.87, 68.27, 4.14, 4.48]]"
3758,/home/pi/sambashare/BacArbeit/cocoval2017/000000388056.jpg,3.1894328470007167,"['0: person', '0: person', '0: person', '35: baseball glove', '0: person', '0: person', '34: baseball bat', '0: person', '0: person', '0: person', '0: person']","[0, 0, 0, 35, 0, 0, 34, 0, 0, 0, 0]","[0.9408039, 0.93600583, 0.9257208, 0.87541413, 0.8733963, 0.85981107, 0.8483898, 0.8310019, 0.8040188, 0.6158019, 0.2607845]","[[80.81, 66.9, 146.98, 245.48], [392.31, 91.89, 107.44, 212.84], [285.31, 153.87, 143.11, 139.65], [284.44, 213.17, 35.23, 23.98], [429.41, 1, 67.02, 103.55], [364.74, 1, 67.85, 91.44], [107.78, 24.02, 63.33, 56.98], [256.49, 1, 50.3, 82.34], [297.17, 1, 63.01, 86.6], [220.38, 1, 53.6, 56.2], [228.22, 1, 19.4, 12.96]]"
3759,/home/pi/sambashare/BacArbeit/cocoval2017/000000410880.jpg,3.1775475369995547,"['56: chair', '77: teddy bear', '0: person', '2: car']","[56, 77, 0, 2]","[0.87978, 0.8328801, 0.65701705, 0.3447855]","[[1, 206.24, 75.18, 167.99], [83.86, 78.77, 240.09, 295.52], [290.18, 32.18, 27.25, 94.31], [265.75, 63.85, 32.5, 26.17]]"
3760,/home/pi/sambashare/BacArbeit/cocoval2017/000000091654.jpg,3.1874146640002436,"['55: cake', '44: spoon', '45: bowl']","[55, 44, 45]","[0.46584526, 0.3397532, 0.27679262]","[[30.37, 3.22, 596.7, 472.12], [1.34, 1.63, 212.06, 211.81], [1, 317.28, 78.27, 162.44]]"
3761,/home/pi/sambashare/BacArbeit/cocoval2017/000000328601.jpg,3.1824088970006414,"['0: person', '38: tennis racket', '32: sports ball', '13: bench']","[0, 38, 32, 13]","[0.8942538, 0.78747386, 0.72354454, 0.2535475]","[[83.87, 10.24, 247.56, 629.18], [70.25, 91.07, 53.2, 162.44], [329.2, 256.26, 41.85, 42.52], [1, 341.76, 390.88, 296.95]]"
3762,/home/pi/sambashare/BacArbeit/cocoval2017/000000516038.jpg,3.1839935459993285,"['0: person', '0: person', '0: person', '35: baseball glove', '35: baseball glove', '35: baseball glove']","[0, 0, 0, 35, 35, 35]","[0.9545265, 0.9403228, 0.9219263, 0.83584774, 0.8358398, 0.38617024]","[[54.57, 224.85, 154.35, 210.7], [201.31, 104.33, 96.59, 123.33], [371.09, 1, 65.77, 63.33], [259.54, 168.93, 23.64, 24.38], [133.77, 324.16, 32.79, 27.56], [214.9, 169.12, 13.55, 15.94]]"
3763,/home/pi/sambashare/BacArbeit/cocoval2017/000000064462.jpg,3.1818352749996848,"['0: person', '30: skis']","[0, 30]","[0.9072971, 0.82571995]","[[173.03, 2.77, 153.09, 315.43], [208.2, 309.79, 122.65, 67.66]]"
3764,/home/pi/sambashare/BacArbeit/cocoval2017/000000331569.jpg,3.1939402099997096,['41: cup'],[41],[0.91425985],"[[235.4, 28.4, 364.94, 528.89]]"
3765,/home/pi/sambashare/BacArbeit/cocoval2017/000000529528.jpg,3.190297147999445,"['75: vase', '41: cup']","[75, 41]","[0.36739147, 0.25988844]","[[26.34, 130.74, 241.73, 191.08], [1, 44.97, 70.8, 125.64]]"
3766,/home/pi/sambashare/BacArbeit/cocoval2017/000000071711.jpg,3.1922472700007347,"['0: person', '0: person', '0: person', '0: person', '0: person', '0: person', '0: person', '4: airplane', '26: handbag', '0: person', '4: airplane']","[0, 0, 0, 0, 0, 0, 0, 4, 26, 0, 4]","[0.8660095, 0.811284, 0.808136, 0.709116, 0.6971135, 0.627541, 0.42432356, 0.3827999, 0.3335966, 0.2754425, 0.26084626]","[[417.41, 299.16, 21.17, 67.83], [558.17, 299.23, 22.88, 67.99], [438.31, 305.05, 20.66, 57.55], [589.17, 298.63, 22.88, 72.8], [526.58, 303.54, 22.69, 64.13], [606.51, 296.66, 20.75, 67.54], [413.5, 304.0, 45.39, 59.73], [1, 172.48, 320.58, 156.57], [633.01, 339.77, 6.85, 14.87], [632.52, 300.56, 7.38, 43.35], [386.23, 217.65, 252.73, 86.28]]"
3767,/home/pi/sambashare/BacArbeit/cocoval2017/000000159791.jpg,3.179997696999635,"['56: chair', '72: refrigerator', '68: microwave', '57: couch']","[56, 72, 68, 57]","[0.8772001, 0.8298201, 0.80901825, 0.47507802]","[[1, 296.66, 118.82, 77.36], [107.16, 5.88, 309.16, 369.12], [1, 192.23, 28.51, 51.37], [390.72, 336.13, 108.12, 38.42]]"
3768,/home/pi/sambashare/BacArbeit/cocoval2017/000000568814.jpg,3.1817920779994893,"['0: person', '56: chair', '0: person', '41: cup', '60: dining table', '60: dining table']","[0, 56, 0, 41, 60, 60]","[0.76614165, 0.7285334, 0.65982705, 0.609509, 0.44749483, 0.34019727]","[[1, 244.14, 54.17, 90.64], [1, 319.18, 27.26, 39.26], [97.56, 1, 540.66, 357.96], [3.3, 282.7, 19.56, 37.58], [1.67, 318.8, 95.18, 39.23], [3.49, 319.83, 96.66, 13.7]]"
3769,/home/pi/sambashare/BacArbeit/cocoval2017/000000031269.jpg,3.190223269000853,"['22: zebra', '22: zebra', '22: zebra']","[22, 22, 22]","[0.9531988, 0.94775325, 0.90639305]","[[397.15, 165.46, 218.69, 178.12], [171.23, 190.25, 276.71, 176.51], [1, 214.06, 74.46, 162.25]]"
3770,/home/pi/sambashare/BacArbeit/cocoval2017/000000410612.jpg,3.186998159999348,"['8: boat', '8: boat']","[8, 8]","[0.4414368, 0.34791604]","[[176.44, 98.74, 124.42, 143.55], [176.92, 193.47, 123.32, 48.24]]"
3771,/home/pi/sambashare/BacArbeit/cocoval2017/000000060855.jpg,3.1930389720000676,"['49: orange', '49: orange', '47: apple', '49: orange', '47: apple', '49: orange']","[49, 49, 47, 49, 47, 49]","[0.8384715, 0.73741394, 0.59536153, 0.560008, 0.5322575, 0.4247208]","[[161.98, 12.04, 130.74, 113.22], [326.74, 202.74, 152.72, 156.47], [25.7, 206.44, 175.8, 178.27], [12.82, 100.7, 128.91, 128.45], [267.59, 62.28, 160.61, 162.34], [136.21, 106.26, 134.39, 127.98]]"
3772,/home/pi/sambashare/BacArbeit/cocoval2017/000000534664.jpg,3.1815261760002613,"['28: suitcase', '28: suitcase', '28: suitcase', '28: suitcase', '28: suitcase', '28: suitcase', '16: dog']","[28, 28, 28, 28, 28, 28, 16]","[0.86269087, 0.8216748, 0.80668676, 0.78061074, 0.4314575, 0.28728023, 0.28227508]","[[412.4, 115.85, 192.84, 145.15], [1.63, 1, 175.87, 209.44], [413.28, 242.76, 224.97, 156.16], [1, 194.16, 170.46, 209.42], [151.05, 1, 154.47, 401.77], [530.88, 124.15, 108.91, 162.84], [298.59, 1, 215.67, 79.34]]"
3773,/home/pi/sambashare/BacArbeit/cocoval2017/000000438907.jpg,3.182827090000501,"['0: person', '36: skateboard', '0: person', '36: skateboard']","[0, 36, 0, 36]","[0.93475103, 0.92086315, 0.88864374, 0.4845025]","[[123.53, 24.91, 176.57, 378.17], [134.73, 359.39, 126.15, 72.13], [51.81, 163.35, 73.47, 330.65], [34.54, 347.03, 136.22, 49.86]]"
3774,/home/pi/sambashare/BacArbeit/cocoval2017/000000072813.jpg,3.182248080000136,"['16: dog', '62: tv', '26: handbag', '59: bed']","[16, 62, 26, 59]","[0.9161949, 0.8792419, 0.4282687, 0.3368637]","[[234.8, 134.25, 264.25, 187.73], [52.87, 32.72, 149.92, 134.98], [180.01, 93.93, 117.45, 63.61], [3.55, 117.68, 632.1, 361.3]]"
3775,/home/pi/sambashare/BacArbeit/cocoval2017/000000308793.jpg,3.1980048250006803,"['0: person', '30: skis', '0: person', '30: skis', '31: snowboard']","[0, 30, 0, 30, 31]","[0.92468876, 0.88853824, 0.5003141, 0.44072455, 0.26985082]","[[336.25, 29.08, 102.06, 152.83], [331.98, 1, 103.13, 108.25], [1, 41.94, 189.52, 180.97], [79.73, 175.63, 369.79, 304.37], [182.85, 127.15, 77.93, 22.26]]"
3776,/home/pi/sambashare/BacArbeit/cocoval2017/000000579321.jpg,3.1854317670004093,"['16: dog', '0: person']","[16, 0]","[0.8202377, 0.6289187]","[[207.1, 73.92, 427.26, 261.94], [97.51, 1.28, 237.93, 184.25]]"
3777,/home/pi/sambashare/BacArbeit/cocoval2017/000000064495.jpg,3.191478651999205,"['12: parking meter', '13: bench']","[12, 13]","[0.8384889, 0.3361164]","[[231.09, 44.77, 181.52, 184.12], [561.9, 224.78, 77.56, 254.44]]"
3778,/home/pi/sambashare/BacArbeit/cocoval2017/000000446005.jpg,3.178768267000123,"['68: microwave', '69: oven', '71: sink']","[68, 69, 71]","[0.8923512, 0.82963866, 0.8148533]","[[313.26, 98.29, 91.57, 50.59], [301.15, 169.95, 109.25, 157.39], [51.74, 200.73, 120.48, 21.69]]"
3779,/home/pi/sambashare/BacArbeit/cocoval2017/000000488673.jpg,3.172576081000443,"['40: wine glass', '0: person', '41: cup', '0: person', '45: bowl', '56: chair', '0: person', '45: bowl', '60: dining table', '45: bowl', '39: bottle']","[40, 0, 41, 0, 45, 56, 0, 45, 60, 45, 39]","[0.9040258, 0.9035368, 0.8639498, 0.8267835, 0.7421751, 0.68375546, 0.59925437, 0.5050435, 0.42034668, 0.32768762, 0.2958082]","[[239.67, 440.99, 70.83, 136.61], [154.06, 191.12, 290.42, 274.74], [210.01, 575.22, 124.49, 64.45], [1, 67.4, 225.29, 442.88], [450.89, 459.51, 29.01, 41.59], [150.12, 321.18, 39.3, 66.71], [1, 288.53, 54.37, 351.03], [19.18, 495.18, 35.85, 44.73], [11.63, 470.72, 464.11, 168.43], [400.07, 555.78, 73.31, 49.29], [349.42, 393.06, 53.89, 234.97]]"
3780,/home/pi/sambashare/BacArbeit/cocoval2017/000000176799.jpg,3.1908264969988522,"['0: person', '36: skateboard', '14: bird', '14: bird']","[0, 36, 14, 14]","[0.8868756, 0.8653606, 0.6252947, 0.40666115]","[[385.91, 73.57, 110.85, 127.78], [389.84, 175.25, 45.41, 43.9], [73.14, 179.01, 51.66, 23.14], [49.47, 212.66, 51.13, 120.1]]"
3781,/home/pi/sambashare/BacArbeit/cocoval2017/000000128748.jpg,3.196576783000637,"['0: person', '0: person', '0: person', '34: baseball bat', '35: baseball glove']","[0, 0, 0, 34, 35]","[0.94463295, 0.94390345, 0.9049773, 0.85086435, 0.77477443]","[[1, 85.65, 201.68, 523.12], [305.68, 100.08, 158.18, 529.34], [155.71, 51.44, 199.81, 550.15], [290.06, 454.1, 50.29, 139.91], [1, 348.84, 19.74, 66.27]]"
3782,/home/pi/sambashare/BacArbeit/cocoval2017/000000325347.jpg,3.1870235999995202,"['0: person', '56: chair', '56: chair', '38: tennis racket', '0: person', '39: bottle']","[0, 56, 56, 38, 0, 39]","[0.93404645, 0.9083859, 0.84234864, 0.82915866, 0.7480807, 0.3443728]","[[292.48, 72.64, 178.67, 233.4], [397.96, 1, 77.95, 90.98], [279.42, 1, 86.17, 91.12], [225.81, 209.47, 116.7, 47.96], [115.62, 5.02, 56.49, 94.0], [285.16, 68.87, 10.74, 26.67]]"
3783,/home/pi/sambashare/BacArbeit/cocoval2017/000000449406.jpg,3.175185391000923,"['22: zebra', '22: zebra']","[22, 22]","[0.9157072, 0.27085352]","[[103.14, 99.06, 207.66, 179.72], [1, 137.4, 63.83, 84.71]]"
3784,/home/pi/sambashare/BacArbeit/cocoval2017/000000327701.jpg,3.1860895640002127,"['0: person', '0: person', '0: person', '0: person', '38: tennis racket', '9: traffic light', '38: tennis racket']","[0, 0, 0, 0, 38, 9, 38]","[0.9423985, 0.91037816, 0.8248779, 0.77577037, 0.7569983, 0.2938026, 0.2793289]","[[330.4, 263.89, 152.27, 163.41], [151.68, 329.77, 65.8, 97.76], [115.28, 387.44, 42.97, 40.23], [557.67, 275.72, 14.77, 17.47], [376.28, 208.65, 88.49, 69.56], [381.65, 156.17, 18.46, 21.08], [553.23, 270.58, 7.17, 11.43]]"
3785,/home/pi/sambashare/BacArbeit/cocoval2017/000000553669.jpg,3.1796864669995557,"['13: bench', '0: person', '0: person', '0: person', '7: truck', '2: car', '63: laptop', '2: car', '0: person', '0: person', '0: person', '2: car', '14: bird', '0: person']","[13, 0, 0, 0, 7, 2, 63, 2, 0, 0, 0, 2, 14, 0]","[0.8648267, 0.79910994, 0.637871, 0.6125159, 0.5766821, 0.5601421, 0.5542064, 0.54537433, 0.43588993, 0.43040627, 0.34584555, 0.34000164, 0.28793874, 0.27989233]","[[2.52, 321.78, 348.32, 158.22], [72.71, 197.85, 194.79, 280.8], [512.19, 80.86, 12.51, 24.3], [1, 230.25, 50.24, 116.49], [357.2, 89.91, 150.02, 45.02], [494.85, 105.62, 120.25, 39.64], [125.29, 232.76, 95.91, 53.68], [171.18, 73.41, 159.3, 49.33], [594.57, 116.24, 42.61, 41.01], [90.76, 103.65, 39.57, 37.58], [629.41, 110.71, 10.59, 45.78], [240.79, 102.79, 112.89, 39.55], [56.14, 169.39, 12.9, 10.31], [1.87, 463.39, 75.87, 16.28]]"
3786,/home/pi/sambashare/BacArbeit/cocoval2017/000000155341.jpg,3.181115013998351,"['2: car', '0: person', '0: person', '7: truck', '0: person', '0: person', '7: truck', '0: person', '0: person', '0: person', '2: car']","[2, 0, 0, 7, 0, 0, 7, 0, 0, 0, 2]","[0.95083565, 0.84716594, 0.84569633, 0.8070872, 0.7800133, 0.7311651, 0.70097315, 0.6161321, 0.5770836, 0.41268587, 0.38713682]","[[150.81, 286.63, 243.8, 127.35], [18.44, 260.31, 18.85, 47.11], [227.69, 264.16, 18.12, 22.86], [52.13, 212.08, 213.15, 105.02], [176.88, 266.56, 17.1, 26.65], [277.05, 270.72, 15.36, 20.34], [268.1, 219.09, 351.84, 113.79], [1, 256.1, 5.79, 55.8], [220.71, 304.15, 39.67, 30.72], [193.8, 275.45, 21.79, 12.68], [445.27, 258.71, 49.09, 25.1]]"
3787,/home/pi/sambashare/BacArbeit/cocoval2017/000000083531.jpg,3.1990650970001298,"['52: hot dog', '0: person', '39: bottle', '0: person', '39: bottle', '52: hot dog']","[52, 0, 39, 0, 39, 52]","[0.8052288, 0.631757, 0.5772553, 0.5634305, 0.32605666, 0.28989023]","[[36.56, 156.51, 143.98, 59.19], [1.41, 1, 100.44, 116.25], [429.35, 1, 67.85, 66.75], [432.4, 104.96, 67.06, 169.76], [474.72, 1.17, 24.97, 73.37], [113.08, 121.25, 120.92, 36.06]]"
3788,/home/pi/sambashare/BacArbeit/cocoval2017/000000363461.jpg,3.185932992999369,"['63: laptop', '56: chair', '64: mouse', '66: keyboard', '64: mouse', '62: tv', '62: tv', '63: laptop', '63: laptop', '65: remote', '66: keyboard', '73: book']","[63, 56, 64, 66, 64, 62, 62, 63, 63, 65, 66, 73]","[0.92706877, 0.92598474, 0.9259009, 0.89537585, 0.8903612, 0.8750331, 0.79669595, 0.76554585, 0.7151139, 0.5079466, 0.4433108, 0.30928624]","[[124.4, 340.6, 214.17, 136.93], [1, 183.92, 205.35, 242.54], [84.56, 442.04, 44.95, 35.78], [348.48, 310.13, 59.03, 46.6], [354.09, 355.81, 43.55, 15.52], [360.02, 140.33, 98.7, 133.93], [441.18, 160.25, 55.32, 255.01], [346.55, 397.99, 127.84, 79.83], [405.81, 47.09, 102.35, 41.88], [1, 439.99, 22.28, 37.74], [292.37, 217.45, 77.48, 29.2], [565.6, 31.42, 22.65, 60.49]]"
3789,/home/pi/sambashare/BacArbeit/cocoval2017/000000157098.jpg,3.193677833000038,"['23: giraffe', '23: giraffe', '23: giraffe']","[23, 23, 23]","[0.9344657, 0.9058582, 0.9016102]","[[436.25, 60.5, 63.51, 155.28], [191.8, 11.33, 182.44, 320.81], [97.7, 14.93, 117.46, 317.29]]"
3790,/home/pi/sambashare/BacArbeit/cocoval2017/000000261061.jpg,3.180700278000586,"['0: person', '29: frisbee', '37: surfboard']","[0, 29, 37]","[0.90880394, 0.82147926, 0.3366565]","[[254.8, 48.67, 108.7, 284.65], [78.73, 258.7, 62.65, 15.33], [129.76, 228.8, 116.85, 9.17]]"
3791,/home/pi/sambashare/BacArbeit/cocoval2017/000000345252.jpg,3.1776317349995225,"['0: person', '62: tv', '64: mouse', '24: backpack', '66: keyboard', '56: chair', '62: tv']","[0, 62, 64, 24, 66, 56, 62]","[0.90522116, 0.8784981, 0.7373978, 0.44077623, 0.38499898, 0.28901917, 0.2559026]","[[258.8, 32.7, 342.15, 444.93], [91.71, 99.82, 146.97, 177.09], [123.23, 331.03, 38.97, 27.85], [614.07, 339.94, 25.77, 39.24], [67.44, 276.41, 156.02, 17.44], [214.22, 288.99, 417.98, 189.6], [1, 377.75, 70.48, 100.07]]"
3792,/home/pi/sambashare/BacArbeit/cocoval2017/000000023899.jpg,3.1770159210009297,"['0: person', '0: person', '0: person', '39: bottle']","[0, 0, 0, 39]","[0.625072, 0.5110909, 0.37159953, 0.34412104]","[[472.59, 103.83, 167.01, 232.79], [235.21, 145.76, 390.68, 273.4], [3.44, 41.74, 409.41, 379.62], [433.46, 289.89, 32.54, 60.82]]"
3793,/home/pi/sambashare/BacArbeit/cocoval2017/000000343218.jpg,3.1912967930002196,"['0: person', '38: tennis racket', '0: person', '2: car', '38: tennis racket', '32: sports ball', '32: sports ball', '2: car', '32: sports ball', '32: sports ball', '32: sports ball', '2: car', '2: car']","[0, 38, 0, 2, 38, 32, 32, 2, 32, 32, 32, 2, 2]","[0.93662333, 0.88295335, 0.854475, 0.81523997, 0.73151904, 0.71375185, 0.68081385, 0.5284806, 0.5204096, 0.509933, 0.48425028, 0.34358534, 0.31503528]","[[237.65, 104.66, 147.94, 284.75], [195.38, 96.2, 63.52, 95.4], [395.49, 102.45, 46.85, 139.14], [485.67, 119.63, 153.59, 85.88], [437.28, 179.28, 17.9, 39.79], [550.92, 227.22, 6.92, 5.84], [284.55, 231.61, 9.01, 6.93], [368.13, 111.25, 126.83, 92.32], [100.68, 236.81, 7.05, 5.84], [174.17, 234.44, 7.15, 5.56], [67.44, 236.37, 6.8, 5.96], [11.34, 161.09, 147.5, 34.23], [1, 130.49, 106.02, 35.16]]"
3794,/home/pi/sambashare/BacArbeit/cocoval2017/000000111086.jpg,3.1727895670010184,"['2: car', '2: car', '2: car', '2: car', '2: car', '2: car', '2: car', '2: car', '2: car', '2: car', '2: car']","[2, 2, 2, 2, 2, 2, 2, 2, 2, 2, 2]","[0.9249815, 0.8956522, 0.86496997, 0.81275636, 0.80663025, 0.78213054, 0.7090345, 0.44039524, 0.43828788, 0.412994, 0.3800794]","[[211.61, 223.83, 82.59, 60.32], [297.45, 212.11, 156.63, 99.59], [162.91, 230.05, 61.9, 51.3], [325.03, 138.92, 133.45, 74.06], [122.25, 239.5, 50.0, 44.4], [95.93, 200.47, 59.5, 44.25], [445.4, 207.59, 54.33, 102.62], [72.42, 249.41, 38.09, 33.18], [185.34, 177.51, 62.53, 44.48], [229.79, 145.81, 134.98, 77.69], [147.22, 188.54, 42.28, 41.27]]"
3795,/home/pi/sambashare/BacArbeit/cocoval2017/000000423506.jpg,3.201386941000237,"['27: tie', '0: person', '27: tie', '41: cup', '0: person']","[27, 0, 27, 41, 0]","[0.9200715, 0.89962316, 0.8954478, 0.8370736, 0.7202666]","[[89.51, 265.16, 74.56, 233.86], [194.38, 67.87, 180.62, 430.04], [252.93, 286.61, 59.92, 88.82], [274.77, 479.31, 67.49, 20.32], [2.57, 2.25, 234.32, 496.72]]"
3796,/home/pi/sambashare/BacArbeit/cocoval2017/000000182202.jpg,3.189188510999884,"['67: cell phone', '63: laptop']","[67, 63]","[0.9154686, 0.7791504]","[[59.09, 101.91, 273.43, 233.43], [152.57, 1.45, 482.95, 321.6]]"
3797,/home/pi/sambashare/BacArbeit/cocoval2017/000000288042.jpg,3.1838948269996763,"['0: person', '25: umbrella', '2: car']","[0, 25, 2]","[0.9223201, 0.8955246, 0.66952395]","[[547.8, 195.45, 56.18, 165.51], [530.37, 161.64, 98.71, 42.01], [629.26, 248.34, 10.59, 29.1]]"
3798,/home/pi/sambashare/BacArbeit/cocoval2017/000000229216.jpg,3.182825263000268,"['67: cell phone', '0: person']","[67, 0]","[0.82366806, 0.7307973]","[[120.79, 362.47, 56.85, 43.4], [56.45, 3.78, 305.95, 417.89]]"
3799,/home/pi/sambashare/BacArbeit/cocoval2017/000000488385.jpg,3.1872957670002506,"['3: motorcycle', '3: motorcycle']","[3, 3]","[0.8452211, 0.828328]","[[22.75, 15.88, 345.18, 619.95], [386.54, 1, 64.6, 80.08]]"
3800,/home/pi/sambashare/BacArbeit/cocoval2017/000000257624.jpg,3.1801765489999525,"['0: person', '32: sports ball', '29: frisbee', '32: sports ball', '29: frisbee']","[0, 32, 29, 32, 29]","[0.91309774, 0.88727283, 0.7487341, 0.70529795, 0.33190536]","[[121.46, 1, 258.15, 632.88], [116.62, 566.88, 103.37, 73.04], [1, 386.94, 163.16, 71.58], [63.79, 608.09, 100.79, 31.74], [1, 435.34, 32.58, 28.51]]"
3801,/home/pi/sambashare/BacArbeit/cocoval2017/000000223789.jpg,3.180177948999699,"['71: sink', '41: cup', '39: bottle']","[71, 41, 39]","[0.67302835, 0.3951849, 0.2666955]","[[1.23, 281.96, 294.56, 201.73], [50.78, 128.22, 31.74, 47.66], [182.7, 139.82, 27.36, 56.34]]"
3802,/home/pi/sambashare/BacArbeit/cocoval2017/000000551780.jpg,3.1942968610001117,['74: clock'],[74],[0.88718396],"[[246.68, 65.46, 188.92, 341.28]]"
3803,/home/pi/sambashare/BacArbeit/cocoval2017/000000378139.jpg,3.1916853559996525,"['8: boat', '2: car', '8: boat', '1: bicycle', '1: bicycle', '1: bicycle', '1: bicycle', '1: bicycle', '1: bicycle', '74: clock', '1: bicycle', '74: clock', '1: bicycle', '2: car']","[8, 2, 8, 1, 1, 1, 1, 1, 1, 74, 1, 74, 1, 2]","[0.83134645, 0.75999504, 0.6567848, 0.63350654, 0.60156316, 0.5561612, 0.54295474, 0.5411885, 0.5079617, 0.48684266, 0.4177277, 0.3831144, 0.28488952, 0.27525374]","[[116.34, 228.24, 369.76, 89.45], [391.6, 214.91, 35.25, 14.5], [548.58, 218.69, 84.86, 17.6], [1, 224.21, 32.2, 25.3], [155.22, 221.35, 45.49, 21.99], [96.51, 223.13, 36.64, 22.06], [210.81, 220.55, 32.61, 18.28], [128.5, 221.02, 48.49, 23.16], [45.55, 221.91, 52.29, 25.21], [170.27, 63.54, 10.75, 16.13], [22.86, 218.5, 40.58, 25.61], [218.53, 75.97, 8.09, 14.77], [5.77, 222.31, 77.16, 25.23], [428.85, 214.01, 29.14, 12.53]]"
3804,/home/pi/sambashare/BacArbeit/cocoval2017/000000127263.jpg,3.1779252930009534,"['29: frisbee', '0: person', '0: person', '2: car']","[29, 0, 0, 2]","[0.9366026, 0.8986538, 0.84566534, 0.689382]","[[439.04, 37.66, 44.07, 24.18], [259.44, 31.41, 214.47, 365.96], [134.08, 24.63, 244.88, 346.67], [500.17, 105.16, 139.41, 69.43]]"
3805,/home/pi/sambashare/BacArbeit/cocoval2017/000000350488.jpg,3.1689837129997613,"['22: zebra', '14: bird', '14: bird']","[22, 14, 14]","[0.9323562, 0.28780296, 0.25112042]","[[107.23, 98.78, 277.35, 277.46], [1, 42.12, 29.32, 37.68], [91.68, 15.51, 22.42, 34.74]]"
3806,/home/pi/sambashare/BacArbeit/cocoval2017/000000215778.jpg,3.1824630179999076,"['64: mouse', '41: cup', '63: laptop', '67: cell phone', '73: book', '62: tv', '73: book', '73: book', '41: cup']","[64, 41, 63, 67, 73, 62, 73, 73, 41]","[0.8920743, 0.8825601, 0.8584522, 0.5462892, 0.49105674, 0.3197755, 0.31099153, 0.29194543, 0.29061255]","[[560.86, 234.18, 78.76, 56.54], [475.72, 139.68, 65.6, 60.23], [145.55, 38.98, 402.88, 331.17], [440.91, 176.38, 51.43, 21.8], [395.0, 1, 55.39, 99.6], [1, 1, 154.67, 129.25], [424.34, 2.07, 81.37, 102.18], [324.54, 1, 52.38, 49.28], [599.07, 90.44, 40.77, 42.12]]"
3807,/home/pi/sambashare/BacArbeit/cocoval2017/000000408830.jpg,3.1826069519993325,"['3: motorcycle', '3: motorcycle', '3: motorcycle', '3: motorcycle', '3: motorcycle']","[3, 3, 3, 3, 3]","[0.88711303, 0.8100248, 0.7718551, 0.70506614, 0.4516465]","[[282.11, 1, 228.88, 105.33], [86.73, 13.03, 491.56, 407.93], [547.21, 1, 51.44, 34.74], [481.34, 1, 81.35, 62.32], [1, 317.59, 61.76, 107.77]]"
3808,/home/pi/sambashare/BacArbeit/cocoval2017/000000465836.jpg,3.1937990529986564,"['0: person', '0: person', '0: person', '30: skis', '30: skis']","[0, 0, 0, 30, 30]","[0.90647566, 0.90387, 0.87760985, 0.66545486, 0.6225462]","[[261.11, 124.65, 63.94, 186.54], [150.8, 124.66, 68.18, 190.46], [215.16, 125.77, 59.82, 184.79], [271.09, 268.92, 100.9, 83.38], [157.42, 309.48, 66.73, 42.86]]"
3809,/home/pi/sambashare/BacArbeit/cocoval2017/000000324715.jpg,3.1833005939988652,"['76: scissors', '63: laptop']","[76, 63]","[0.9546883, 0.71914124]","[[344.14, 187.99, 135.68, 114.8], [32.36, 76.8, 284.16, 253.26]]"
3810,/home/pi/sambashare/BacArbeit/cocoval2017/000000562818.jpg,3.1788011990011,"['0: person', '0: person', '0: person', '0: person', '0: person', '0: person', '0: person', '0: person', '0: person', '0: person', '31: snowboard', '0: person', '0: person']","[0, 0, 0, 0, 0, 0, 0, 0, 0, 0, 31, 0, 0]","[0.88505757, 0.82528645, 0.812895, 0.78784233, 0.6468104, 0.6449229, 0.63441604, 0.57169133, 0.5035845, 0.4853746, 0.43819314, 0.33628657, 0.25804213]","[[304.23, 282.81, 20.84, 34.77], [189.17, 253.83, 11.59, 26.3], [320.88, 233.67, 8.36, 18.77], [632.17, 282.85, 7.5, 20.43], [357.19, 232.52, 6.91, 14.24], [506.14, 238.94, 7.81, 14.75], [448.18, 231.07, 7.94, 10.97], [513.91, 240.96, 9.05, 22.05], [479.73, 243.26, 9.1, 20.83], [549.21, 218.99, 4.98, 9.3], [303.83, 314.59, 16.77, 4.42], [508.6, 239.49, 10.65, 19.93], [481.18, 236.97, 7.66, 15.18]]"
3811,/home/pi/sambashare/BacArbeit/cocoval2017/000000202339.jpg,3.1762109360006434,"['0: person', '5: bus', '5: bus', '28: suitcase', '26: handbag', '2: car', '24: backpack', '27: tie', '2: car', '27: tie']","[0, 5, 5, 28, 26, 2, 24, 27, 2, 27]","[0.94169235, 0.93009704, 0.85098076, 0.84720325, 0.79136765, 0.5812818, 0.5767656, 0.54350615, 0.48981336, 0.3449435]","[[100.61, 32.23, 169.8, 403.35], [1, 1, 80.74, 329.75], [205.68, 66.09, 255.84, 229.08], [406.79, 350.25, 72.82, 201.32], [74.92, 261.92, 57.66, 111.74], [472.14, 200.06, 7.81, 36.63], [398.99, 282.63, 80.75, 99.4], [148.63, 107.99, 13.76, 65.66], [72.17, 206.65, 43.12, 37.47], [136.58, 107.83, 26.25, 129.54]]"
3812,/home/pi/sambashare/BacArbeit/cocoval2017/000000565607.jpg,3.1779263360003824,['10: fire hydrant'],[10],[0.8500955],"[[440.08, 1.76, 188.63, 293.03]]"
3813,/home/pi/sambashare/BacArbeit/cocoval2017/000000385997.jpg,3.195613191999655,"['56: chair', '58: potted plant', '16: dog', '16: dog']","[56, 58, 16, 16]","[0.8794962, 0.59424746, 0.5358715, 0.4861576]","[[353.04, 141.87, 134.22, 148.12], [510.05, 131.08, 92.12, 127.53], [270.85, 279.66, 187.54, 165.38], [300.27, 300.93, 111.29, 85.74]]"
3814,/home/pi/sambashare/BacArbeit/cocoval2017/000000368684.jpg,3.1890707130005467,"['56: chair', '63: laptop', '62: tv', '73: book']","[56, 63, 62, 73]","[0.9305099, 0.9264711, 0.83662385, 0.39393625]","[[159.16, 137.2, 173.53, 197.16], [1.55, 285.15, 268.67, 193.08], [446.49, 21.89, 193.27, 163.15], [80.01, 220.42, 33.77, 65.14]]"
3815,/home/pi/sambashare/BacArbeit/cocoval2017/000000021465.jpg,3.177151486999719,"['56: chair', '75: vase', '74: clock', '41: cup', '56: chair', '0: person']","[56, 75, 74, 41, 56, 0]","[0.60847443, 0.54911923, 0.43168437, 0.41976908, 0.41782644, 0.3030339]","[[250.66, 1, 94.31, 78.26], [202.3, 1.62, 40.37, 120.44], [1, 114.37, 63.9, 72.27], [95.17, 87.64, 41.08, 43.51], [1, 61.6, 104.54, 213.13], [44.2, 1, 82.96, 63.13]]"
3816,/home/pi/sambashare/BacArbeit/cocoval2017/000000483531.jpg,3.1772592950001126,"['59: bed', '59: bed']","[59, 59]","[0.81351185, 0.2884881]","[[271.08, 264.68, 368.57, 214.55], [103.81, 292.61, 427.35, 186.66]]"
3817,/home/pi/sambashare/BacArbeit/cocoval2017/000000157213.jpg,3.186798048998753,['22: zebra'],[22],[0.9261685],"[[278.29, 75.77, 117.52, 147.2]]"
3818,/home/pi/sambashare/BacArbeit/cocoval2017/000000137576.jpg,3.1925926769999933,"['7: truck', '19: cow', '19: cow', '19: cow', '19: cow', '19: cow']","[7, 19, 19, 19, 19, 19]","[0.87759924, 0.828433, 0.8033248, 0.73040676, 0.68670315, 0.66550153]","[[489.74, 13.74, 149.11, 399.66], [1, 305.15, 119.54, 189.71], [306.29, 179.41, 50.99, 77.09], [255.14, 205.97, 69.37, 90.52], [2.27, 179.6, 233.84, 164.76], [116.46, 275.45, 109.14, 123.0]]"
3819,/home/pi/sambashare/BacArbeit/cocoval2017/000000581781.jpg,3.1815767780008173,"['46: banana', '46: banana', '46: banana', '46: banana', '46: banana', '46: banana', '46: banana', '46: banana', '46: banana']","[46, 46, 46, 46, 46, 46, 46, 46, 46]","[0.6723186, 0.56025624, 0.5370207, 0.50484306, 0.42586413, 0.37953076, 0.36796325, 0.29175958, 0.28310516]","[[467.56, 276.77, 172.44, 192.26], [200.79, 187.66, 228.26, 66.17], [1, 186.71, 131.45, 154.55], [441.35, 99.55, 197.75, 170.69], [201.0, 310.72, 241.96, 91.97], [1, 1, 53.88, 173.65], [132.27, 216.25, 297.29, 98.61], [209.6, 379.5, 235.53, 60.48], [465.39, 394.38, 139.31, 83.16]]"
3820,/home/pi/sambashare/BacArbeit/cocoval2017/000000201426.jpg,3.1781104570000025,"['41: cup', '0: person', '41: cup', '0: person', '56: chair', '54: donut', '60: dining table', '39: bottle', '58: potted plant']","[41, 0, 41, 0, 56, 54, 60, 39, 58]","[0.9131244, 0.9108595, 0.90390915, 0.8994075, 0.70303273, 0.45918307, 0.36981326, 0.32828915, 0.25209376]","[[491.96, 282.09, 93.14, 117.53], [385.86, 66.98, 253.05, 300.21], [46.5, 306.05, 124.86, 150.1], [2.48, 12.25, 296.25, 392.13], [379.7, 263.02, 54.99, 106.16], [225.2, 389.34, 179.66, 59.39], [1, 364.24, 629.39, 120.91], [217.9, 181.1, 25.13, 35.59], [1, 48.93, 43.6, 52.6]]"
3821,/home/pi/sambashare/BacArbeit/cocoval2017/000000338560.jpg,3.1846019250006066,"['10: fire hydrant', '2: car', '2: car', '2: car', '2: car', '2: car', '2: car']","[10, 2, 2, 2, 2, 2, 2]","[0.9423555, 0.93191737, 0.92216307, 0.90009844, 0.7839824, 0.6450513, 0.56047887]","[[130.84, 163.42, 188.27, 457.43], [1, 166.5, 58.15, 39.62], [406.58, 153.56, 59.74, 28.33], [56.74, 164.99, 80.41, 35.43], [92.16, 159.35, 85.4, 37.4], [35.87, 165.69, 42.35, 16.22], [464.53, 159.03, 15.37, 18.42]]"
3822,/home/pi/sambashare/BacArbeit/cocoval2017/000000150265.jpg,3.186777135999364,"['0: person', '0: person', '10: fire hydrant', '0: person', '0: person', '0: person', '0: person', '24: backpack', '13: bench']","[0, 0, 10, 0, 0, 0, 0, 24, 13]","[0.9457775, 0.9302347, 0.9193034, 0.85667443, 0.6686749, 0.6362085, 0.57701313, 0.48578563, 0.47783563]","[[18.4, 79.35, 136.45, 313.4], [125.02, 366.18, 190.9, 272.9], [306.39, 163.86, 39.27, 103.77], [161.27, 1, 28.16, 77.11], [86.71, 1, 43.41, 69.55], [65.91, 28.06, 53.43, 101.81], [17.72, 1, 57.45, 100.1], [249.61, 422.79, 36.55, 118.14], [1, 254.8, 150.35, 384.42]]"
3823,/home/pi/sambashare/BacArbeit/cocoval2017/000000128112.jpg,3.181590091000544,"['0: person', '30: skis']","[0, 30]","[0.9270118, 0.34525627]","[[128.17, 182.79, 48.82, 99.91], [139.92, 269.47, 31.11, 17.85]]"
3824,/home/pi/sambashare/BacArbeit/cocoval2017/000000018193.jpg,3.1870731710005202,"['0: person', '52: hot dog', '56: chair']","[0, 52, 56]","[0.84208745, 0.35596666, 0.2768223]","[[86.9, 43.18, 304.47, 434.07], [250.22, 161.81, 40.38, 35.7], [10.65, 130.8, 200.54, 349.2]]"
3825,/home/pi/sambashare/BacArbeit/cocoval2017/000000089670.jpg,3.1924682700009726,"['55: cake', '41: cup', '44: spoon', '41: cup']","[55, 41, 44, 41]","[0.813894, 0.55184305, 0.33551845, 0.33000946]","[[119.33, 117.58, 402.22, 240.45], [1, 246.37, 191.32, 180.63], [1, 199.13, 75.5, 56.12], [431.58, 292.92, 145.92, 133.9]]"
3826,/home/pi/sambashare/BacArbeit/cocoval2017/000000155571.jpg,3.1733533360002184,['20: elephant'],[20],[0.91237134],"[[9.7, 2.99, 411.12, 423.58]]"
3827,/home/pi/sambashare/BacArbeit/cocoval2017/000000245576.jpg,3.1821438540009694,"['15: cat', '62: tv', '76: scissors', '66: keyboard', '67: cell phone']","[15, 62, 76, 66, 67]","[0.7940599, 0.6490144, 0.6482598, 0.5529972, 0.43200022]","[[210.3, 3.64, 370.66, 390.38], [321.69, 1.26, 286.13, 135.57], [77.09, 10.16, 52.72, 63.91], [118.48, 295.3, 521.52, 176.62], [198.32, 69.24, 79.28, 125.6]]"
3828,/home/pi/sambashare/BacArbeit/cocoval2017/000000489611.jpg,3.1884161360012513,"['0: person', '65: remote', '65: remote', '58: potted plant', '0: person', '73: book']","[0, 65, 65, 58, 0, 73]","[0.81216747, 0.56197983, 0.5574344, 0.47887462, 0.4360048, 0.3841592]","[[47.42, 4.34, 500.19, 617.21], [386.24, 348.92, 73.16, 146.2], [446.46, 342.99, 94.73, 147.35], [509.46, 85.09, 129.67, 129.4], [1, 532.98, 47.69, 88.29], [574.72, 330.83, 26.1, 72.67]]"
3829,/home/pi/sambashare/BacArbeit/cocoval2017/000000142620.jpg,3.1875075699990703,"['39: bottle', '41: cup', '41: cup', '0: person', '41: cup', '41: cup', '41: cup', '44: spoon', '13: bench', '39: bottle', '41: cup', '44: spoon', '0: person', '60: dining table', '37: surfboard', '45: bowl', '41: cup']","[39, 41, 41, 0, 41, 41, 41, 44, 13, 39, 41, 44, 0, 60, 37, 45, 41]","[0.8951228, 0.8800305, 0.87695104, 0.8288217, 0.79992574, 0.7540489, 0.7316987, 0.7312431, 0.6913713, 0.576911, 0.5344633, 0.4195794, 0.3747756, 0.3516674, 0.32035878, 0.3075738, 0.30523595]","[[109.2, 204.75, 39.15, 110.36], [234.84, 292.75, 44.96, 39.56], [229.82, 379.55, 46.88, 46.45], [280.06, 7.99, 351.5, 415.0], [98.51, 350.84, 62.75, 49.35], [210.61, 325.46, 36.7, 32.57], [164.91, 378.35, 50.13, 47.65], [141.93, 331.6, 38.82, 36.02], [159.9, 105.51, 189.98, 163.95], [73.16, 288.61, 50.23, 71.32], [231.21, 271.21, 30.98, 25.3], [190.64, 297.35, 25.58, 28.96], [550.96, 380.88, 88.25, 44.79], [9.4, 279.0, 347.65, 147.0], [596.27, 120.95, 43.34, 189.61], [251.53, 321.15, 102.56, 53.78], [171.3, 359.12, 39.51, 21.12]]"
3830,/home/pi/sambashare/BacArbeit/cocoval2017/000000292908.jpg,3.1739023580012145,"['0: person', '37: surfboard']","[0, 37]","[0.6927704, 0.61729854]","[[179.58, 134.4, 44.42, 54.96], [197.27, 165.52, 72.41, 24.66]]"
3831,/home/pi/sambashare/BacArbeit/cocoval2017/000000438955.jpg,3.1749530819997744,"['0: person', '0: person', '0: person', '0: person', '0: person', '0: person', '30: skis']","[0, 0, 0, 0, 0, 0, 30]","[0.8571597, 0.7639071, 0.5064487, 0.49153325, 0.4606898, 0.38638452, 0.30892634]","[[61.43, 129.87, 72.89, 102.05], [488.42, 89.06, 113.4, 130.2], [336.32, 108.44, 101.15, 109.09], [184.34, 118.24, 64.72, 105.14], [204.44, 115.68, 20.12, 18.75], [203.96, 147.63, 30.79, 61.15], [28.38, 229.05, 118.62, 8.43]]"
3832,/home/pi/sambashare/BacArbeit/cocoval2017/000000565391.jpg,3.176947800000562,"['15: cat', '2: car', '2: car']","[15, 2, 2]","[0.74058884, 0.7159579, 0.4662104]","[[189.05, 277.94, 156.08, 43.47], [1, 115.26, 479, 520.78], [1, 506.48, 106.44, 132.33]]"
3833,/home/pi/sambashare/BacArbeit/cocoval2017/000000289415.jpg,3.185774190000302,"['0: person', '43: knife', '55: cake', '43: knife', '60: dining table', '45: bowl', '45: bowl', '55: cake', '55: cake', '55: cake']","[0, 43, 55, 43, 60, 45, 45, 55, 55, 55]","[0.74365693, 0.71546626, 0.5627131, 0.536931, 0.48813784, 0.46835446, 0.4682415, 0.45352322, 0.30192927, 0.2697399]","[[207.5, 26.13, 246.94, 142.32], [1, 213.79, 74.1, 178.36], [298.16, 253.81, 137.18, 69.76], [539.46, 225.67, 100.5, 86.9], [4.36, 113.61, 632.04, 311.05], [115.84, 105.45, 56.21, 21.84], [1, 203.23, 37.67, 33.43], [49.39, 150.02, 81.78, 33.05], [137.97, 163.45, 56.57, 23.21], [398.28, 254.83, 226.0, 151.83]]"
3834,/home/pi/sambashare/BacArbeit/cocoval2017/000000141328.jpg,3.190991061999739,"['44: spoon', '50: broccoli', '50: broccoli', '50: broccoli', '50: broccoli', '50: broccoli', '50: broccoli']","[44, 50, 50, 50, 50, 50, 50]","[0.72063345, 0.7102598, 0.58562696, 0.50328976, 0.38005936, 0.37338573, 0.26815933]","[[475.62, 1, 98.63, 134.59], [447.85, 172.28, 108.54, 114.74], [448.11, 293.0, 80.69, 85.69], [76.04, 1, 134.97, 68.96], [371.1, 1.46, 70.61, 64.23], [212.29, 2.94, 38.17, 51.77], [1, 418.53, 112.65, 61.17]]"
3835,/home/pi/sambashare/BacArbeit/cocoval2017/000000284106.jpg,3.1823953410003014,"['45: bowl', '41: cup', '45: bowl', '76: scissors', '43: knife', '65: remote', '0: person']","[45, 41, 45, 76, 43, 65, 0]","[0.9372608, 0.91816705, 0.82028395, 0.48340547, 0.3781497, 0.3765408, 0.37055779]","[[221.33, 80.99, 189.24, 103.97], [96.61, 56.74, 119.66, 85.2], [19.99, 134.97, 424.34, 253.37], [507.23, 237.3, 132.32, 182.76], [426.72, 153.74, 31.61, 73.8], [1, 254.88, 218.25, 165.1], [398.13, 61.54, 216.34, 142.61]]"
3836,/home/pi/sambashare/BacArbeit/cocoval2017/000000570456.jpg,3.1854753739989974,"['56: chair', '56: chair', '62: tv', '45: bowl', '71: sink', '57: couch', '45: bowl', '41: cup', '45: bowl']","[56, 56, 62, 45, 71, 57, 45, 41, 45]","[0.92547524, 0.7903828, 0.5833899, 0.4330655, 0.39514503, 0.3588248, 0.29887342, 0.29873973, 0.29533988]","[[349.56, 257.36, 88.57, 84.14], [449.24, 224.81, 62.96, 77.23], [345.42, 180.03, 22.24, 30.88], [120.03, 269.02, 31.26, 20.93], [45.22, 251.46, 49.22, 26.61], [292.67, 287.7, 236.79, 181.85], [1, 255.59, 14.14, 25.2], [1, 243.54, 33.96, 35.28], [316.07, 211.19, 42.27, 18.3]]"
3837,/home/pi/sambashare/BacArbeit/cocoval2017/000000460967.jpg,3.1921474609989673,['5: bus'],[5],[0.940539],"[[58.07, 356.52, 512.73, 196.43]]"
3838,/home/pi/sambashare/BacArbeit/cocoval2017/000000020247.jpg,3.1797284849999414,"['21: bear', '21: bear']","[21, 21]","[0.94555235, 0.92579067]","[[327.9, 177.72, 179.24, 261.39], [1, 15.24, 86.69, 244.85]]"
3839,/home/pi/sambashare/BacArbeit/cocoval2017/000000192964.jpg,3.1830661870008043,"['0: person', '36: skateboard']","[0, 36]","[0.93466973, 0.91626054]","[[91.35, 61.19, 192.71, 294.15], [80.46, 333.69, 104.51, 53.66]]"
3840,/home/pi/sambashare/BacArbeit/cocoval2017/000000272566.jpg,3.1738964119995217,"['0: person', '0: person', '46: banana', '46: banana']","[0, 0, 46, 46]","[0.9229286, 0.7867345, 0.76194596, 0.35490194]","[[206.51, 89.6, 186.57, 215.83], [337.21, 124.63, 72.11, 140.28], [394.88, 267.96, 71.15, 41.91], [297.18, 269.98, 217.92, 128.85]]"
3841,/home/pi/sambashare/BacArbeit/cocoval2017/000000299355.jpg,3.190351824001482,"['50: broccoli', '50: broccoli']","[50, 50]","[0.62962365, 0.37243718]","[[43.92, 168.87, 255.89, 190.74], [140.96, 271.38, 124.06, 92.9]]"
3842,/home/pi/sambashare/BacArbeit/cocoval2017/000000491470.jpg,3.1950829369998246,"['9: traffic light', '13: bench', '9: traffic light', '9: traffic light']","[9, 13, 9, 9]","[0.45850673, 0.449936, 0.402675, 0.34317875]","[[301.85, 127.98, 12.72, 23.84], [144.06, 244.28, 230.69, 241.64], [295.35, 48.72, 6.72, 34.95], [292.08, 118.88, 8.2, 33.92]]"
3843,/home/pi/sambashare/BacArbeit/cocoval2017/000000407943.jpg,3.17777196499992,"['25: umbrella', '27: tie']","[25, 27]","[0.607051, 0.35416332]","[[88.96, 1, 499.35, 424.81], [342.68, 219.52, 157.62, 206.12]]"
3844,/home/pi/sambashare/BacArbeit/cocoval2017/000000431848.jpg,3.171165886000381,"['36: skateboard', '0: person', '0: person']","[36, 0, 0]","[0.92720467, 0.90057075, 0.31015185]","[[186.53, 381.81, 144.01, 141.49], [59.2, 101.98, 313.77, 403.3], [87.31, 299.93, 58.45, 97.17]]"
3845,/home/pi/sambashare/BacArbeit/cocoval2017/000000407825.jpg,3.1802666499988845,"['45: bowl', '74: clock', '58: potted plant', '14: bird']","[45, 74, 58, 14]","[0.8545161, 0.8315603, 0.70226914, 0.43487218]","[[410.37, 108.01, 88.09, 80.16], [109.29, 110.82, 293.42, 313.05], [286.86, 1, 211.7, 154.97], [90.85, 18.22, 109.74, 154.78]]"
3846,/home/pi/sambashare/BacArbeit/cocoval2017/000000065074.jpg,3.1946471900009783,['59: bed'],[59],[0.5282424],"[[1.68, 303.66, 419.78, 263.58]]"
3847,/home/pi/sambashare/BacArbeit/cocoval2017/000000252294.jpg,3.1797816759990383,"['0: person', '0: person', '41: cup']","[0, 0, 41]","[0.5324435, 0.46932298, 0.2730442]","[[229.05, 79.09, 58.42, 119.92], [66.7, 11.41, 227.97, 481.07], [337.99, 122.98, 24.49, 44.4]]"
3848,/home/pi/sambashare/BacArbeit/cocoval2017/000000052462.jpg,3.1860647249995964,"['22: zebra', '22: zebra']","[22, 22]","[0.89730567, 0.8956197]","[[401.13, 97.28, 128.65, 209.12], [143.09, 122.91, 146.05, 192.34]]"
3849,/home/pi/sambashare/BacArbeit/cocoval2017/000000485071.jpg,3.181045723000352,"['0: person', '37: surfboard', '37: surfboard', '0: person']","[0, 37, 37, 0]","[0.7471274, 0.6452414, 0.6441953, 0.3757582]","[[250.74, 176.92, 133.73, 97.43], [172.62, 211.96, 75.31, 49.15], [291.59, 212.77, 62.95, 64.41], [324.84, 177.43, 59.01, 96.3]]"
3850,/home/pi/sambashare/BacArbeit/cocoval2017/000000377368.jpg,3.1890932109999994,"['77: teddy bear', '41: cup', '41: cup', '55: cake', '0: person', '41: cup', '60: dining table']","[77, 41, 41, 55, 0, 41, 60]","[0.89173967, 0.8741145, 0.79211116, 0.6830652, 0.5833977, 0.44444206, 0.29015294]","[[166.63, 156.71, 268.04, 277.45], [577.11, 32.49, 62.35, 77.89], [600.54, 302.63, 39.3, 102.07], [374.57, 143.81, 96.41, 103.18], [469.46, 1, 169.81, 80.82], [620.08, 89.8, 19.66, 25.8], [12.62, 79.05, 627.38, 396.22]]"
3851,/home/pi/sambashare/BacArbeit/cocoval2017/000000365655.jpg,3.192483591999917,"['5: bus', '0: person', '0: person']","[5, 0, 0]","[0.9189517, 0.7032008, 0.3308253]","[[53.29, 157.48, 399.91, 158.1], [542.93, 253.43, 10.73, 33.49], [594.42, 256.69, 10.06, 6.92]]"
3852,/home/pi/sambashare/BacArbeit/cocoval2017/000000099024.jpg,3.187731691999943,"['0: person', '76: scissors', '33: kite']","[0, 76, 33]","[0.9085839, 0.8909711, 0.57043517]","[[1.42, 1.08, 330.55, 199.48], [602.06, 359.28, 37.68, 101.56], [43.59, 111.53, 471.36, 299.15]]"
3853,/home/pi/sambashare/BacArbeit/cocoval2017/000000085157.jpg,3.188950792999094,"['0: person', '0: person', '56: chair', '0: person', '0: person', '41: cup', '0: person', '0: person', '56: chair', '41: cup', '41: cup', '45: bowl', '41: cup', '56: chair', '60: dining table', '41: cup', '56: chair', '41: cup']","[0, 0, 56, 0, 0, 41, 0, 0, 56, 41, 41, 45, 41, 56, 60, 41, 56, 41]","[0.91780066, 0.9106417, 0.9040726, 0.8957741, 0.8920648, 0.8440951, 0.8284039, 0.79522955, 0.75112504, 0.62063324, 0.59623945, 0.58730143, 0.53940064, 0.5038092, 0.39548993, 0.3224785, 0.2830352, 0.2575868]","[[322.53, 119.02, 223.12, 359.76], [1, 101.16, 239.23, 378.84], [496.11, 311.96, 107.13, 167.26], [229.25, 113.14, 111.74, 149.7], [485.25, 92.53, 127.11, 157.0], [268.16, 248.48, 38.93, 65.95], [134.12, 122.7, 76.26, 157.0], [411.56, 95.06, 224.8, 354.08], [1, 378.56, 107.08, 100.98], [293.88, 218.15, 29.81, 29.38], [322.61, 216.08, 26.91, 26.79], [300.62, 242.59, 52.43, 34.7], [210.67, 244.83, 37.47, 43.79], [597.51, 246.69, 42.21, 62.08], [189.84, 243.02, 166.98, 234.75], [208.41, 268.78, 24.1, 25.11], [564.94, 322.27, 74.83, 157.21], [246.15, 258.43, 28.91, 56.59]]"
3854,/home/pi/sambashare/BacArbeit/cocoval2017/000000082765.jpg,3.17706329900102,"['63: laptop', '59: bed']","[63, 59]","[0.7695893, 0.44129014]","[[56.36, 432.25, 271.64, 92.25], [9.2, 262.51, 412.88, 377.49]]"
3855,/home/pi/sambashare/BacArbeit/cocoval2017/000000206271.jpg,3.1858923609997873,"['71: sink', '71: sink']","[71, 71]","[0.6934126, 0.6097955]","[[22.87, 299.48, 95.87, 136.13], [214.77, 298.27, 94.41, 136.07]]"
3856,/home/pi/sambashare/BacArbeit/cocoval2017/000000520009.jpg,3.1944055240001035,"['2: car', '5: bus', '74: clock', '9: traffic light', '0: person', '74: clock', '0: person']","[2, 5, 74, 9, 0, 74, 0]","[0.9320294, 0.9201593, 0.7515002, 0.73692834, 0.7163595, 0.6985563, 0.6536842]","[[1, 334.09, 213.85, 77.63], [217.54, 288.69, 186.53, 101.42], [319.2, 136.63, 13.57, 15.8], [266.91, 175.56, 44.92, 79.54], [455.18, 321.11, 30.14, 45.49], [365.29, 138.45, 8.94, 16.16], [448.26, 332.91, 32.85, 78.95]]"
3857,/home/pi/sambashare/BacArbeit/cocoval2017/000000429690.jpg,3.1800362120011414,"['0: person', '0: person', '0: person', '0: person', '0: person', '0: person', '0: person', '34: baseball bat', '0: person', '0: person']","[0, 0, 0, 0, 0, 0, 0, 34, 0, 0]","[0.91615814, 0.7964833, 0.7906282, 0.73131716, 0.68800765, 0.67876095, 0.60513693, 0.5975807, 0.51206017, 0.32890812]","[[256.87, 104.83, 147.49, 258.03], [3.34, 1, 224.75, 423.36], [549.2, 134.43, 55.24, 97.92], [495.11, 131.4, 85.85, 105.99], [437.07, 126.04, 78.77, 125.9], [340.52, 123.13, 49.45, 110.02], [380.1, 124.8, 62.44, 125.12], [213.39, 163.66, 87.5, 30.44], [587.75, 116.97, 36.97, 59.34], [458.74, 106.67, 34.45, 53.09]]"
3858,/home/pi/sambashare/BacArbeit/cocoval2017/000000352618.jpg,3.1859950899997784,"['47: apple', '49: orange', '54: donut', '45: bowl']","[47, 49, 54, 45]","[0.64048916, 0.35925764, 0.2969567, 0.2634294]","[[3.37, 140.95, 375.38, 209.47], [333.83, 190.91, 227.52, 156.75], [487.6, 227.89, 152.4, 113.56], [1, 149.99, 639, 274.76]]"
3859,/home/pi/sambashare/BacArbeit/cocoval2017/000000123585.jpg,3.1866378899994743,"['14: bird', '14: bird', '14: bird', '14: bird', '14: bird']","[14, 14, 14, 14, 14]","[0.9159254, 0.90359133, 0.7952368, 0.57942504, 0.47250924]","[[207.6, 203.82, 98.61, 184.95], [340.23, 430.56, 139.53, 157.58], [1, 45.22, 166.3, 107.67], [142.04, 1, 175.84, 56.61], [376.85, 1, 102.71, 58.8]]"
3860,/home/pi/sambashare/BacArbeit/cocoval2017/000000049810.jpg,3.184317370998542,"['16: dog', '15: cat']","[16, 15]","[0.8868636, 0.87026685]","[[1, 184.45, 171.18, 239.18], [125.47, 149.07, 508.2, 273.82]]"
3861,/home/pi/sambashare/BacArbeit/cocoval2017/000000183965.jpg,3.196374323000782,"['45: bowl', '55: cake']","[45, 55]","[0.7649881, 0.3150539]","[[159.15, 254.74, 133.05, 143.53], [380.89, 211.35, 123.29, 143.93]]"
3862,/home/pi/sambashare/BacArbeit/cocoval2017/000000561223.jpg,3.192888237999796,"['0: person', '37: surfboard']","[0, 37]","[0.941922, 0.7712527]","[[285.73, 171.87, 120.59, 156.6], [283.42, 317.59, 134.52, 33.84]]"
3863,/home/pi/sambashare/BacArbeit/cocoval2017/000000059044.jpg,3.1779788339990773,"['65: remote', '0: person', '65: remote', '0: person', '0: person', '62: tv', '0: person', '26: handbag', '24: backpack', '0: person', '0: person', '0: person']","[65, 0, 65, 0, 0, 62, 0, 26, 24, 0, 0, 0]","[0.8776945, 0.79685026, 0.79510117, 0.7087593, 0.6781474, 0.59353894, 0.5317941, 0.4981115, 0.45475784, 0.43415308, 0.39762604, 0.30911532]","[[119.31, 356.42, 109.09, 45.33], [322.3, 84.92, 111.08, 331.58], [21.56, 308.01, 77.67, 49.85], [129.37, 2.71, 207.39, 421.78], [79.54, 60.84, 107.12, 150.45], [609.99, 1, 29.46, 122.49], [421.74, 68.94, 96.75, 233.79], [468.66, 200.0, 40.94, 46.7], [491.24, 124.67, 45.83, 68.45], [1, 50.47, 153.72, 265.85], [278.1, 98.28, 56.08, 90.43], [1, 298.22, 207.77, 128.14]]"
3864,/home/pi/sambashare/BacArbeit/cocoval2017/000000528524.jpg,3.1771747499988123,"['18: sheep', '18: sheep']","[18, 18]","[0.9032493, 0.84589165]","[[122.0, 268.01, 142.78, 249.57], [270.75, 216.55, 64.95, 144.04]]"
3865,/home/pi/sambashare/BacArbeit/cocoval2017/000000172547.jpg,3.1828808869995555,"['17: horse', '17: horse', '17: horse', '17: horse', '17: horse', '19: cow', '17: horse']","[17, 17, 17, 17, 17, 19, 17]","[0.83811796, 0.82897806, 0.79801744, 0.5998424, 0.43410987, 0.43122724, 0.36073747]","[[446.03, 322.3, 15.58, 11.2], [421.36, 323.25, 19.86, 9.97], [397.86, 322.29, 19.5, 10.45], [325.94, 319.8, 16.88, 7.91], [255.93, 307.57, 9.0, 5.49], [218.66, 313.89, 5.78, 5.38], [229.28, 310.79, 10.72, 6.43]]"
3866,/home/pi/sambashare/BacArbeit/cocoval2017/000000222863.jpg,3.1838692810015345,['17: horse'],[17],[0.86337376],"[[144.36, 1, 245.81, 426]]"
3867,/home/pi/sambashare/BacArbeit/cocoval2017/000000336628.jpg,3.1855552590004663,"['0: person', '0: person', '0: person', '24: backpack', '0: person', '7: truck']","[0, 0, 0, 24, 0, 7]","[0.7463937, 0.6606501, 0.6142571, 0.5167689, 0.48987657, 0.30488548]","[[121.64, 47.03, 156.43, 530.82], [236.46, 48.85, 72.61, 108.01], [260.9, 96.54, 166.1, 362.28], [178.57, 124.43, 98.81, 116.02], [341.49, 3.38, 86.15, 323.09], [1, 237.77, 427, 401.86]]"
3868,/home/pi/sambashare/BacArbeit/cocoval2017/000000475678.jpg,3.1911704069989355,"['28: suitcase', '28: suitcase', '28: suitcase', '28: suitcase', '28: suitcase', '28: suitcase', '28: suitcase', '28: suitcase', '28: suitcase', '28: suitcase', '28: suitcase', '28: suitcase', '28: suitcase', '28: suitcase', '28: suitcase', '28: suitcase', '28: suitcase', '28: suitcase']","[28, 28, 28, 28, 28, 28, 28, 28, 28, 28, 28, 28, 28, 28, 28, 28, 28, 28]","[0.91118044, 0.900754, 0.89342314, 0.88271254, 0.87562346, 0.82213175, 0.7742141, 0.7540917, 0.6703335, 0.608865, 0.60374516, 0.5758499, 0.57224166, 0.4777411, 0.47046158, 0.4454511, 0.33223075, 0.3275663]","[[32.53, 157.56, 158.9, 276.72], [302.91, 132.91, 145.12, 280.9], [160.88, 159.55, 149.62, 312.85], [1, 134.76, 79.84, 326.6], [428.01, 106.84, 188.9, 356.35], [99.64, 68.06, 101.16, 112.22], [547.06, 104.67, 92.14, 330.31], [189.8, 64.22, 111.46, 116.85], [292.87, 17.17, 113.46, 137.74], [399.97, 70.16, 73.4, 105.97], [388.94, 1, 90.81, 75.19], [63.84, 25.35, 95.78, 69.42], [562.41, 43.84, 77.19, 65.53], [155.16, 26.61, 93.41, 69.97], [29.28, 91.42, 83.25, 85.16], [466.14, 26.74, 123.61, 99.46], [143.93, 1, 108.26, 32.04], [597.52, 11.41, 42.3, 53.67]]"
3869,/home/pi/sambashare/BacArbeit/cocoval2017/000000414170.jpg,3.1863037389994133,"['0: person', '0: person', '0: person', '30: skis', '24: backpack', '30: skis', '30: skis', '24: backpack']","[0, 0, 0, 30, 24, 30, 30, 24]","[0.9348352, 0.90905666, 0.9068557, 0.7531624, 0.6400137, 0.59926146, 0.41089496, 0.31481856]","[[221.53, 276.4, 85.0, 197.67], [210.0, 166.19, 18.25, 53.72], [129.68, 273.5, 63.23, 127.5], [250.25, 455.47, 55.56, 37.69], [142.93, 280.76, 28.23, 35.75], [140.57, 392.64, 48.9, 16.97], [213.49, 214.89, 10.59, 6.5], [220.14, 174.06, 8.2, 17.64]]"
3870,/home/pi/sambashare/BacArbeit/cocoval2017/000000197870.jpg,3.18303892899894,"['14: bird', '13: bench', '0: person']","[14, 13, 0]","[0.9210024, 0.5219005, 0.34084752]","[[48.58, 191.06, 160.07, 191.35], [2.12, 3.21, 509.24, 353.21], [510.71, 73.32, 69.75, 186.18]]"
3871,/home/pi/sambashare/BacArbeit/cocoval2017/000000008690.jpg,3.1876815910000005,"['16: dog', '17: horse', '0: person', '0: person', '0: person', '0: person', '0: person']","[16, 17, 0, 0, 0, 0, 0]","[0.8988692, 0.7428685, 0.6690681, 0.656819, 0.5014539, 0.4900768, 0.44515157]","[[41.48, 257.18, 468.75, 220.55], [390.37, 302.7, 249.26, 177.09], [128.3, 24.18, 223.04, 374.72], [71.95, 5.91, 103.23, 296.5], [555.32, 419.96, 84.3, 59.79], [313.48, 78.17, 196.1, 395.76], [371.87, 389.53, 76.86, 90.47]]"
3872,/home/pi/sambashare/BacArbeit/cocoval2017/000000122745.jpg,3.1884002770002553,['11: stop sign'],[11],[0.9512723],"[[214.15, 112.83, 141.24, 136.91]]"
3873,/home/pi/sambashare/BacArbeit/cocoval2017/000000025096.jpg,3.1731856820006215,"['0: person', '0: person', '43: knife', '43: knife', '55: cake']","[0, 0, 43, 43, 55]","[0.7764816, 0.6490545, 0.58144104, 0.4521436, 0.25811028]","[[1, 39.76, 208.05, 289.51], [313.66, 389.44, 60.97, 109.5], [38.41, 310.58, 106.98, 71.54], [1, 234.76, 66.51, 91.64], [2.13, 240.74, 363.62, 258.07]]"
3874,/home/pi/sambashare/BacArbeit/cocoval2017/000000127270.jpg,3.1883045440008573,"['0: person', '0: person', '0: person', '0: person', '0: person', '56: chair', '38: tennis racket', '38: tennis racket']","[0, 0, 0, 0, 0, 56, 38, 38]","[0.8739876, 0.8602061, 0.8362367, 0.83292454, 0.7650864, 0.4004469, 0.3213236, 0.27658606]","[[195.62, 1, 73.27, 87.97], [1, 1.04, 66.9, 87.24], [259.84, 1, 66.59, 87.35], [40.84, 49.11, 243.88, 432.53], [45.75, 1, 72.23, 71.97], [55.13, 25.97, 24.6, 58.24], [68.58, 75.65, 53.96, 32.41], [114.97, 14.58, 90.36, 73.27]]"
3875,/home/pi/sambashare/BacArbeit/cocoval2017/000000438304.jpg,3.2016078920005384,"['0: person', '0: person', '38: tennis racket', '38: tennis racket']","[0, 0, 38, 38]","[0.89803386, 0.89707065, 0.8901023, 0.86271155]","[[41.38, 119.63, 111.56, 250.48], [104.59, 55.22, 202.81, 399.71], [297.22, 145.61, 140.9, 75.83], [58.4, 178.53, 61.34, 44.23]]"
3876,/home/pi/sambashare/BacArbeit/cocoval2017/000000473869.jpg,3.1807191019997845,"['0: person', '40: wine glass', '75: vase', '45: bowl', '39: bottle', '40: wine glass', '41: cup', '75: vase', '58: potted plant']","[0, 40, 75, 45, 39, 40, 41, 75, 58]","[0.93421507, 0.8485058, 0.75721365, 0.6184634, 0.569146, 0.48602724, 0.46829417, 0.30527028, 0.28698727]","[[63.83, 24.96, 266.42, 400.76], [360.11, 307.17, 83.77, 119.33], [545.47, 214.97, 49.29, 68.49], [286.72, 296.03, 75.41, 52.04], [56.21, 290.64, 18.9, 45.22], [1, 311.24, 30.81, 33.27], [469.36, 332.35, 130.74, 94.65], [580.06, 158.34, 37.63, 120.12], [318.75, 230.46, 110.08, 146.23]]"
3877,/home/pi/sambashare/BacArbeit/cocoval2017/000000300233.jpg,3.177856039999824,"['45: bowl', '39: bottle', '45: bowl']","[45, 39, 45]","[0.68634033, 0.41422632, 0.3894039]","[[130.6, 246.22, 224.34, 223.08], [465.5, 107.33, 154.52, 131.74], [1, 64.9, 22.49, 124.56]]"
3878,/home/pi/sambashare/BacArbeit/cocoval2017/000000110282.jpg,3.1865512579988717,['9: traffic light'],[9],[0.8602725],"[[425.43, 84.43, 71.02, 148.41]]"
3879,/home/pi/sambashare/BacArbeit/cocoval2017/000000579893.jpg,3.17302657899927,['11: stop sign'],[11],[0.29230303],"[[351.99, 126.19, 142.77, 205.76]]"
3880,/home/pi/sambashare/BacArbeit/cocoval2017/000000474039.jpg,3.1898029879994283,"['77: teddy bear', '0: person']","[77, 0]","[0.832983, 0.8040848]","[[308.14, 20.25, 330.83, 377.56], [173.92, 63.99, 218.2, 334.58]]"
3881,/home/pi/sambashare/BacArbeit/cocoval2017/000000497599.jpg,3.1917219950009894,"['0: person', '63: laptop', '56: chair', '56: chair', '0: person', '0: person', '0: person', '56: chair', '56: chair']","[0, 63, 56, 56, 0, 0, 0, 56, 56]","[0.8229097, 0.7870457, 0.7630817, 0.7486521, 0.69137406, 0.60816336, 0.51049745, 0.32684654, 0.27810138]","[[335.99, 177.64, 89.85, 152.42], [110.51, 508.58, 316.19, 130.85], [380.18, 392.07, 46.55, 119.51], [306.79, 378.5, 77.39, 149.93], [1.78, 2.18, 336.2, 624.56], [361.72, 228.26, 65.05, 182.46], [137.92, 319.74, 135.01, 270.6], [301.37, 319.52, 74.12, 61.12], [339.56, 492.02, 87.06, 41.83]]"
3882,/home/pi/sambashare/BacArbeit/cocoval2017/000000579902.jpg,3.1899878900003387,"['2: car', '0: person', '2: car', '3: motorcycle', '2: car', '2: car']","[2, 0, 2, 3, 2, 2]","[0.8584473, 0.830587, 0.7541775, 0.6835267, 0.6834337, 0.48198822]","[[389.34, 202.69, 165.37, 436.43], [204.72, 165.61, 176.68, 323.16], [1, 240.22, 186.1, 84.71], [200.85, 292.99, 165.51, 286.16], [343.25, 239.18, 138.0, 276.22], [1.95, 215.18, 180.88, 73.17]]"
3883,/home/pi/sambashare/BacArbeit/cocoval2017/000000075456.jpg,3.168410833000962,['45: bowl'],[45],[0.61296785],"[[64.43, 48.6, 492.89, 315.92]]"
3884,/home/pi/sambashare/BacArbeit/cocoval2017/000000357060.jpg,3.179201055001613,"['14: bird', '16: dog']","[14, 16]","[0.87199533, 0.5433057]","[[230.75, 164.74, 117.48, 86.69], [536.8, 1, 102.56, 101.3]]"
3885,/home/pi/sambashare/BacArbeit/cocoval2017/000000297698.jpg,3.1896648880010616,"['0: person', '30: skis', '0: person']","[0, 30, 0]","[0.86278176, 0.84590226, 0.34281152]","[[301.78, 184.52, 209.66, 87.88], [298.41, 215.02, 304.74, 87.91], [420.92, 376.91, 19.09, 21.89]]"
3886,/home/pi/sambashare/BacArbeit/cocoval2017/000000152870.jpg,3.1849391989999276,"['23: giraffe', '23: giraffe']","[23, 23]","[0.9323953, 0.8140976]","[[210.86, 20.0, 215.76, 469.82], [141.35, 266.61, 50.34, 72.3]]"
3887,/home/pi/sambashare/BacArbeit/cocoval2017/000000578545.jpg,3.1755042419990787,"['73: book', '59: bed', '0: person']","[73, 59, 0]","[0.8440149, 0.6498486, 0.5789452]","[[358.05, 238.9, 160.46, 121.97], [1, 110.1, 639, 362.42], [183.5, 83.64, 216.64, 287.96]]"
3888,/home/pi/sambashare/BacArbeit/cocoval2017/000000376442.jpg,3.1813787199989747,"['15: cat', '61: toilet', '41: cup']","[15, 61, 41]","[0.9167219, 0.8554437, 0.3400208]","[[166.59, 373.73, 101.04, 139.76], [89.07, 114.87, 376.18, 507.66], [20.82, 84.15, 32.77, 65.8]]"
3889,/home/pi/sambashare/BacArbeit/cocoval2017/000000316404.jpg,3.178926386000967,"['0: person', '38: tennis racket', '0: person', '38: tennis racket', '32: sports ball', '32: sports ball']","[0, 38, 0, 38, 32, 32]","[0.9240747, 0.8690869, 0.83351564, 0.74994904, 0.47081485, 0.28670865]","[[58.68, 32.02, 164.45, 411.86], [363.28, 187.28, 227.98, 176.18], [335.85, 7.3, 248.71, 436.5], [76.51, 361.91, 21.53, 82.4], [131.86, 379.83, 19.84, 23.7], [527.44, 348.65, 13.74, 16.74]]"
3890,/home/pi/sambashare/BacArbeit/cocoval2017/000000207844.jpg,3.187699097001314,"['56: chair', '56: chair', '0: person', '0: person', '56: chair', '56: chair', '56: chair', '0: person', '25: umbrella', '25: umbrella', '25: umbrella', '25: umbrella', '56: chair', '56: chair', '56: chair', '56: chair', '56: chair', '24: backpack', '25: umbrella', '25: umbrella', '0: person', '0: person', '0: person', '39: bottle', '0: person', '0: person', '0: person', '0: person', '0: person', '25: umbrella', '0: person', '0: person', '0: person', '0: person', '0: person', '56: chair', '0: person', '56: chair', '0: person']","[56, 56, 0, 0, 56, 56, 56, 0, 25, 25, 25, 25, 56, 56, 56, 56, 56, 24, 25, 25, 0, 0, 0, 39, 0, 0, 0, 0, 0, 25, 0, 0, 0, 0, 0, 56, 0, 56, 0]","[0.84504205, 0.800097, 0.7644778, 0.7437263, 0.7385537, 0.727668, 0.7257325, 0.6956744, 0.69536, 0.66773754, 0.6153039, 0.6061595, 0.5808469, 0.54093903, 0.51845765, 0.50032085, 0.48814115, 0.47010216, 0.45928836, 0.4386501, 0.43611124, 0.43603662, 0.42991957, 0.4229088, 0.38600823, 0.37829164, 0.37347132, 0.36401597, 0.36385304, 0.3578427, 0.34847862, 0.33563286, 0.33414507, 0.33110225, 0.3119356, 0.30052832, 0.29494035, 0.28060788, 0.2660459]","[[308.88, 269.17, 103.7, 72.94], [209.74, 262.95, 70.36, 65.92], [317.05, 230.5, 18.79, 41.04], [337.25, 225.94, 19.74, 39.59], [44.84, 331.76, 107.67, 148.15], [267.96, 268.65, 55.95, 70.3], [175.46, 258.91, 46.13, 61.32], [366.21, 247.62, 34.26, 34.14], [238.31, 193.74, 124.81, 75.84], [1, 176.87, 26.66, 22.29], [410.29, 151.34, 229.61, 94.48], [1, 168.61, 251.43, 70.57], [99.43, 256.88, 68.28, 50.29], [140.04, 403.25, 260.12, 76.5], [25.98, 249.09, 53.37, 50.94], [1, 241.66, 28.08, 52.01], [68.18, 249.25, 37.33, 54.09], [350.44, 284.61, 26.67, 32.11], [370.14, 199.98, 65.83, 32.99], [238.4, 194.22, 124.34, 33.65], [343.06, 248.85, 25.08, 30.72], [268.33, 240.4, 22.94, 30.23], [361.6, 221.56, 13.08, 42.07], [185.68, 377.32, 15.85, 34.93], [94.5, 328.14, 35.72, 41.97], [94.11, 327.53, 72.83, 75.11], [295.4, 235.97, 15.77, 33.91], [466.29, 237.18, 17.38, 44.27], [510.26, 304.47, 84.87, 42.29], [211.85, 194.28, 35.52, 19.55], [631.81, 268.27, 8.04, 15.82], [117.41, 240.76, 59.16, 31.81], [420.43, 253.41, 18.76, 24.86], [401.54, 254.71, 37.56, 25.41], [606.84, 266.81, 15.99, 23.25], [54.32, 333.6, 347.01, 144.97], [140.01, 233.76, 16.92, 19.6], [490.3, 331.46, 121.36, 41.17], [553.94, 247.02, 23.59, 32.93]]"
3891,/home/pi/sambashare/BacArbeit/cocoval2017/000000082807.jpg,3.1850300539990712,"['55: cake', '16: dog', '60: dining table', '62: tv']","[55, 16, 60, 62]","[0.9087199, 0.8725655, 0.48750755, 0.31946778]","[[282.09, 484.59, 161.6, 116.18], [121.01, 69.33, 398.61, 412.26], [1.09, 399.32, 637.5, 199.65], [141.86, 13.56, 50.24, 38.73]]"
3892,/home/pi/sambashare/BacArbeit/cocoval2017/000000504000.jpg,3.195750205000877,"['4: airplane', '4: airplane']","[4, 4]","[0.6961395, 0.59258]","[[1, 48.89, 96.88, 85.58], [2.31, 47.75, 633.15, 177.75]]"
3893,/home/pi/sambashare/BacArbeit/cocoval2017/000000570448.jpg,3.175684776999333,"['0: person', '8: boat', '8: boat', '8: boat', '8: boat', '8: boat']","[0, 8, 8, 8, 8, 8]","[0.90102386, 0.80749786, 0.75794667, 0.629059, 0.42442256, 0.379197]","[[313.75, 164.45, 16.35, 42.37], [206.55, 185.22, 178.27, 34.83], [271.3, 158.21, 39.48, 16.92], [574.83, 168.97, 38.24, 10.11], [475.64, 153.64, 42.83, 24.23], [13.65, 119.7, 22.64, 53.65]]"
3894,/home/pi/sambashare/BacArbeit/cocoval2017/000000298904.jpg,3.195855575000678,"['75: vase', '45: bowl', '60: dining table', '56: chair']","[75, 45, 60, 56]","[0.8462228, 0.4912231, 0.278398, 0.26894075]","[[51.21, 6.75, 342.09, 619.18], [405.46, 599.69, 73.52, 39.94], [6.48, 533.99, 473.52, 105.4], [1.91, 573.31, 159.78, 66.4]]"
3895,/home/pi/sambashare/BacArbeit/cocoval2017/000000421923.jpg,3.1903128609992564,"['75: vase', '73: book', '73: book', '75: vase', '73: book', '73: book', '73: book', '73: book', '73: book', '75: vase', '73: book']","[75, 73, 73, 75, 73, 73, 73, 73, 73, 75, 73]","[0.82730645, 0.6394405, 0.50783485, 0.44513535, 0.43940556, 0.39900166, 0.37480012, 0.35143903, 0.30707622, 0.287326, 0.28346014]","[[358.1, 488.73, 67.53, 146.56], [176.43, 134.04, 52.16, 98.31], [126.85, 130.47, 29.87, 104.2], [93.42, 539.88, 148.27, 81.92], [186.46, 188.75, 110.15, 34.44], [185.79, 309.02, 109.55, 35.9], [152.38, 127.84, 50.26, 105.32], [110.93, 125.18, 25.51, 108.85], [93.93, 125.01, 23.0, 110.65], [62.93, 259.29, 94.84, 160.95], [186.27, 326.72, 112.89, 32.81]]"
3896,/home/pi/sambashare/BacArbeit/cocoval2017/000000386210.jpg,3.1838458120000723,"['2: car', '2: car']","[2, 2]","[0.88466364, 0.87334937]","[[1, 108.13, 26.39, 52.86], [1, 90.34, 59.71, 55.43]]"
3897,/home/pi/sambashare/BacArbeit/cocoval2017/000000214703.jpg,3.1834862360010447,"['0: person', '14: bird']","[0, 14]","[0.59316117, 0.5620466]","[[232.62, 320.06, 129.37, 51.44], [257.92, 385.24, 154.19, 59.37]]"
3898,/home/pi/sambashare/BacArbeit/cocoval2017/000000295316.jpg,3.1967426239989436,"['0: person', '0: person', '0: person', '37: surfboard', '0: person', '37: surfboard']","[0, 0, 0, 37, 0, 37]","[0.88986844, 0.8732214, 0.86874306, 0.5700664, 0.463671, 0.39924362]","[[348.79, 171.64, 33.21, 45.46], [185.91, 176.25, 40.82, 51.98], [356.8, 244.12, 78.29, 29.15], [168.19, 218.49, 50.22, 14.56], [98.1, 199.94, 25.95, 30.44], [312.44, 216.86, 48.16, 6.18]]"
3899,/home/pi/sambashare/BacArbeit/cocoval2017/000000459809.jpg,3.18945242099835,"['33: kite', '8: boat', '0: person', '0: person', '0: person', '0: person', '0: person', '0: person']","[33, 8, 0, 0, 0, 0, 0, 0]","[0.6691971, 0.49070352, 0.48106483, 0.4600864, 0.3697061, 0.29811117, 0.26699802, 0.2627981]","[[373.12, 252.25, 203.72, 125.99], [59.53, 338.29, 17.97, 32.68], [354.24, 403.23, 15.76, 24.6], [51.13, 410.08, 19.63, 17.83], [102.7, 403.17, 17.45, 24.57], [542.08, 402.94, 17.23, 24.88], [139.47, 420.09, 11.2, 7.8], [337.62, 408.36, 12.33, 19.51]]"
3900,/home/pi/sambashare/BacArbeit/cocoval2017/000000304817.jpg,3.175672389999818,['36: skateboard'],[36],[0.8604007],"[[114.13, 213.08, 475.45, 224.08]]"
3901,/home/pi/sambashare/BacArbeit/cocoval2017/000000005060.jpg,3.19466211299914,"['0: person', '67: cell phone']","[0, 67]","[0.88815665, 0.5872233]","[[163.46, 307.92, 161.5, 191.14], [227.97, 367.06, 15.73, 23.2]]"
3902,/home/pi/sambashare/BacArbeit/cocoval2017/000000465718.jpg,3.188596301000871,"['66: keyboard', '63: laptop', '64: mouse', '67: cell phone', '63: laptop', '62: tv', '66: keyboard']","[66, 63, 64, 67, 63, 62, 66]","[0.9307147, 0.92422366, 0.91753453, 0.91647065, 0.9071487, 0.80207556, 0.3561182]","[[189.32, 330.83, 240.4, 92.27], [116.76, 48.22, 216.25, 139.98], [491.74, 356.82, 39.21, 47.73], [543.59, 363.57, 42.19, 49.07], [1, 171.97, 218.49, 231.21], [320.24, 25.08, 252.44, 170.28], [39.71, 267.72, 151.48, 92.32]]"
3903,/home/pi/sambashare/BacArbeit/cocoval2017/000000411665.jpg,3.1810115900007077,['15: cat'],[15],[0.44654542],"[[8.53, 2.03, 627.36, 424.97]]"
3904,/home/pi/sambashare/BacArbeit/cocoval2017/000000080057.jpg,3.191150300001027,"['77: teddy bear', '41: cup']","[77, 41]","[0.5477556, 0.450215]","[[7.57, 13.33, 380.32, 392.42], [277.08, 369.5, 88.71, 130.7]]"
3905,/home/pi/sambashare/BacArbeit/cocoval2017/000000449198.jpg,3.17893476899917,['13: bench'],[13],[0.6916015],"[[305.0, 194.29, 82.8, 32.71]]"
3906,/home/pi/sambashare/BacArbeit/cocoval2017/000000131938.jpg,3.1742323199996463,"['27: tie', '27: tie']","[27, 27]","[0.7989032, 0.5086951]","[[135.62, 187.11, 184.27, 289.9], [59.34, 19.65, 374.19, 578.95]]"
3907,/home/pi/sambashare/BacArbeit/cocoval2017/000000552883.jpg,3.1945365690007748,['71: sink'],[71],[0.6018174],"[[242.98, 235.92, 78.1, 14.42]]"
3908,/home/pi/sambashare/BacArbeit/cocoval2017/000000453860.jpg,3.2010049679993244,"['28: suitcase', '28: suitcase']","[28, 28]","[0.91534215, 0.89835006]","[[30.66, 35.24, 246.35, 328.11], [340.95, 39.4, 262.15, 336.21]]"
3909,/home/pi/sambashare/BacArbeit/cocoval2017/000000382743.jpg,3.181398281998554,"['33: kite', '33: kite', '33: kite', '33: kite']","[33, 33, 33, 33]","[0.8787578, 0.8564712, 0.83504546, 0.81095105]","[[276.99, 296.83, 102.01, 52.8], [104.17, 208.52, 81.99, 88.89], [1, 1.64, 121.37, 266.83], [388.74, 304.68, 65.98, 66.76]]"
3910,/home/pi/sambashare/BacArbeit/cocoval2017/000000363840.jpg,3.1840161959989928,"['66: keyboard', '63: laptop', '64: mouse', '64: mouse', '63: laptop', '62: tv', '66: keyboard', '66: keyboard']","[66, 63, 64, 64, 63, 62, 66, 66]","[0.94904953, 0.93595594, 0.92838645, 0.91347367, 0.9027823, 0.89943516, 0.48726147, 0.2596647]","[[327.83, 308.84, 263.5, 106.86], [277.98, 88.62, 235.68, 265.32], [578.95, 233.1, 50.17, 32.37], [535.45, 244.85, 48.28, 35.33], [1, 93.25, 198.26, 216.9], [471.2, 40.83, 167.99, 161.7], [314.17, 216.05, 156.07, 75.63], [5.31, 196.21, 176.04, 105.14]]"
3911,/home/pi/sambashare/BacArbeit/cocoval2017/000000376365.jpg,3.1810122480001155,"['41: cup', '75: vase', '0: person']","[41, 75, 0]","[0.8778253, 0.8080958, 0.25395173]","[[64.71, 199.56, 104.77, 131.78], [209.8, 14.97, 290.2, 311.33], [346.95, 115.27, 50.74, 70.13]]"
3912,/home/pi/sambashare/BacArbeit/cocoval2017/000000311909.jpg,3.1912691140005336,['5: bus'],[5],[0.8839893],"[[16.54, 49.63, 615.0, 411.38]]"
3913,/home/pi/sambashare/BacArbeit/cocoval2017/000000187585.jpg,3.1871112330009055,"['36: skateboard', '0: person']","[36, 0]","[0.8362803, 0.5644998]","[[60.55, 8.5, 152.67, 286.34], [82.54, 1.85, 457.08, 324.55]]"
3914,/home/pi/sambashare/BacArbeit/cocoval2017/000000050006.jpg,3.1813044869995792,"['8: boat', '8: boat', '8: boat', '8: boat', '8: boat']","[8, 8, 8, 8, 8]","[0.69950783, 0.6766066, 0.6546875, 0.5716829, 0.38300803]","[[336.15, 369.76, 202.53, 55.63], [1, 350.18, 153.77, 125.94], [200.04, 242.6, 142.55, 207.48], [471.9, 329.28, 162.79, 75.07], [370.94, 255.97, 19.12, 12.69]]"
3915,/home/pi/sambashare/BacArbeit/cocoval2017/000000021167.jpg,3.1880369249993237,"['0: person', '0: person', '40: wine glass', '0: person']","[0, 0, 40, 0]","[0.9500062, 0.90176904, 0.84295994, 0.29600832]","[[181.54, 35.45, 242.07, 600.36], [34.4, 113.5, 172.11, 523.62], [260.25, 298.09, 55.24, 81.53], [352.42, 574.09, 73.1, 64.75]]"
3916,/home/pi/sambashare/BacArbeit/cocoval2017/000000248980.jpg,3.1847761099998024,"['50: broccoli', '50: broccoli', '50: broccoli', '50: broccoli']","[50, 50, 50, 50]","[0.72012967, 0.6591142, 0.50360703, 0.40543464]","[[278.98, 181.83, 49.09, 46.69], [199.33, 96.41, 61.95, 56.42], [125.51, 46.63, 90.79, 61.49], [34.07, 3.01, 440.45, 366.37]]"
3917,/home/pi/sambashare/BacArbeit/cocoval2017/000000447200.jpg,3.1904069569991407,"['16: dog', '16: dog']","[16, 16]","[0.8778161, 0.85420626]","[[6.39, 190.76, 247.64, 268.07], [276.65, 12.44, 264.01, 359.25]]"
3918,/home/pi/sambashare/BacArbeit/cocoval2017/000000476514.jpg,3.1869399980005255,"['0: person', '27: tie', '0: person', '25: umbrella']","[0, 27, 0, 25]","[0.90563095, 0.80392253, 0.74089026, 0.7281304]","[[259.17, 125.59, 129.5, 459.39], [307.98, 207.45, 15.74, 62.15], [66.47, 54.82, 232.03, 577.67], [144.56, 40.99, 228.4, 156.4]]"
3919,/home/pi/sambashare/BacArbeit/cocoval2017/000000173033.jpg,3.1892896690005728,"['21: bear', '15: cat']","[21, 15]","[0.9419732, 0.8876497]","[[182.38, 203.47, 217.65, 289.35], [140.65, 350.86, 90.26, 80.81]]"
3920,/home/pi/sambashare/BacArbeit/cocoval2017/000000369370.jpg,3.180091543999879,"['44: spoon', '48: sandwich']","[44, 48]","[0.35478875, 0.3200696]","[[182.2, 1, 131.33, 122.24], [1, 3.24, 208.12, 201.85]]"
3921,/home/pi/sambashare/BacArbeit/cocoval2017/000000460683.jpg,3.1835834739995335,"['56: chair', '63: laptop', '0: person', '27: tie', '0: person', '56: chair']","[56, 63, 0, 27, 0, 56]","[0.89341515, 0.84528404, 0.8443596, 0.74336296, 0.6629073, 0.37736967]","[[359.5, 354.63, 103.78, 145.85], [432.71, 478.67, 44.9, 159.95], [352.48, 309.02, 101.83, 108.32], [184.71, 72.32, 116.16, 506.98], [1.95, 9.61, 385.79, 620.74], [421.35, 362.2, 56.05, 118.44]]"
3922,/home/pi/sambashare/BacArbeit/cocoval2017/000000248112.jpg,3.186517072999777,"['0: person', '38: tennis racket', '38: tennis racket', '0: person']","[0, 38, 38, 0]","[0.9228144, 0.82976776, 0.75627303, 0.735636]","[[257.88, 198.92, 45.89, 130.84], [235.36, 223.91, 27.21, 29.13], [599.06, 257.07, 31.67, 16.6], [625.61, 209.84, 14.2, 79.11]]"
3923,/home/pi/sambashare/BacArbeit/cocoval2017/000000050896.jpg,3.1890546520007774,"['49: orange', '45: bowl', '49: orange', '49: orange']","[49, 45, 49, 49]","[0.72439045, 0.72130334, 0.27880532, 0.26964518]","[[378.56, 332.58, 152.56, 155.81], [30.65, 66.04, 567.06, 543.69], [189.67, 156.61, 142.33, 141.29], [114.13, 347.53, 146.17, 149.34]]"
3924,/home/pi/sambashare/BacArbeit/cocoval2017/000000470779.jpg,3.1956135510008608,"['0: person', '0: person', '0: person', '0: person', '0: person', '16: dog', '30: skis', '31: snowboard', '30: skis', '30: skis']","[0, 0, 0, 0, 0, 16, 30, 31, 30, 30]","[0.927192, 0.86460483, 0.8579368, 0.84070456, 0.83384913, 0.65380186, 0.63400507, 0.44303465, 0.44286656, 0.2763142]","[[53.79, 97.01, 141.25, 306.45], [415.4, 42.47, 124.09, 354.94], [162.6, 71.3, 140.26, 339.81], [263.21, 55.38, 131.15, 331.09], [353.42, 45.09, 94.89, 360.87], [7.96, 139.74, 58.85, 27.83], [76.34, 396.02, 116.64, 76.06], [350.77, 379.37, 82.07, 70.96], [431.35, 394.87, 94.62, 83.47], [151.15, 393.06, 121.86, 61.39]]"
3925,/home/pi/sambashare/BacArbeit/cocoval2017/000000580410.jpg,3.1963596739988134,"['56: chair', '26: handbag', '59: bed', '75: vase', '73: book', '73: book', '59: bed', '45: bowl']","[56, 26, 59, 75, 73, 73, 59, 45]","[0.93362594, 0.91962487, 0.79271555, 0.40022162, 0.35766536, 0.35308185, 0.30077425, 0.2872256]","[[236.49, 202.33, 75.55, 146.16], [113.65, 432.04, 109.15, 65.37], [1, 243.46, 131.12, 259.49], [325.78, 78.86, 20.15, 29.59], [131.57, 292.74, 49.8, 17.49], [359.31, 178.54, 10.21, 36.0], [69.0, 230.33, 134.36, 66.19], [383.59, 390.35, 42.98, 99.87]]"
3926,/home/pi/sambashare/BacArbeit/cocoval2017/000000101068.jpg,3.191334965000351,"['0: person', '34: baseball bat', '34: baseball bat']","[0, 34, 34]","[0.9351114, 0.85487866, 0.39619073]","[[403.53, 84.04, 235.43, 340.77], [361.24, 127.93, 95.38, 114.91], [361.09, 129.43, 58.58, 68.68]]"
3927,/home/pi/sambashare/BacArbeit/cocoval2017/000000265108.jpg,3.1993782609988557,"['28: suitcase', '25: umbrella', '58: potted plant']","[28, 25, 58]","[0.82161385, 0.45220983, 0.4345358]","[[248.5, 388.76, 99.42, 218.39], [197.33, 426.74, 24.72, 176.74], [112.65, 489.03, 70.05, 97.44]]"
3928,/home/pi/sambashare/BacArbeit/cocoval2017/000000449996.jpg,3.1887331119996816,"['4: airplane', '4: airplane', '4: airplane', '4: airplane', '4: airplane', '4: airplane']","[4, 4, 4, 4, 4, 4]","[0.88054365, 0.84131014, 0.8205104, 0.79783267, 0.77737045, 0.52768546]","[[114.33, 291.16, 133.55, 48.01], [140.08, 248.71, 120.53, 46.73], [442.94, 113.59, 55.24, 15.63], [137.56, 375.46, 70.95, 51.96], [392.63, 272.7, 71.35, 22.27], [547.77, 256.38, 91.15, 39.73]]"
3929,/home/pi/sambashare/BacArbeit/cocoval2017/000000127660.jpg,3.1764447719997406,"['0: person', '28: suitcase', '56: chair']","[0, 28, 56]","[0.5696695, 0.46611965, 0.27403653]","[[89.2, 16.8, 466.06, 396.2], [35.68, 397.72, 532.37, 115.02], [58.16, 154.96, 154.21, 263.04]]"
3930,/home/pi/sambashare/BacArbeit/cocoval2017/000000550471.jpg,3.1837385109993193,"['49: orange', '44: spoon']","[49, 44]","[0.74763143, 0.7021426]","[[259.14, 183.54, 327.61, 198.43], [221.45, 12.2, 87.97, 178.41]]"
3931,/home/pi/sambashare/BacArbeit/cocoval2017/000000224664.jpg,3.1844703040005697,"['33: kite', '33: kite', '33: kite', '33: kite', '0: person', '0: person', '33: kite', '0: person', '0: person', '33: kite', '33: kite', '0: person', '0: person', '0: person', '0: person', '0: person']","[33, 33, 33, 33, 0, 0, 33, 0, 0, 33, 33, 0, 0, 0, 0, 0]","[0.8848596, 0.8278655, 0.800298, 0.72996753, 0.6866367, 0.57935566, 0.55094755, 0.5230098, 0.5145931, 0.5123878, 0.49288878, 0.4771154, 0.41178736, 0.3992651, 0.3970641, 0.37044662]","[[561.81, 72.35, 31.38, 18.58], [270.93, 147.85, 11.13, 10.19], [365.72, 152.18, 18.36, 18.77], [231.08, 181.4, 7.89, 9.15], [514.27, 255.28, 7.29, 8.04], [406.59, 306.18, 9.35, 9.72], [397.81, 162.29, 9.64, 10.87], [368.25, 250.44, 6.87, 15.12], [371.86, 317.44, 8.15, 18.85], [304.51, 175.45, 7.57, 6.67], [257.55, 195.61, 8.13, 12.02], [304.5, 224.51, 4.24, 6.45], [372.15, 248.79, 6.89, 14.83], [322.85, 236.47, 7.25, 5.01], [192.67, 217.0, 4.38, 5.59], [217.57, 220.39, 4.37, 7.37]]"
3932,/home/pi/sambashare/BacArbeit/cocoval2017/000000455937.jpg,3.169779390000258,"['0: person', '62: tv', '57: couch', '28: suitcase', '63: laptop', '57: couch', '57: couch', '74: clock', '73: book', '41: cup', '73: book', '77: teddy bear', '73: book', '73: book']","[0, 62, 57, 28, 63, 57, 57, 74, 73, 41, 73, 77, 73, 73]","[0.94915164, 0.9137533, 0.9089935, 0.87951225, 0.8757667, 0.78173256, 0.7582769, 0.63919497, 0.6100702, 0.56680095, 0.4499068, 0.30791873, 0.29101393, 0.27335477]","[[117.45, 148.16, 138.38, 210.1], [334.13, 104.28, 131.33, 95.56], [338.49, 285.01, 245.72, 194.12], [58.37, 315.53, 129.04, 109.61], [103.16, 177.25, 49.55, 39.13], [1, 205.8, 179.44, 173.01], [1, 374.13, 75.93, 104.96], [596.39, 5.91, 24.07, 32.25], [267.74, 200.77, 18.79, 40.2], [63.75, 203.54, 13.59, 23.2], [279.07, 202.84, 14.98, 39.49], [524.94, 223.22, 70.01, 129.14], [518.51, 237.0, 11.88, 39.48], [523.85, 233.79, 14.57, 43.32]]"
3933,/home/pi/sambashare/BacArbeit/cocoval2017/000000193181.jpg,3.1871987049999007,"['0: person', '0: person', '0: person', '34: baseball bat', '0: person', '0: person', '0: person', '0: person', '0: person', '0: person', '0: person', '0: person', '0: person']","[0, 0, 0, 34, 0, 0, 0, 0, 0, 0, 0, 0, 0]","[0.91736674, 0.8922191, 0.7991951, 0.7412743, 0.7274707, 0.7020671, 0.64469016, 0.4526051, 0.41817248, 0.3820436, 0.36074528, 0.29016253, 0.28552732]","[[195.54, 328.23, 224.18, 238.2], [15.93, 107.02, 297.06, 403.38], [44.32, 2.83, 57.01, 121.45], [214.89, 35.78, 28.73, 128.32], [114.32, 11.5, 33.97, 65.23], [249.68, 57.57, 45.73, 61.99], [19.95, 2.6, 41.36, 124.04], [88.03, 59.5, 39.2, 47.61], [1, 1, 38.08, 93.93], [290.21, 65.3, 35.29, 47.5], [154.56, 42.83, 35.77, 57.6], [341.76, 63.22, 48.4, 53.99], [323.28, 2.93, 44.46, 78.52]]"
3934,/home/pi/sambashare/BacArbeit/cocoval2017/000000496409.jpg,3.183935355000358,"['0: person', '0: person', '30: skis']","[0, 0, 30]","[0.8925484, 0.5556314, 0.33836114]","[[302.86, 94.23, 50.73, 85.12], [1, 69.78, 21.81, 42.76], [302.47, 161.93, 26.9, 19.27]]"
3935,/home/pi/sambashare/BacArbeit/cocoval2017/000000025603.jpg,3.1800584199991135,"['41: cup', '41: cup', '56: chair', '56: chair', '0: person', '56: chair', '56: chair', '56: chair', '0: person', '56: chair', '0: person', '73: book', '56: chair', '60: dining table', '56: chair', '0: person', '60: dining table', '39: bottle', '44: spoon', '44: spoon', '56: chair']","[41, 41, 56, 56, 0, 56, 56, 56, 0, 56, 0, 73, 56, 60, 56, 0, 60, 39, 44, 44, 56]","[0.92913103, 0.8990211, 0.8855886, 0.87748796, 0.79106987, 0.76593673, 0.7124003, 0.6630579, 0.6478113, 0.6255498, 0.62162703, 0.61664796, 0.6127335, 0.5149421, 0.4341428, 0.39676082, 0.37712, 0.34229496, 0.3116612, 0.28699303, 0.27786198]","[[312.7, 316.51, 86.48, 162.93], [33.56, 407.57, 120.58, 72.13], [255.48, 230.95, 171.35, 81.71], [185.1, 182.97, 121.95, 111.11], [323.63, 102.36, 315.7, 302.04], [368.78, 140.84, 38.85, 100.23], [112.96, 173.93, 66.25, 110.36], [402.58, 149.36, 57.52, 103.15], [521.05, 55.22, 32.69, 49.02], [27.45, 170.2, 77.04, 114.29], [573.62, 21.25, 65.92, 194.13], [466.03, 366.57, 173.3, 113.28], [254.89, 151.93, 64.44, 33.82], [3.58, 271.56, 630.78, 205.28], [455.62, 112.81, 29.47, 37.11], [488.96, 61.75, 28.7, 33.63], [149.53, 178.13, 226.2, 61.45], [523.76, 328.09, 115.54, 83.11], [2.52, 402.95, 44.86, 76.81], [1, 401.12, 18.64, 77.88], [488.6, 88.39, 40.48, 21.51]]"
3936,/home/pi/sambashare/BacArbeit/cocoval2017/000000468332.jpg,3.179759942999226,"['0: person', '0: person', '0: person', '0: person', '2: car', '55: cake', '0: person', '43: knife', '0: person', '43: knife', '0: person', '0: person', '0: person', '60: dining table', '0: person', '0: person']","[0, 0, 0, 0, 2, 55, 0, 43, 0, 43, 0, 0, 0, 60, 0, 0]","[0.87810534, 0.8714539, 0.85563123, 0.8397336, 0.813309, 0.76464075, 0.7007928, 0.699988, 0.6276896, 0.6162118, 0.6144579, 0.5342761, 0.47133657, 0.4310092, 0.337795, 0.2633138]","[[473.29, 286.83, 165.47, 136.03], [534.05, 91.75, 105.75, 126.68], [422.35, 105.36, 127.47, 267.59], [53.88, 1, 199.53, 384.15], [219.74, 32.69, 30.99, 10.77], [288.17, 379.96, 190.37, 43.67], [184.53, 153.98, 245.65, 238.14], [247.52, 329.51, 93.06, 50.34], [334.06, 102.76, 75.7, 106.68], [41.2, 376.98, 151.14, 46.75], [261.59, 174.72, 121.97, 210.43], [1, 184.83, 28.81, 186.95], [356.3, 165.12, 88.65, 212.8], [540.44, 217.09, 99.22, 75.12], [37.21, 54.72, 17.55, 39.61], [45.56, 57.17, 16.51, 37.87]]"
3937,/home/pi/sambashare/BacArbeit/cocoval2017/000000554595.jpg,3.1841599679992214,"['37: surfboard', '37: surfboard']","[37, 37]","[0.95213723, 0.44222352]","[[161.36, 227.76, 204.65, 108.21], [325.14, 244.25, 126.65, 107.54]]"
3938,/home/pi/sambashare/BacArbeit/cocoval2017/000000500270.jpg,3.1770104759998503,"['36: skateboard', '0: person', '0: person', '0: person', '0: person', '0: person', '0: person']","[36, 0, 0, 0, 0, 0, 0]","[0.90639704, 0.8061773, 0.6570187, 0.6197829, 0.5776175, 0.41147673, 0.32501024]","[[106.07, 302.04, 93.59, 23.55], [126.19, 119.5, 62.45, 190.66], [33.23, 181.01, 24.11, 54.03], [246.79, 209.21, 11.87, 20.29], [70.65, 209.46, 59.92, 57.61], [182.59, 211.51, 8.48, 20.09], [549.69, 212.79, 12.12, 21.7]]"
3939,/home/pi/sambashare/BacArbeit/cocoval2017/000000476258.jpg,3.1763570250004705,"['0: person', '36: skateboard']","[0, 36]","[0.9338423, 0.8596076]","[[253.37, 37.72, 258.72, 270.36], [268.32, 252.33, 234.87, 96.89]]"
3940,/home/pi/sambashare/BacArbeit/cocoval2017/000000118921.jpg,3.1892413009991287,"['0: person', '30: skis']","[0, 30]","[0.9374069, 0.89627534]","[[308.36, 134.38, 165.37, 223.51], [350.5, 322.57, 96.13, 79.38]]"
3941,/home/pi/sambashare/BacArbeit/cocoval2017/000000058705.jpg,3.171807026001261,"['27: tie', '0: person', '0: person', '46: banana']","[27, 0, 0, 46]","[0.9132853, 0.86848414, 0.8444602, 0.5185272]","[[138.67, 316.23, 54.27, 161.64], [3.67, 102.02, 288.18, 376.46], [266.42, 125.21, 369.47, 349.87], [45.71, 193.4, 45.64, 93.99]]"
3942,/home/pi/sambashare/BacArbeit/cocoval2017/000000383842.jpg,3.1908898099991347,"['0: person', '26: handbag', '27: tie', '63: laptop', '0: person', '65: remote', '0: person', '0: person', '27: tie', '0: person', '0: person', '66: keyboard', '0: person']","[0, 26, 27, 63, 0, 65, 0, 0, 27, 0, 0, 66, 0]","[0.9006035, 0.88137496, 0.73134774, 0.7086078, 0.6801714, 0.6501542, 0.6323965, 0.61653084, 0.58421934, 0.5322887, 0.52543104, 0.45021704, 0.29665026]","[[258.7, 38.59, 359.68, 393.51], [146.68, 132.07, 88.24, 127.91], [289.05, 103.99, 23.24, 100.37], [3.21, 205.59, 244.36, 196.73], [226.57, 38.25, 117.78, 350.72], [513.15, 327.57, 57.45, 49.37], [332.03, 98.49, 27.86, 48.83], [397.16, 34.85, 98.51, 138.73], [355.84, 154.87, 18.43, 43.11], [326.7, 104.24, 74.55, 98.72], [533.77, 120.83, 84.69, 160.08], [51.92, 284.54, 183.64, 105.17], [388.79, 96.16, 41.18, 61.54]]"
3943,/home/pi/sambashare/BacArbeit/cocoval2017/000000147498.jpg,3.1728424670000095,"['14: bird', '14: bird', '14: bird', '14: bird']","[14, 14, 14, 14]","[0.34998304, 0.32292414, 0.29082963, 0.27924132]","[[294.03, 160.89, 10.32, 7.24], [408.19, 98.95, 16.43, 10.37], [73.6, 406.18, 12.43, 8.91], [189.57, 257.24, 8.99, 8.41]]"
3944,/home/pi/sambashare/BacArbeit/cocoval2017/000000245764.jpg,3.1927215389987396,"['15: cat', '61: toilet']","[15, 61]","[0.9246373, 0.6195915]","[[191.5, 178.58, 302.23, 297.88], [267.67, 4.52, 313.65, 474.41]]"
3945,/home/pi/sambashare/BacArbeit/cocoval2017/000000157928.jpg,3.1811000669986242,"['0: person', '2: car', '2: car', '24: backpack', '24: backpack', '30: skis', '0: person', '30: skis', '24: backpack', '30: skis', '24: backpack']","[0, 2, 2, 24, 24, 30, 0, 30, 24, 30, 24]","[0.9297164, 0.86639977, 0.7901506, 0.67068964, 0.5771967, 0.5561998, 0.5025088, 0.50113946, 0.29665276, 0.28204674, 0.27701458]","[[94.39, 18.55, 122.27, 353.64], [1, 101.81, 105.73, 147.34], [210.17, 103.19, 90.69, 99.0], [125.87, 72.72, 71.16, 68.66], [292.79, 85.46, 153.64, 151.56], [264.73, 260.94, 248.04, 200.29], [263.71, 99.34, 181.98, 249.46], [1, 358.67, 114.46, 119.1], [260.23, 134.16, 68.14, 63.94], [264.05, 257.3, 84.5, 73.92], [106.0, 15.75, 73.36, 79.26]]"
3946,/home/pi/sambashare/BacArbeit/cocoval2017/000000459437.jpg,3.1901552409999567,"['18: sheep', '0: person', '18: sheep', '18: sheep', '8: boat']","[18, 0, 18, 18, 8]","[0.85616547, 0.8232455, 0.35437512, 0.34668547, 0.28570077]","[[317.67, 97.35, 320.65, 328.56], [1, 188.94, 218.15, 160.56], [192.9, 108.37, 123.86, 108.49], [192.16, 102.46, 260.11, 319.78], [1, 134.53, 98.28, 57.8]]"
3947,/home/pi/sambashare/BacArbeit/cocoval2017/000000326970.jpg,3.1823947349985247,"['0: person', '0: person', '0: person', '16: dog', '67: cell phone']","[0, 0, 0, 16, 67]","[0.9090039, 0.87581444, 0.8494292, 0.64098054, 0.3721218]","[[270.55, 40.11, 191.91, 439.43], [1, 103.9, 207.27, 376.1], [448.01, 12.24, 191.99, 439.59], [162.16, 234.27, 130.25, 168.4], [142.85, 320.84, 42.28, 15.79]]"
3948,/home/pi/sambashare/BacArbeit/cocoval2017/000000371677.jpg,3.184901788999923,"['66: keyboard', '62: tv', '64: mouse', '64: mouse', '62: tv', '39: bottle', '66: keyboard', '39: bottle', '63: laptop']","[66, 62, 64, 64, 62, 39, 66, 39, 63]","[0.92036474, 0.8988642, 0.8936975, 0.88907766, 0.88384795, 0.8076365, 0.689758, 0.6672933, 0.63588476]","[[345.78, 331.06, 146.69, 80.74], [346.24, 74.23, 243.49, 167.34], [148.57, 364.27, 47.7, 45.03], [508.6, 368.02, 68.03, 56.89], [109.43, 77.7, 236.19, 156.39], [214.16, 231.86, 53.41, 119.53], [210.85, 330.65, 135.45, 82.48], [305.06, 232.63, 109.4, 114.56], [1, 100.65, 184.85, 207.59]]"
3949,/home/pi/sambashare/BacArbeit/cocoval2017/000000037988.jpg,3.1809575790011877,"['0: person', '0: person', '0: person', '38: tennis racket', '32: sports ball']","[0, 0, 0, 38, 32]","[0.9341556, 0.92853755, 0.9098122, 0.87304467, 0.7932119]","[[145.71, 1, 90.21, 115.62], [307.3, 153.56, 100.82, 301.88], [380.2, 1, 60.34, 44.58], [283.14, 246.76, 35.04, 92.38], [350.65, 61.19, 10.93, 10.42]]"
3950,/home/pi/sambashare/BacArbeit/cocoval2017/000000383606.jpg,3.1910623259991553,"['0: person', '71: sink', '75: vase', '39: bottle']","[0, 71, 75, 39]","[0.88301253, 0.85501504, 0.58536655, 0.3992239]","[[303.62, 125.52, 47.04, 154.64], [192.54, 309.41, 119.5, 36.94], [354.53, 281.47, 21.83, 31.55], [304.33, 274.65, 20.12, 37.82]]"
3951,/home/pi/sambashare/BacArbeit/cocoval2017/000000347930.jpg,3.18617158699999,"['16: dog', '15: cat', '57: couch']","[16, 15, 57]","[0.8725376, 0.54009616, 0.4493294]","[[164.02, 107.99, 247.91, 338.38], [599.33, 284.44, 40.25, 112.5], [8.33, 65.24, 631.34, 401.2]]"
3952,/home/pi/sambashare/BacArbeit/cocoval2017/000000345397.jpg,3.192855592998967,"['67: cell phone', '27: tie', '0: person']","[67, 27, 0]","[0.91308326, 0.8629362, 0.5078268]","[[234.19, 123.77, 263.87, 144.6], [147.33, 168.5, 89.61, 206.5], [15.58, 2.5, 484.42, 368.56]]"
3953,/home/pi/sambashare/BacArbeit/cocoval2017/000000015660.jpg,3.195821385999807,"['33: kite', '33: kite', '0: person', '33: kite', '33: kite', '37: surfboard', '33: kite', '0: person']","[33, 33, 0, 33, 33, 37, 33, 0]","[0.8864601, 0.80977213, 0.67546195, 0.63557285, 0.62852335, 0.6142816, 0.5697449, 0.39297995]","[[89.3, 35.19, 28.41, 34.78], [227.77, 48.69, 11.96, 23.2], [152.49, 188.64, 56.72, 76.79], [462.46, 26.49, 23.18, 19.55], [601.98, 111.42, 7.48, 12.39], [145.75, 293.49, 173.49, 48.2], [452.39, 111.55, 7.45, 8.97], [149.86, 188.41, 94.7, 126.67]]"
3954,/home/pi/sambashare/BacArbeit/cocoval2017/000000476770.jpg,3.1985236849996,"['0: person', '0: person', '0: person', '35: baseball glove', '0: person', '0: person', '35: baseball glove', '0: person', '0: person', '0: person', '0: person', '0: person', '0: person']","[0, 0, 0, 35, 0, 0, 35, 0, 0, 0, 0, 0, 0]","[0.943438, 0.91025186, 0.77570933, 0.711294, 0.7076922, 0.500616, 0.4888836, 0.45464984, 0.4189861, 0.3498682, 0.33645996, 0.31199282, 0.28699964]","[[346.51, 36.67, 241.09, 387.26], [234.19, 118.12, 115.06, 185.11], [359.39, 49.35, 87.26, 222.94], [298.7, 179.01, 40.55, 34.83], [597.19, 77.17, 42.43, 34.62], [266.26, 74.25, 65.94, 39.01], [403.76, 42.2, 34.47, 37.43], [543.8, 80.08, 41.08, 33.23], [322.71, 72.44, 37.43, 40.29], [144.1, 76.09, 43.56, 37.1], [611.55, 32.71, 28.31, 41.92], [580.41, 44.16, 40.85, 44.81], [106.81, 64.23, 27.72, 40.33]]"
3955,/home/pi/sambashare/BacArbeit/cocoval2017/000000313562.jpg,3.1902208920000703,"['0: person', '0: person', '55: cake']","[0, 0, 55]","[0.93366075, 0.8844325, 0.3291656]","[[281.85, 53.24, 356.14, 426.64], [23.5, 104.57, 92.9, 208.38], [1, 251.03, 31.58, 96.66]]"
3956,/home/pi/sambashare/BacArbeit/cocoval2017/000000168883.jpg,3.1811477950013796,"['0: person', '0: person', '0: person', '0: person', '67: cell phone', '26: handbag', '65: remote']","[0, 0, 0, 0, 67, 26, 65]","[0.9489998, 0.79385364, 0.79060245, 0.7436795, 0.695483, 0.4530953, 0.3293529]","[[136.8, 120.08, 238.74, 517.91], [1, 15.38, 188.34, 620.33], [408.93, 391.93, 69.69, 244.79], [290.88, 464.05, 181.7, 175.71], [192.15, 192.92, 27.19, 64.75], [110.07, 390.46, 52.8, 119.82], [217.47, 590.8, 26.61, 13.15]]"
3957,/home/pi/sambashare/BacArbeit/cocoval2017/000000102644.jpg,3.181713547999607,"['61: toilet', '61: toilet', '39: bottle']","[61, 61, 39]","[0.90279424, 0.6480331, 0.27094194]","[[37.94, 239.4, 132.09, 196.77], [274.7, 202.05, 74.09, 177.4], [269.4, 65.54, 14.22, 44.07]]"
3958,/home/pi/sambashare/BacArbeit/cocoval2017/000000430286.jpg,3.1830343379988335,"['65: remote', '65: remote', '65: remote', '59: bed']","[65, 65, 65, 59]","[0.9227945, 0.9047654, 0.90351385, 0.2938334]","[[157.98, 15.03, 102.21, 142.88], [302.97, 34.11, 80.35, 125.47], [395.49, 20.51, 103.46, 152.28], [1, 1.67, 637.59, 464.99]]"
3959,/home/pi/sambashare/BacArbeit/cocoval2017/000000142971.jpg,3.1986438240001007,"['0: person', '37: surfboard', '0: person', '0: person', '0: person', '37: surfboard', '37: surfboard']","[0, 37, 0, 0, 0, 37, 37]","[0.91356117, 0.8949336, 0.89305085, 0.8888242, 0.8740571, 0.6424091, 0.3028911]","[[179.42, 72.55, 131.16, 152.96], [29.12, 156.69, 386.13, 104.7], [100.13, 109.25, 135.87, 141.13], [310.17, 191.39, 97.31, 121.11], [414.53, 212.3, 95.67, 84.83], [110.88, 273.27, 444.97, 46.52], [395.53, 230.97, 39.7, 56.76]]"
3960,/home/pi/sambashare/BacArbeit/cocoval2017/000000361586.jpg,3.1906298319991038,"['0: person', '0: person', '0: person', '28: suitcase', '0: person', '0: person', '62: tv', '0: person', '26: handbag', '26: handbag']","[0, 0, 0, 28, 0, 0, 62, 0, 26, 26]","[0.88042897, 0.8635379, 0.80630404, 0.7818858, 0.50410163, 0.47733656, 0.45764002, 0.3231352, 0.31726012, 0.29550442]","[[86.11, 207.81, 80.31, 152.18], [203.63, 200.91, 57.28, 157.03], [485.46, 154.69, 53.62, 131.99], [556.83, 206.04, 82.79, 61.58], [546.42, 141.89, 64.81, 82.61], [248.25, 185.18, 52.32, 163.89], [178.06, 96.32, 83.35, 66.53], [610.3, 127.15, 29.26, 62.38], [261.53, 254.46, 64.79, 105.33], [85.22, 243.8, 25.23, 76.95]]"
3961,/home/pi/sambashare/BacArbeit/cocoval2017/000000055167.jpg,3.18236587300089,"['5: bus', '7: truck', '0: person', '0: person', '2: car', '0: person']","[5, 7, 0, 0, 2, 0]","[0.94053274, 0.8360477, 0.8267208, 0.61662245, 0.39249846, 0.31041586]","[[207.32, 130.02, 157.28, 117.66], [161.5, 177.89, 56.95, 49.94], [132.19, 195.65, 14.79, 32.69], [409.81, 184.18, 10.36, 20.23], [393.93, 181.04, 14.59, 11.95], [233.13, 172.42, 24.98, 15.67]]"
3962,/home/pi/sambashare/BacArbeit/cocoval2017/000000406997.jpg,3.1708838640006434,"['18: sheep', '0: person', '0: person', '0: person', '0: person', '18: sheep']","[18, 0, 0, 0, 0, 18]","[0.9261428, 0.9063992, 0.8584575, 0.78149515, 0.76117826, 0.32623926]","[[200.45, 169.82, 249.81, 310.18], [444.87, 91.35, 153.31, 348.1], [174.01, 71.78, 64.39, 254.11], [434.09, 1, 190.78, 272.11], [210.67, 1, 127.92, 216.95], [1, 214.39, 20.42, 127.54]]"
3963,/home/pi/sambashare/BacArbeit/cocoval2017/000000356968.jpg,3.180408610000086,['17: horse'],[17],[0.8521634],"[[4.09, 126.21, 556.93, 327.11]]"
3964,/home/pi/sambashare/BacArbeit/cocoval2017/000000038048.jpg,3.1873792320002394,"['10: fire hydrant', '0: person']","[10, 0]","[0.8731072, 0.70199794]","[[90.95, 194.61, 79.93, 129.27], [248.29, 178.42, 36.07, 69.3]]"
3965,/home/pi/sambashare/BacArbeit/cocoval2017/000000133969.jpg,3.192374292999375,"['0: person', '0: person', '0: person', '0: person', '0: person', '0: person', '0: person', '0: person', '0: person', '0: person', '35: baseball glove', '0: person', '13: bench', '0: person', '0: person', '0: person']","[0, 0, 0, 0, 0, 0, 0, 0, 0, 0, 35, 0, 13, 0, 0, 0]","[0.93060225, 0.89227414, 0.8868996, 0.8553114, 0.81999236, 0.79539925, 0.7932117, 0.7849428, 0.7161748, 0.6688125, 0.6175203, 0.5323947, 0.48257992, 0.43166733, 0.31122988, 0.31063503]","[[59.62, 209.28, 201.19, 166.29], [1, 135.58, 116.68, 235.03], [315.67, 141.13, 203.95, 233.37], [215.43, 176.44, 79.83, 142.29], [580.25, 111.37, 59.2, 195.91], [302.47, 177.04, 66.32, 142.44], [443.65, 129.64, 65.48, 181.59], [541.74, 175.76, 94.57, 141.13], [210.67, 113.15, 56.4, 105.12], [262.45, 110.39, 62.38, 185.26], [228.51, 271.61, 32.41, 43.7], [322.69, 115.7, 59.05, 87.02], [497.53, 234.52, 50.03, 42.69], [380.38, 112.73, 60.06, 61.23], [1, 154.91, 8.92, 47.09], [441.27, 128.33, 23.1, 44.69]]"
3966,/home/pi/sambashare/BacArbeit/cocoval2017/000000021879.jpg,3.1779741649988864,"['0: person', '0: person', '0: person', '37: surfboard', '37: surfboard', '37: surfboard', '37: surfboard']","[0, 0, 0, 37, 37, 37, 37]","[0.9371393, 0.92523646, 0.88982964, 0.8886596, 0.6692394, 0.6594201, 0.33675864]","[[274.96, 78.69, 130.03, 222.07], [423.49, 21.09, 71.86, 57.72], [83.3, 49.14, 113.3, 38.98], [271.55, 272.21, 105.66, 76.65], [347.65, 48.32, 186.86, 32.3], [148.3, 70.58, 82.08, 17.97], [467.48, 72.76, 69.61, 6.8]]"
3967,/home/pi/sambashare/BacArbeit/cocoval2017/000000279730.jpg,3.192073578000418,"['54: donut', '41: cup', '39: bottle', '0: person', '39: bottle']","[54, 41, 39, 0, 39]","[0.8215886, 0.7414082, 0.7362355, 0.4501608, 0.43387404]","[[196.86, 129.9, 217.92, 155.1], [47.47, 170.1, 130.59, 161.62], [1, 110.5, 58.21, 221.17], [196.73, 206.85, 218.07, 125.27], [134.23, 92.18, 70.58, 175.61]]"
3968,/home/pi/sambashare/BacArbeit/cocoval2017/000000345361.jpg,3.1789477089987486,"['41: cup', '0: person', '0: person', '41: cup', '41: cup', '53: pizza', '0: person', '42: fork', '53: pizza', '60: dining table', '56: chair', '0: person', '45: bowl']","[41, 0, 0, 41, 41, 53, 0, 42, 53, 60, 56, 0, 45]","[0.88264596, 0.82036155, 0.78230137, 0.7684342, 0.74244636, 0.6749873, 0.6738071, 0.6543936, 0.48221508, 0.4521559, 0.41825163, 0.40758777, 0.28179124]","[[199.75, 251.03, 23.51, 32.61], [176.7, 134.4, 116.55, 145.51], [268.45, 52.74, 155.04, 291.53], [79.1, 206.62, 24.4, 33.14], [47.2, 189.8, 20.56, 22.11], [144.68, 259.68, 42.22, 17.47], [76.41, 139.89, 89.25, 92.78], [3.56, 197.95, 21.1, 9.84], [116.19, 232.48, 30.13, 17.32], [1, 215.73, 488.97, 141.06], [297.13, 59.74, 29.06, 80.4], [39.5, 103.67, 57.2, 102.97], [1.77, 306.17, 78.85, 51.75]]"
3969,/home/pi/sambashare/BacArbeit/cocoval2017/000000026465.jpg,3.192391945000054,"['67: cell phone', '63: laptop', '0: person']","[67, 63, 0]","[0.93259454, 0.84172297, 0.4135595]","[[395.65, 198.12, 65.13, 62.11], [113.72, 4.98, 287.47, 287.98], [1, 1.22, 131.18, 288.25]]"
3970,/home/pi/sambashare/BacArbeit/cocoval2017/000000514586.jpg,3.176525135000702,"['0: person', '34: baseball bat', '2: car', '0: person', '34: baseball bat', '2: car']","[0, 34, 2, 0, 34, 2]","[0.91510886, 0.6254735, 0.59982467, 0.3904813, 0.3529192, 0.34603715]","[[54.27, 62.58, 230.09, 434.4], [3.18, 9.8, 204.29, 167.06], [324.37, 110.99, 29.45, 41.39], [206.46, 102.28, 47.07, 170.14], [3.84, 9.51, 96.6, 122.06], [273.42, 112.43, 40.62, 40.53]]"
3971,/home/pi/sambashare/BacArbeit/cocoval2017/000000478420.jpg,3.1926804650011036,"['0: person', '0: person', '67: cell phone', '0: person', '0: person']","[0, 0, 67, 0, 0]","[0.9240121, 0.8756926, 0.6373962, 0.31440902, 0.2796939]","[[23.49, 135.44, 135.28, 447.05], [252.98, 85.83, 191.66, 532.02], [87.06, 168.27, 17.41, 28.74], [468.85, 67.46, 10.7, 100.36], [467.6, 67.46, 12.24, 209.09]]"
3972,/home/pi/sambashare/BacArbeit/cocoval2017/000000460347.jpg,3.187941805999799,"['5: bus', '2: car', '2: car', '2: car', '2: car']","[5, 2, 2, 2, 2]","[0.9423109, 0.93007874, 0.9194547, 0.91238153, 0.90402156]","[[147.47, 56.99, 118.77, 186.52], [329.42, 69.1, 53.62, 45.56], [258.46, 5.41, 41.1, 40.76], [152.47, 8.85, 36.61, 38.4], [341.36, 12.57, 36.8, 29.77]]"
3973,/home/pi/sambashare/BacArbeit/cocoval2017/000000312489.jpg,3.19620532800036,"['0: person', '37: surfboard', '0: person']","[0, 37, 0]","[0.93600774, 0.7480579, 0.71486604]","[[46.4, 102.13, 70.97, 182.23], [193.5, 155.32, 171.3, 49.94], [207.27, 84.08, 89.7, 196.25]]"
3974,/home/pi/sambashare/BacArbeit/cocoval2017/000000463618.jpg,3.1918138729997736,"['0: person', '62: tv', '0: person', '57: couch', '41: cup', '14: bird']","[0, 62, 0, 57, 41, 14]","[0.8978484, 0.84420663, 0.79281145, 0.7444831, 0.3825434, 0.31121984]","[[289.13, 10.91, 232.39, 436.58], [77.48, 1.11, 260.16, 124.65], [236.85, 140.9, 170.37, 298.09], [471.58, 1, 167.2, 297.5], [206.18, 334.78, 35.81, 31.4], [107.14, 190.97, 84.44, 80.96]]"
3975,/home/pi/sambashare/BacArbeit/cocoval2017/000000491213.jpg,3.17905537399929,"['2: car', '3: motorcycle', '7: truck', '2: car']","[2, 3, 7, 2]","[0.93513954, 0.75221014, 0.5328183, 0.40023896]","[[61.79, 85.74, 243.57, 161.81], [200.88, 2.77, 438.79, 475.49], [63.42, 82.6, 82.49, 56.33], [232.47, 110.97, 27.23, 16.57]]"
3976,/home/pi/sambashare/BacArbeit/cocoval2017/000000560880.jpg,3.1751151859989477,"['17: horse', '17: horse', '0: person', '16: dog', '19: cow']","[17, 17, 0, 16, 19]","[0.8796376, 0.8725874, 0.8341542, 0.7958866, 0.34434703]","[[185.97, 263.89, 62.59, 127.1], [133.24, 271.11, 54.09, 125.1], [238.09, 288.5, 30.24, 88.13], [279.45, 352.03, 25.68, 37.97], [1, 342.31, 6.06, 14.72]]"
3977,/home/pi/sambashare/BacArbeit/cocoval2017/000000076625.jpg,3.1723834489985165,"['0: person', '0: person', '0: person', '0: person', '0: person', '6: train', '26: handbag', '0: person', '9: traffic light', '0: person']","[0, 0, 0, 0, 0, 6, 26, 0, 9, 0]","[0.9230931, 0.8957348, 0.88403577, 0.85418415, 0.8090281, 0.7863436, 0.6533354, 0.43090072, 0.3966388, 0.31697792]","[[516.44, 342.05, 58.14, 137.78], [588.65, 338.49, 51.06, 141.51], [461.64, 324.29, 29.42, 75.44], [488.45, 325.56, 30.66, 76.48], [562.72, 326.51, 41.69, 123.15], [104.86, 173.33, 493.83, 293.83], [577.56, 427.31, 21.5, 34.21], [519.71, 327.28, 16.99, 22.42], [262.49, 170.81, 21.81, 31.84], [515.09, 333.14, 35.25, 61.2]]"
3978,/home/pi/sambashare/BacArbeit/cocoval2017/000000124798.jpg,3.1805871590004244,"['2: car', '7: truck', '5: bus', '2: car', '2: car', '2: car', '2: car', '2: car', '2: car', '0: person', '25: umbrella', '25: umbrella']","[2, 7, 5, 2, 2, 2, 2, 2, 2, 0, 25, 25]","[0.9229335, 0.9226134, 0.9138206, 0.9116312, 0.90213925, 0.9012655, 0.8905642, 0.74882174, 0.6084236, 0.60467225, 0.37743053, 0.3432657]","[[493.62, 313.28, 42.31, 27.4], [407.83, 300.76, 69.77, 53.41], [168.35, 239.68, 238.12, 124.79], [40.35, 298.64, 96.74, 72.8], [1, 295.0, 53.42, 80.17], [577.6, 310.71, 61.88, 115.4], [545.59, 312.83, 46.26, 33.45], [471.92, 314.04, 24.05, 21.73], [529.03, 313.21, 18.4, 19.82], [242.91, 275.94, 24.14, 19.27], [1, 271.09, 86.46, 18.66], [103.04, 277.3, 40.23, 14.35]]"
3979,/home/pi/sambashare/BacArbeit/cocoval2017/000000211069.jpg,3.1854376239989506,"['23: giraffe', '23: giraffe']","[23, 23]","[0.94615203, 0.7627401]","[[255.34, 198.14, 190.97, 205.51], [1, 226.7, 130.0, 161.05]]"
3980,/home/pi/sambashare/BacArbeit/cocoval2017/000000522638.jpg,3.183840636998866,"['16: dog', '77: teddy bear']","[16, 77]","[0.46505085, 0.2712726]","[[3.64, 1.62, 383.26, 424.18], [328.2, 8.28, 208.07, 417.57]]"
3981,/home/pi/sambashare/BacArbeit/cocoval2017/000000217948.jpg,3.1767726210000546,"['21: bear', '21: bear', '21: bear']","[21, 21, 21]","[0.94154, 0.84855455, 0.6291717]","[[220.66, 202.41, 374.21, 222.41], [274.98, 82.73, 364.34, 254.19], [360.57, 1, 278.26, 100.16]]"
3982,/home/pi/sambashare/BacArbeit/cocoval2017/000000025057.jpg,3.174888097000803,"['29: frisbee', '0: person', '0: person', '39: bottle']","[29, 0, 0, 39]","[0.9353384, 0.93104804, 0.8193358, 0.7050811]","[[327.85, 128.46, 91.19, 79.33], [96.58, 245.09, 47.4, 80.8], [129.05, 2.46, 235.93, 421.73], [408.54, 111.01, 19.83, 51.1]]"
3983,/home/pi/sambashare/BacArbeit/cocoval2017/000000472375.jpg,3.192062709998936,"['16: dog', '3: motorcycle', '3: motorcycle', '3: motorcycle']","[16, 3, 3, 3]","[0.8863393, 0.63397646, 0.602478, 0.35906082]","[[143.02, 236.52, 354.07, 318.4], [317.14, 194.22, 236.79, 230.78], [58.42, 58.63, 246.08, 377.23], [64.09, 56.24, 491.49, 490.1]]"
3984,/home/pi/sambashare/BacArbeit/cocoval2017/000000471567.jpg,3.190512980998392,['23: giraffe'],[23],[0.88262045],"[[159.85, 116.69, 339.38, 362.38]]"
3985,/home/pi/sambashare/BacArbeit/cocoval2017/000000125952.jpg,3.1757646030000615,['24: backpack'],[24],[0.7656845],"[[61.53, 346.17, 224.67, 242.78]]"
3986,/home/pi/sambashare/BacArbeit/cocoval2017/000000329219.jpg,3.1784607139998116,"['16: dog', '0: person', '44: spoon', '44: spoon', '43: knife', '44: spoon', '39: bottle', '44: spoon']","[16, 0, 44, 44, 43, 44, 39, 44]","[0.93121946, 0.84302795, 0.73476195, 0.5671998, 0.56706476, 0.53796905, 0.3088444, 0.27553746]","[[297.13, 252.86, 60.97, 108.76], [168.13, 2.87, 163.5, 340.95], [65.66, 1, 13.96, 48.44], [79.91, 1, 18.26, 38.1], [13.43, 1, 8.68, 39.49], [44.79, 1, 9.4, 47.89], [98.19, 124.4, 12.04, 15.94], [134.02, 73.04, 9.88, 32.58]]"
3987,/home/pi/sambashare/BacArbeit/cocoval2017/000000156924.jpg,3.1737631089999923,"['56: chair', '0: person', '74: clock', '39: bottle', '0: person', '65: remote', '65: remote', '65: remote', '65: remote']","[56, 0, 74, 39, 0, 65, 65, 65, 65]","[0.76045597, 0.7584445, 0.6329563, 0.627448, 0.5912531, 0.5266763, 0.3464271, 0.31150788, 0.2834522]","[[112.85, 228.91, 85.0, 104.03], [184.0, 92.6, 285.41, 240.26], [50.04, 1, 74.28, 20.73], [458.03, 281.18, 31.97, 51.75], [124.03, 47.54, 169.94, 281.09], [262.3, 163.48, 36.27, 35.67], [176.04, 305.19, 48.23, 23.46], [120.29, 142.0, 22.18, 17.1], [124.03, 153.42, 47.62, 29.8]]"
3988,/home/pi/sambashare/BacArbeit/cocoval2017/000000526103.jpg,3.1903899959997943,"['20: elephant', '20: elephant', '25: umbrella', '25: umbrella']","[20, 20, 25, 25]","[0.9558616, 0.92127734, 0.6750219, 0.35225716]","[[108.61, 76.48, 280.05, 245.81], [139.3, 405.53, 153.48, 74.1], [244.08, 1, 177.79, 82.18], [245.74, 1, 174.86, 34.99]]"
3989,/home/pi/sambashare/BacArbeit/cocoval2017/000000172083.jpg,3.1854535580005177,"['27: tie', '27: tie']","[27, 27]","[0.34346923, 0.28895187]","[[294.51, 1, 83.15, 177.33], [207.66, 1, 77.35, 199.78]]"
3990,/home/pi/sambashare/BacArbeit/cocoval2017/000000568290.jpg,3.1852729480015114,"['5: bus', '7: truck', '0: person', '1: bicycle', '0: person', '2: car', '0: person', '0: person']","[5, 7, 0, 1, 0, 2, 0, 0]","[0.9371687, 0.7459534, 0.68303776, 0.64411616, 0.63321185, 0.47606644, 0.34042686, 0.26261666]","[[193.53, 138.24, 277.94, 159.07], [544.97, 174.08, 68.16, 47.13], [297.25, 195.73, 33.99, 26.5], [561.0, 211.44, 11.39, 19.11], [559.8, 199.66, 12.52, 26.87], [539.08, 201.68, 25.14, 23.3], [470.34, 206.04, 12.19, 21.42], [513.0, 208.01, 13.83, 14.56]]"
3991,/home/pi/sambashare/BacArbeit/cocoval2017/000000579307.jpg,3.186446290999811,"['0: person', '0: person', '33: kite', '24: backpack']","[0, 0, 33, 24]","[0.93267995, 0.837622, 0.7631306, 0.3714874]","[[257.61, 226.93, 123.13, 413.01], [177.1, 166.02, 97.43, 218.08], [153.81, 289.29, 181.49, 186.4], [195.68, 209.27, 64.9, 44.29]]"
3992,/home/pi/sambashare/BacArbeit/cocoval2017/000000298738.jpg,3.1817415529985738,['21: bear'],[21],[0.5957356],"[[137.93, 141.52, 287.0, 479.46]]"
3993,/home/pi/sambashare/BacArbeit/cocoval2017/000000323496.jpg,3.185582259999137,"['0: person', '0: person', '38: tennis racket', '32: sports ball', '38: tennis racket', '0: person', '0: person', '0: person', '38: tennis racket', '0: person', '13: bench', '38: tennis racket', '13: bench']","[0, 0, 38, 32, 38, 0, 0, 0, 38, 0, 13, 38, 13]","[0.940242, 0.9130224, 0.90201384, 0.86911136, 0.8502029, 0.8409291, 0.7525221, 0.6867995, 0.677412, 0.66876525, 0.51593316, 0.44924077, 0.34874353]","[[253.74, 52.55, 206.36, 285.44], [84.81, 1, 37.54, 110.52], [137.26, 74.42, 129.56, 64.88], [20.69, 73.22, 21.54, 17.08], [71.33, 48.42, 22.37, 52.8], [228.45, 1, 45.36, 104.12], [191.13, 1, 35.29, 110.58], [326.4, 1, 43.97, 104.18], [186.68, 11.86, 17.83, 54.03], [145.16, 1, 30.91, 107.95], [406.2, 50.1, 93.43, 35.05], [230.58, 28.61, 46.61, 28.86], [440.75, 40.72, 58.92, 13.55]]"
3994,/home/pi/sambashare/BacArbeit/cocoval2017/000000527784.jpg,3.180866157001219,"['39: bottle', '39: bottle', '39: bottle', '42: fork', '44: spoon', '45: bowl', '44: spoon', '43: knife', '55: cake']","[39, 39, 39, 42, 44, 45, 44, 43, 55]","[0.9141653, 0.88614255, 0.8820539, 0.8501604, 0.75505817, 0.5568927, 0.46741953, 0.35313842, 0.26828733]","[[319.34, 76.64, 69.7, 176.94], [229.21, 55.76, 69.64, 187.75], [290.99, 14.93, 52.84, 187.3], [1, 248.67, 47.99, 62.36], [574.48, 1, 63.58, 85.11], [512.44, 99.14, 127.56, 85.07], [431.44, 61.72, 36.72, 48.75], [496.97, 192.53, 138.88, 52.73], [355.09, 212.64, 212.29, 138.8]]"
3995,/home/pi/sambashare/BacArbeit/cocoval2017/000000038829.jpg,3.169662756001344,"['1: bicycle', '3: motorcycle', '0: person', '0: person', '3: motorcycle', '0: person', '0: person', '0: person', '3: motorcycle']","[1, 3, 0, 0, 3, 0, 0, 0, 3]","[0.93438077, 0.9050528, 0.8860322, 0.8618489, 0.7859224, 0.7757728, 0.7604726, 0.7557434, 0.70650965]","[[99.97, 210.46, 331.58, 198.19], [1, 238.8, 107.79, 146.52], [445.25, 127.92, 95.56, 187.92], [581.71, 139.71, 57.47, 112.67], [385.4, 178.55, 249.45, 180.73], [220.01, 84.91, 133.06, 311.98], [411.71, 128.37, 40.83, 100.48], [312.91, 100.16, 98.46, 261.72], [531.5, 162.88, 95.28, 83.32]]"
3996,/home/pi/sambashare/BacArbeit/cocoval2017/000000382088.jpg,3.196711010999934,['17: horse'],[17],[0.9434979],"[[184.45, 73.27, 244.94, 352.73]]"
3997,/home/pi/sambashare/BacArbeit/cocoval2017/000000290768.jpg,3.193516945000738,"['41: cup', '41: cup', '41: cup', '39: bottle', '43: knife', '43: knife', '69: oven', '41: cup']","[41, 41, 41, 39, 43, 43, 69, 41]","[0.81023276, 0.7657547, 0.5178432, 0.51750225, 0.4835182, 0.33248112, 0.3248012, 0.28166163]","[[83.57, 193.95, 59.86, 71.56], [163.29, 192.36, 74.22, 74.98], [298.24, 181.31, 24.04, 51.24], [265.56, 150.31, 12.58, 42.34], [211.14, 100.79, 25.55, 42.04], [196.67, 94.61, 26.85, 47.18], [280.45, 249.2, 90.7, 214.04], [153.82, 190.64, 34.34, 65.69]]"
3998,/home/pi/sambashare/BacArbeit/cocoval2017/000000345027.jpg,3.185816765999334,"['3: motorcycle', '7: truck', '8: boat', '33: kite', '0: person', '33: kite', '8: boat', '8: boat', '8: boat']","[3, 7, 8, 33, 0, 33, 8, 8, 8]","[0.9271878, 0.83138067, 0.6333093, 0.61163145, 0.44379917, 0.4360342, 0.42588678, 0.4208236, 0.40529096]","[[366.15, 311.38, 85.54, 66.29], [150.07, 288.2, 125.67, 78.73], [224.5, 280.22, 65.95, 20.27], [310.11, 183.16, 16.59, 6.99], [371.0, 268.09, 7.44, 14.31], [307.45, 166.52, 4.74, 4.03], [332.65, 267.73, 41.59, 15.6], [301.88, 271.75, 47.87, 16.35], [279.68, 271.57, 45.71, 18.52]]"
3999,/home/pi/sambashare/BacArbeit/cocoval2017/000000541773.jpg,3.1872658999982377,"['40: wine glass', '0: person', '40: wine glass', '39: bottle', '40: wine glass', '39: bottle', '40: wine glass', '39: bottle', '56: chair', '39: bottle', '39: bottle', '60: dining table', '45: bowl', '15: cat', '40: wine glass']","[40, 0, 40, 39, 40, 39, 40, 39, 56, 39, 39, 60, 45, 15, 40]","[0.9194816, 0.90522015, 0.90056235, 0.8906245, 0.88712734, 0.8788228, 0.81132895, 0.76801187, 0.71874833, 0.68750215, 0.6524972, 0.6199936, 0.2940756, 0.29170862, 0.2822383]","[[253.74, 359.91, 51.04, 119.78], [266.48, 1, 315.73, 477.05], [142.5, 412.5, 55.19, 66.38], [174.87, 253.73, 46.75, 154.48], [282.12, 424.18, 55.27, 55.71], [220.13, 279.15, 48.22, 178.87], [302.47, 245.41, 28.62, 66.1], [139.06, 260.05, 51.09, 165.73], [549.27, 110.34, 90.13, 102.92], [321.14, 68.15, 11.53, 36.36], [272.56, 249.49, 42.46, 56.75], [3.39, 268.05, 382.94, 208.86], [31.28, 310.03, 88.83, 37.03], [582.33, 255.59, 57.25, 214.64], [251.77, 266.0, 28.8, 62.88]]"
4000,/home/pi/sambashare/BacArbeit/cocoval2017/000000170739.jpg,3.188891613001033,"['56: chair', '20: elephant', '20: elephant', '0: person', '20: elephant', '20: elephant']","[56, 20, 20, 0, 20, 20]","[0.83272177, 0.8167467, 0.81579685, 0.7620313, 0.59496653, 0.51910204]","[[302.98, 1, 177.04, 82.46], [1, 77.6, 304.62, 353.01], [469.38, 49.83, 167.96, 454.1], [126.52, 284.66, 31.32, 57.65], [209.3, 34.66, 274.94, 435.67], [619.18, 156.75, 20.53, 93.53]]"
4001,/home/pi/sambashare/BacArbeit/cocoval2017/000000065455.jpg,3.1819975599992176,"['23: giraffe', '0: person', '23: giraffe', '0: person', '0: person', '0: person', '0: person', '0: person', '0: person', '0: person']","[23, 0, 23, 0, 0, 0, 0, 0, 0, 0]","[0.80824083, 0.72867715, 0.7208967, 0.69447273, 0.52301306, 0.4359416, 0.38977158, 0.33744782, 0.28751948, 0.26485553]","[[76.93, 192.8, 158.17, 87.39], [347.27, 153.67, 133.79, 75.67], [1, 96.87, 313.32, 225.01], [372.83, 262.84, 126.18, 111.64], [389.07, 187.54, 110.65, 55.67], [383.78, 217.34, 115.7, 54.46], [437.95, 96.45, 35.66, 42.04], [466.83, 83.65, 33.02, 55.52], [395.16, 125.38, 32.33, 44.9], [439.33, 133.66, 48.51, 38.57]]"
4002,/home/pi/sambashare/BacArbeit/cocoval2017/000000435299.jpg,3.1960458119992836,"['14: bird', '59: bed', '56: chair']","[14, 59, 56]","[0.6633007, 0.57489955, 0.40695947]","[[270.72, 37.16, 149.09, 283.44], [2.1, 44.09, 637.9, 362.59], [585.78, 349.68, 53.81, 127.84]]"
4003,/home/pi/sambashare/BacArbeit/cocoval2017/000000310980.jpg,3.185277483000391,"['0: person', '63: laptop']","[0, 63]","[0.86328405, 0.51359636]","[[319.82, 154.17, 319.7, 271.89], [1.57, 54.69, 431.29, 370.77]]"
4004,/home/pi/sambashare/BacArbeit/cocoval2017/000000159399.jpg,3.176748112000496,"['0: person', '0: person', '0: person', '33: kite', '0: person', '0: person', '0: person']","[0, 0, 0, 33, 0, 0, 0]","[0.890005, 0.88448876, 0.79317003, 0.7784925, 0.77316207, 0.6276416, 0.6041285]","[[339.57, 278.7, 43.05, 114.23], [553.86, 312.12, 44.78, 52.2], [229.58, 331.22, 17.14, 19.11], [20.65, 35.34, 284.99, 56.86], [153.9, 331.35, 18.43, 19.24], [173.09, 338.94, 8.09, 11.3], [253.51, 334.11, 10.62, 16.06]]"
4005,/home/pi/sambashare/BacArbeit/cocoval2017/000000445439.jpg,3.1812651449999976,['22: zebra'],[22],[0.7214897],"[[1.3, 1, 511.1, 419.18]]"
4006,/home/pi/sambashare/BacArbeit/cocoval2017/000000475150.jpg,3.182815797999865,['23: giraffe'],[23],[0.89079946],"[[142.7, 49.43, 497.23, 374.51]]"
4007,/home/pi/sambashare/BacArbeit/cocoval2017/000000125245.jpg,3.1860206679994008,"['14: bird', '47: apple']","[14, 47]","[0.70625037, 0.51390684]","[[1, 163.61, 69.87, 141.79], [96.0, 153.47, 69.5, 60.93]]"
4008,/home/pi/sambashare/BacArbeit/cocoval2017/000000527960.jpg,3.180476228000771,['13: bench'],[13],[0.94126225],"[[213.13, 217.44, 329.5, 187.47]]"
4009,/home/pi/sambashare/BacArbeit/cocoval2017/000000569030.jpg,3.179564627000218,"['10: fire hydrant', '13: bench', '2: car', '0: person', '0: person', '0: person', '2: car', '0: person', '0: person', '5: bus', '7: truck', '9: traffic light', '0: person', '0: person', '0: person', '0: person', '9: traffic light']","[10, 13, 2, 0, 0, 0, 2, 0, 0, 5, 7, 9, 0, 0, 0, 0, 9]","[0.9001489, 0.873552, 0.7646844, 0.71268576, 0.7073106, 0.67118853, 0.66995126, 0.625105, 0.5454601, 0.50995517, 0.4697424, 0.4454242, 0.43595013, 0.41318747, 0.2932183, 0.2809981, 0.25134054]","[[283.41, 180.67, 68.34, 139.02], [1.2, 135.77, 172.7, 188.03], [426.01, 116.96, 51.93, 37.94], [377.69, 98.29, 15.98, 48.25], [258.97, 100.05, 14.04, 44.85], [246.31, 97.64, 16.53, 45.56], [459.55, 98.09, 40.19, 132.65], [29.68, 63.1, 80.32, 73.12], [282.34, 102.79, 14.24, 36.73], [1, 73.04, 60.11, 62.33], [159.41, 98.17, 53.56, 28.64], [205.46, 1, 20.18, 31.78], [295.34, 103.19, 14.57, 40.5], [474.41, 93.22, 10.93, 22.21], [331.47, 95.36, 15.67, 43.76], [216.97, 102.36, 13.76, 28.03], [297.95, 40.92, 14.97, 27.1]]"
4010,/home/pi/sambashare/BacArbeit/cocoval2017/000000495054.jpg,3.1800974070010852,"['4: airplane', '7: truck', '7: truck', '7: truck']","[4, 7, 7, 7]","[0.7752034, 0.654585, 0.38655177, 0.33558357]","[[14.89, 131.75, 612.47, 151.29], [395.8, 270.41, 105.68, 34.1], [1, 242.39, 57.53, 23.98], [80.71, 266.42, 58.88, 23.38]]"
4011,/home/pi/sambashare/BacArbeit/cocoval2017/000000376322.jpg,3.1852755439995235,"['41: cup', '44: spoon', '44: spoon', '41: cup', '42: fork', '40: wine glass', '41: cup', '39: bottle', '41: cup', '0: person', '0: person', '0: person', '0: person', '67: cell phone', '0: person', '41: cup', '44: spoon', '0: person', '0: person', '60: dining table', '0: person', '0: person', '0: person', '43: knife', '0: person', '0: person', '41: cup', '42: fork', '0: person']","[41, 44, 44, 41, 42, 40, 41, 39, 41, 0, 0, 0, 0, 67, 0, 41, 44, 0, 0, 60, 0, 0, 0, 43, 0, 0, 41, 42, 0]","[0.93849075, 0.9329834, 0.9214002, 0.90111935, 0.86543304, 0.75990945, 0.7247321, 0.7242372, 0.6899995, 0.6819746, 0.6424843, 0.6374722, 0.5802125, 0.57884294, 0.5759794, 0.568281, 0.56815255, 0.5606443, 0.5180954, 0.47940695, 0.46811727, 0.45846865, 0.34942877, 0.34750906, 0.3436706, 0.319612, 0.31866813, 0.28277585, 0.25092766]","[[370.99, 399.98, 51.2, 109.0], [390.31, 548.06, 78.21, 81.52], [337.65, 568.39, 45.88, 71.42], [194.03, 365.15, 49.72, 95.74], [57.84, 543.51, 203.76, 87.75], [429.0, 449.12, 48.74, 177.77], [163.31, 318.13, 27.7, 61.88], [202.65, 269.68, 36.3, 96.99], [245.09, 390.83, 65.59, 64.27], [335.7, 161.79, 127.12, 239.57], [229.78, 215.45, 75.14, 101.92], [400.79, 157.89, 76.85, 212.48], [1, 199.52, 76.01, 169.15], [39.88, 464.31, 124.49, 44.45], [413.15, 359.07, 64.52, 62.57], [232.06, 330.17, 28.21, 47.58], [81.21, 396.4, 114.53, 28.13], [99.09, 230.38, 43.68, 51.42], [237.24, 217.14, 121.23, 129.79], [8.39, 279.66, 469.61, 356.4], [206.12, 227.96, 35.71, 42.18], [324.99, 177.23, 45.81, 95.42], [52.97, 217.84, 56.32, 115.19], [319.09, 427.1, 56.82, 13.52], [1, 499.79, 57.12, 112.02], [289.68, 199.56, 28.8, 29.9], [389.71, 238.57, 35.4, 51.66], [108.12, 454.26, 87.89, 20.8], [125.33, 233.08, 27.1, 36.34]]"
4012,/home/pi/sambashare/BacArbeit/cocoval2017/000000268375.jpg,3.200110540999958,"['20: elephant', '17: horse', '20: elephant', '20: elephant', '20: elephant', '20: elephant', '18: sheep']","[20, 17, 20, 20, 20, 20, 18]","[0.9421648, 0.92064565, 0.7357312, 0.73165953, 0.5788511, 0.54057646, 0.4906838]","[[164.09, 216.43, 173.83, 135.68], [506.65, 83.49, 132.92, 241.29], [1, 104.09, 118.68, 257.51], [152.86, 83.53, 265.57, 263.34], [295.18, 386.37, 172.59, 37.23], [353.66, 105.56, 121.02, 229.75], [436.44, 378.85, 153.19, 44.9]]"
4013,/home/pi/sambashare/BacArbeit/cocoval2017/000000006894.jpg,3.1710642369998823,"['20: elephant', '20: elephant']","[20, 20]","[0.61900955, 0.5085134]","[[3.27, 86.33, 325.41, 391.81], [168.07, 20.79, 467.1, 453.61]]"
4014,/home/pi/sambashare/BacArbeit/cocoval2017/000000321118.jpg,3.18921633500031,"['63: laptop', '15: cat', '64: mouse']","[63, 15, 64]","[0.61468834, 0.58792806, 0.30566218]","[[103.93, 7.36, 463.86, 392.64], [89.88, 203.15, 170.29, 200.53], [514.2, 269.64, 121.54, 59.26]]"
4015,/home/pi/sambashare/BacArbeit/cocoval2017/000000221155.jpg,3.1728732579995267,"['19: cow', '19: cow', '74: clock', '19: cow', '19: cow', '0: person', '0: person', '0: person']","[19, 19, 74, 19, 19, 0, 0, 0]","[0.9225836, 0.9194595, 0.7252729, 0.6695225, 0.6053332, 0.44281146, 0.42192152, 0.30440313]","[[346.83, 347.97, 150.79, 97.57], [137.97, 342.89, 108.07, 88.52], [516.09, 27.0, 37.43, 43.02], [122.42, 328.77, 33.77, 28.04], [108.75, 323.93, 33.35, 29.27], [492.15, 155.89, 9.19, 25.48], [47.4, 312.47, 8.91, 15.88], [40.1, 305.45, 11.84, 22.99]]"
4016,/home/pi/sambashare/BacArbeit/cocoval2017/000000114907.jpg,3.1995536260001245,"['19: cow', '0: person', '0: person', '0: person', '0: person', '19: cow', '0: person', '0: person', '0: person', '0: person', '0: person', '0: person', '0: person', '0: person', '0: person', '0: person', '0: person', '0: person', '26: handbag', '0: person', '0: person', '0: person', '0: person', '0: person']","[19, 0, 0, 0, 0, 19, 0, 0, 0, 0, 0, 0, 0, 0, 0, 0, 0, 0, 26, 0, 0, 0, 0, 0]","[0.8811315, 0.8092525, 0.7893953, 0.76423657, 0.68431354, 0.6519295, 0.62550575, 0.619316, 0.5694772, 0.47974607, 0.46455586, 0.4033284, 0.39061984, 0.3862605, 0.3836686, 0.33693162, 0.31182563, 0.30405405, 0.29767624, 0.28625602, 0.28401873, 0.27117884, 0.26452085, 0.25884095]","[[203.51, 40.48, 370.32, 243.85], [264.91, 314.22, 105.77, 110.6], [1, 121.52, 75.81, 180.58], [327.86, 86.05, 102.91, 197.6], [38.98, 128.1, 77.4, 180.03], [618.18, 132.33, 21.63, 47.38], [503.7, 379.35, 73.62, 45.65], [34.13, 334.8, 88.28, 89.81], [245.28, 262.08, 170.98, 160.74], [1, 188.83, 19.09, 82.86], [585.48, 388.87, 54.2, 36.0], [1, 266.95, 50.14, 129.14], [1, 391.34, 38.46, 33.45], [126.24, 413.08, 72.02, 11.8], [441.79, 390.22, 66.98, 34.09], [451.45, 272.36, 66.4, 120.78], [193.35, 279.61, 79.2, 121.68], [150.48, 356.18, 61.58, 68.43], [93.94, 212.56, 21.99, 37.55], [80.53, 371.23, 76.8, 53.61], [407.78, 321.7, 72.11, 99.83], [346.47, 273.82, 82.0, 113.71], [606.01, 306.05, 33.3, 80.26], [369.76, 414.9, 70.91, 9.78]]"
4017,/home/pi/sambashare/BacArbeit/cocoval2017/000000578792.jpg,3.1813977590009017,"['3: motorcycle', '0: person']","[3, 0]","[0.8582705, 0.55684555]","[[172.0, 93.88, 422.19, 228.82], [140.19, 82.09, 348.99, 137.11]]"
4018,/home/pi/sambashare/BacArbeit/cocoval2017/000000006460.jpg,3.17801725299978,"['0: person', '37: surfboard']","[0, 37]","[0.8077257, 0.5962008]","[[276.32, 139.76, 55.66, 68.21], [271.84, 137.35, 14.83, 87.22]]"
4019,/home/pi/sambashare/BacArbeit/cocoval2017/000000276434.jpg,3.1922776869996596,"['55: cake', '44: spoon', '55: cake', '43: knife', '55: cake', '0: person']","[55, 44, 55, 43, 55, 0]","[0.88071156, 0.82098436, 0.81697905, 0.81382847, 0.7891221, 0.6130684]","[[128.97, 225.0, 243.54, 178.2], [477.35, 283.13, 36.34, 57.54], [134.99, 108.83, 176.48, 126.75], [324.18, 198.69, 69.37, 55.22], [1, 97.04, 146.84, 120.71], [353.89, 1.67, 284.12, 330.09]]"
4020,/home/pi/sambashare/BacArbeit/cocoval2017/000000353518.jpg,3.1732780239999556,"['8: boat', '8: boat', '8: boat', '8: boat', '8: boat', '8: boat']","[8, 8, 8, 8, 8, 8]","[0.74050456, 0.73197794, 0.6721374, 0.5626003, 0.54413414, 0.5141361]","[[151.8, 144.32, 129.08, 36.26], [491.4, 132.75, 91.65, 71.37], [249.11, 147.39, 160.52, 44.74], [423.44, 136.43, 81.46, 55.21], [573.88, 139.57, 36.84, 14.83], [39.07, 141.5, 122.24, 32.9]]"
4021,/home/pi/sambashare/BacArbeit/cocoval2017/000000009891.jpg,3.184442890000355,"['0: person', '28: suitcase', '28: suitcase', '2: car', '0: person', '24: backpack', '2: car', '24: backpack', '24: backpack', '2: car']","[0, 28, 28, 2, 0, 24, 2, 24, 24, 2]","[0.92857873, 0.87001854, 0.8501737, 0.8321377, 0.79082817, 0.7362737, 0.60097444, 0.53989774, 0.48353878, 0.3623202]","[[206.38, 94.14, 140.13, 324.12], [160.28, 243.02, 150.44, 158.02], [418.64, 244.3, 73.93, 85.24], [346.83, 89.87, 291.73, 221.79], [75.8, 102.86, 126.75, 193.45], [415.13, 293.79, 76.13, 86.26], [197.33, 137.7, 44.63, 53.51], [342.21, 287.38, 90.44, 85.34], [332.64, 309.81, 45.75, 63.65], [198.23, 104.04, 166.58, 125.88]]"
4022,/home/pi/sambashare/BacArbeit/cocoval2017/000000520832.jpg,3.187615486998766,"['0: person', '26: handbag']","[0, 26]","[0.8395369, 0.58857274]","[[243.19, 219.76, 135.43, 228.19], [275.76, 263.05, 70.71, 134.92]]"
4023,/home/pi/sambashare/BacArbeit/cocoval2017/000000293794.jpg,3.187653438999405,"['0: person', '0: person', '0: person', '0: person', '46: banana', '46: banana', '46: banana', '46: banana', '0: person', '46: banana', '46: banana', '46: banana', '0: person', '46: banana', '46: banana', '46: banana', '46: banana', '46: banana', '46: banana', '46: banana']","[0, 0, 0, 0, 46, 46, 46, 46, 0, 46, 46, 46, 0, 46, 46, 46, 46, 46, 46, 46]","[0.8947094, 0.8697476, 0.86891353, 0.7971046, 0.61308426, 0.56832975, 0.5628659, 0.5608571, 0.48631698, 0.4638619, 0.42709103, 0.40052733, 0.37467816, 0.34254342, 0.33934778, 0.3242419, 0.32337296, 0.2993509, 0.26923442, 0.2593156]","[[1, 249.82, 34.93, 287.2], [264.11, 244.86, 130.59, 108.53], [97.33, 294.14, 76.08, 78.48], [229.43, 284.92, 23.26, 67.42], [1, 569.16, 124.28, 70.63], [46.48, 523.09, 129.12, 115.17], [332.8, 538.25, 94.3, 101.56], [238.21, 536.86, 98.92, 102.61], [252.02, 287.74, 20.21, 37.74], [132.17, 500.4, 108.47, 85.32], [165.94, 552.13, 75.73, 87.74], [158.18, 409.42, 83.32, 101.3], [33.07, 319.72, 87.73, 166.27], [292.06, 449.21, 78.65, 83.58], [373.67, 470.81, 53.54, 74.84], [310.64, 361.36, 70.51, 50.74], [209.4, 466.35, 85.3, 88.3], [105.88, 450.44, 77.42, 72.91], [237.12, 350.88, 73.94, 63.23], [239.98, 485.9, 110.28, 82.04]]"
4024,/home/pi/sambashare/BacArbeit/cocoval2017/000000488166.jpg,3.1682186590005585,"['0: person', '56: chair', '56: chair', '60: dining table', '56: chair', '45: bowl']","[0, 56, 56, 60, 56, 45]","[0.88496464, 0.56131566, 0.537054, 0.49133918, 0.46689472, 0.3967655]","[[140.21, 106.03, 219.36, 402.36], [195.45, 355.11, 70.12, 140.28], [155.88, 350.34, 90.06, 146.65], [1, 488.03, 358.44, 151.97], [72.89, 261.4, 113.65, 236.57], [1, 432.17, 101.12, 114.08]]"
4025,/home/pi/sambashare/BacArbeit/cocoval2017/000000171190.jpg,3.1727657450010156,"['40: wine glass', '39: bottle', '0: person', '39: bottle', '39: bottle', '0: person', '0: person', '0: person', '40: wine glass', '0: person', '39: bottle', '0: person', '39: bottle', '40: wine glass', '40: wine glass', '39: bottle', '60: dining table', '0: person', '40: wine glass', '0: person', '15: cat', '40: wine glass', '39: bottle', '0: person', '40: wine glass', '41: cup', '40: wine glass', '0: person', '39: bottle', '40: wine glass', '43: knife', '39: bottle']","[40, 39, 0, 39, 39, 0, 0, 0, 40, 0, 39, 0, 39, 40, 40, 39, 60, 0, 40, 0, 15, 40, 39, 0, 40, 41, 40, 0, 39, 40, 43, 39]","[0.899257, 0.8893269, 0.80560535, 0.78923124, 0.787438, 0.78047043, 0.77942705, 0.7626102, 0.7533828, 0.7398987, 0.7386524, 0.7118805, 0.71095073, 0.6983751, 0.6772525, 0.6158792, 0.61393636, 0.5705508, 0.5671482, 0.53236455, 0.5147557, 0.5144401, 0.51161546, 0.48074558, 0.44874287, 0.36300817, 0.34457457, 0.31808814, 0.31071413, 0.2881704, 0.2862684, 0.2713172]","[[442.84, 330.29, 31.89, 58.24], [415.05, 233.93, 36.5, 136.5], [197.54, 145.0, 74.92, 86.78], [171.28, 201.17, 21.17, 73.87], [310.68, 249.71, 27.05, 95.58], [262.54, 138.5, 77.73, 128.67], [493.71, 140.37, 114.18, 186.25], [115.63, 140.79, 85.09, 99.5], [446.71, 262.45, 32.27, 73.2], [323.29, 144.63, 73.48, 122.13], [269.79, 206.45, 19.1, 57.1], [394.26, 124.5, 104.3, 149.39], [197.77, 215.69, 22.74, 75.07], [41.68, 224.77, 35.39, 43.44], [1, 157.01, 25.53, 37.91], [357.02, 225.56, 25.13, 50.27], [137.02, 228.7, 486.09, 250.86], [1.23, 185.75, 114.03, 162.1], [400.47, 138.6, 15.44, 29.18], [1, 273.04, 293.33, 206.96], [181.35, 450.75, 162.92, 28.96], [40.03, 187.78, 10.7, 20.12], [342.57, 272.21, 51.06, 98.12], [52.92, 144.77, 85.61, 172.21], [1, 281.99, 13.3, 64.1], [289.71, 278.54, 16.15, 32.92], [588.03, 191.7, 21.2, 41.03], [53.05, 144.52, 67.32, 96.78], [328.84, 249.51, 23.4, 94.92], [345.45, 162.26, 14.99, 20.9], [258.04, 317.89, 51.12, 11.8], [208.88, 213.15, 19.86, 74.05]]"
4026,/home/pi/sambashare/BacArbeit/cocoval2017/000000168458.jpg,3.1941985610010306,"['75: vase', '75: vase', '58: potted plant', '60: dining table']","[75, 75, 58, 60]","[0.9377149, 0.91747934, 0.5656976, 0.2661752]","[[129.57, 334.32, 63.25, 201.87], [231.45, 355.88, 111.24, 188.32], [4.35, 3.65, 344.44, 537.05], [10.56, 502.07, 391.63, 136.67]]"
4027,/home/pi/sambashare/BacArbeit/cocoval2017/000000498919.jpg,3.1752777460005746,"['0: person', '0: person']","[0, 0]","[0.74430335, 0.33295292]","[[359.03, 1, 72.42, 36.81], [1, 1, 17.15, 38.14]]"
4028,/home/pi/sambashare/BacArbeit/cocoval2017/000000078170.jpg,3.174698611999702,"['0: person', '0: person', '39: bottle', '26: handbag', '67: cell phone', '26: handbag', '26: handbag', '67: cell phone', '67: cell phone', '6: train']","[0, 0, 39, 26, 67, 26, 26, 67, 67, 6]","[0.886721, 0.872465, 0.7967928, 0.41752687, 0.366667, 0.36284778, 0.35932446, 0.3332085, 0.3173191, 0.28868204]","[[497.16, 205.37, 127.45, 227.51], [1, 256.95, 237.68, 283.9], [575.19, 348.89, 23.3, 63.84], [217.74, 419.55, 68.22, 51.6], [56.75, 432.38, 41.78, 18.82], [3.05, 431.21, 113.44, 93.34], [157.15, 419.62, 131.81, 72.54], [60.64, 315.87, 26.89, 15.05], [499.99, 288.94, 21.48, 32.93], [5.38, 41.85, 634.62, 593.81]]"
4029,/home/pi/sambashare/BacArbeit/cocoval2017/000000404839.jpg,3.184765157999209,"['0: person', '65: remote', '58: potted plant', '65: remote', '0: person', '65: remote', '65: remote']","[0, 65, 58, 65, 0, 65, 65]","[0.9123136, 0.63310105, 0.6147522, 0.3732537, 0.3007743, 0.28798214, 0.25529966]","[[1, 115.71, 227.33, 524.29], [211.89, 352.79, 42.81, 65.41], [26.28, 78.6, 61.38, 136.25], [1, 261.99, 35.23, 45.02], [52.06, 122.38, 374.94, 517.62], [212.17, 352.7, 27.42, 44.94], [1, 234.15, 125.36, 73.64]]"
4030,/home/pi/sambashare/BacArbeit/cocoval2017/000000038825.jpg,3.1885928949996014,"['22: zebra', '22: zebra']","[22, 22]","[0.772511, 0.59424865]","[[333.52, 5.24, 306.48, 378.86], [109.76, 1, 388.45, 381.32]]"
4031,/home/pi/sambashare/BacArbeit/cocoval2017/000000120572.jpg,3.1927380859997356,"['74: clock', '13: bench']","[74, 13]","[0.82732034, 0.76933104]","[[132.82, 124.38, 16.77, 21.83], [466.59, 264.68, 46.55, 17.46]]"
4032,/home/pi/sambashare/BacArbeit/cocoval2017/000000090003.jpg,3.18279437000092,"['29: frisbee', '16: dog', '16: dog']","[29, 16, 16]","[0.9323171, 0.9103766, 0.859461]","[[135.21, 247.27, 54.81, 27.96], [218.61, 203.43, 273.36, 165.28], [137.5, 203.15, 188.6, 126.43]]"
4033,/home/pi/sambashare/BacArbeit/cocoval2017/000000049259.jpg,3.1930012210013956,"['0: person', '37: surfboard', '13: bench']","[0, 37, 13]","[0.942174, 0.41289023, 0.32586128]","[[166.48, 56.35, 119.19, 74.51], [60.46, 406.35, 274.71, 159.29], [53.59, 276.9, 368.33, 359.55]]"
4034,/home/pi/sambashare/BacArbeit/cocoval2017/000000393115.jpg,3.1690054350001446,"['36: skateboard', '0: person']","[36, 0]","[0.7829632, 0.2691462]","[[55.07, 143.32, 517.01, 427.47], [172.17, 2.38, 429.46, 397.5]]"
4035,/home/pi/sambashare/BacArbeit/cocoval2017/000000301981.jpg,3.1835205600000336,['23: giraffe'],[23],[0.743937],"[[181.49, 128.05, 359.44, 255.05]]"
4036,/home/pi/sambashare/BacArbeit/cocoval2017/000000253002.jpg,3.1904320579997147,"['6: train', '16: dog']","[6, 16]","[0.40741214, 0.2939315]","[[1, 5.16, 634.61, 419.68], [240.11, 1, 148.17, 84.41]]"
4037,/home/pi/sambashare/BacArbeit/cocoval2017/000000135410.jpg,3.1765891989998636,"['12: parking meter', '0: person', '2: car', '2: car', '2: car', '3: motorcycle', '3: motorcycle', '1: bicycle', '3: motorcycle', '11: stop sign', '9: traffic light']","[12, 0, 2, 2, 2, 3, 3, 1, 3, 11, 9]","[0.8828303, 0.8256703, 0.78068084, 0.6413557, 0.61269957, 0.55535066, 0.34087592, 0.31304342, 0.29513627, 0.27121127, 0.27024856]","[[46.35, 215.08, 141.16, 327.71], [213.13, 199.12, 67.36, 149.83], [1, 226.86, 48.24, 86.05], [336.34, 216.79, 137.64, 103.11], [1, 217.72, 69.32, 57.37], [160.28, 229.65, 214.5, 125.56], [311.36, 289.58, 56.48, 70.34], [1, 528.7, 99.66, 110.76], [256.08, 271.59, 58.76, 57.97], [278.56, 185.91, 61.55, 58.43], [297.37, 99.86, 65.69, 65.29]]"
4038,/home/pi/sambashare/BacArbeit/cocoval2017/000000295713.jpg,3.208379083998807,"['0: person', '0: person', '26: handbag', '0: person', '13: bench', '0: person', '0: person', '0: person', '13: bench']","[0, 0, 26, 0, 13, 0, 0, 0, 13]","[0.918698, 0.89478654, 0.8697163, 0.716758, 0.70975304, 0.6336517, 0.5842869, 0.58219266, 0.44749334]","[[409.38, 102.0, 121.82, 272.32], [93.35, 69.58, 154.92, 302.01], [378.35, 190.35, 72.9, 71.27], [551.25, 11.84, 60.64, 57.82], [52.65, 240.33, 194.45, 123.29], [543.34, 1, 38.93, 67.18], [528.13, 44.64, 27.23, 26.86], [603.27, 1, 19.92, 37.7], [353.63, 253.32, 280.95, 119.91]]"
4039,/home/pi/sambashare/BacArbeit/cocoval2017/000000191013.jpg,3.1899877060004656,"['7: truck', '2: car', '2: car', '74: clock', '2: car', '2: car', '0: person', '2: car', '0: person']","[7, 2, 2, 74, 2, 2, 0, 2, 0]","[0.9271488, 0.9269289, 0.9132547, 0.873003, 0.8565315, 0.45324135, 0.36922035, 0.28992772, 0.27391028]","[[127.12, 523.63, 133.65, 82.65], [311.13, 548.14, 125.67, 63.32], [46.82, 550.06, 176.51, 89.68], [142.05, 208.08, 188.12, 194.49], [451.4, 569.89, 22.39, 36.91], [1, 565.34, 8.31, 49.02], [366.35, 562.62, 10.93, 13.49], [86.04, 549.26, 25.81, 16.27], [64.29, 549.66, 19.92, 31.91]]"
4040,/home/pi/sambashare/BacArbeit/cocoval2017/000000259854.jpg,3.193333900999278,"['11: stop sign', '0: person']","[11, 0]","[0.50990325, 0.2762412]","[[1.21, 1.12, 163.3, 130.69], [209.8, 449.26, 41.16, 30.58]]"
4041,/home/pi/sambashare/BacArbeit/cocoval2017/000000159977.jpg,3.194279009001548,"['23: giraffe', '22: zebra']","[23, 22]","[0.9471704, 0.9046958]","[[330.34, 54.32, 191.24, 283.44], [199.98, 226.46, 47.12, 87.79]]"
4042,/home/pi/sambashare/BacArbeit/cocoval2017/000000015440.jpg,3.183190399999148,"['11: stop sign', '7: truck', '7: truck']","[11, 7, 7]","[0.9279547, 0.850026, 0.45021978]","[[117.27, 111.34, 107.5, 109.99], [196.4, 182.28, 69.91, 77.19], [112.95, 188.03, 31.89, 67.28]]"
4043,/home/pi/sambashare/BacArbeit/cocoval2017/000000379453.jpg,3.1790956610002468,['4: airplane'],[4],[0.9479145],"[[119.44, 124.91, 232.75, 183.42]]"
4044,/home/pi/sambashare/BacArbeit/cocoval2017/000000047819.jpg,3.1839403659996606,"['0: person', '28: suitcase', '28: suitcase', '17: horse']","[0, 28, 28, 17]","[0.9187387, 0.7844378, 0.78207433, 0.75253975]","[[40.26, 86.92, 82.15, 222.46], [227.14, 61.39, 85.32, 61.66], [217.57, 99.53, 81.85, 51.25], [121.73, 92.6, 357.96, 235.6]]"
4045,/home/pi/sambashare/BacArbeit/cocoval2017/000000513524.jpg,3.1717029490009736,"['0: person', '37: surfboard']","[0, 37]","[0.94323534, 0.8196481]","[[289.22, 14.43, 213.76, 325.29], [148.34, 295.16, 295.8, 70.22]]"
4046,/home/pi/sambashare/BacArbeit/cocoval2017/000000110999.jpg,3.174880884000231,"['41: cup', '62: tv', '45: bowl']","[41, 62, 45]","[0.7782165, 0.4642036, 0.36591604]","[[273.7, 353.29, 84.87, 89.33], [111.57, 100.11, 161.66, 220.55], [35.24, 332.47, 212.47, 154.35]]"
4047,/home/pi/sambashare/BacArbeit/cocoval2017/000000540928.jpg,3.1872234370002843,"['16: dog', '8: boat']","[16, 8]","[0.7766744, 0.2686361]","[[224.24, 1.25, 328.59, 295.42], [1, 8.4, 638.95, 438.62]]"
4048,/home/pi/sambashare/BacArbeit/cocoval2017/000000039670.jpg,3.1868082139990292,['6: train'],[6],[0.7522762],"[[50.57, 98.41, 511.31, 359.8]]"
4049,/home/pi/sambashare/BacArbeit/cocoval2017/000000058636.jpg,3.1789136299994425,[],[],[],[]
4050,/home/pi/sambashare/BacArbeit/cocoval2017/000000301718.jpg,3.194109395000851,"['0: person', '43: knife', '39: bottle', '0: person', '45: bowl', '39: bottle', '60: dining table', '39: bottle', '24: backpack']","[0, 43, 39, 0, 45, 39, 60, 39, 24]","[0.9373548, 0.9180837, 0.9173261, 0.8817346, 0.75980055, 0.6684722, 0.47138867, 0.2883496, 0.25710103]","[[1, 20.53, 215.05, 263.73], [21.49, 486.37, 38.47, 153.61], [153.63, 209.27, 59.73, 181.09], [308.45, 1, 170.39, 346.71], [73.08, 313.87, 83.38, 51.07], [28.0, 271.97, 44.79, 103.5], [3.73, 260.18, 475.26, 370.75], [1, 301.98, 61.79, 183.77], [365.54, 188.18, 82.59, 83.83]]"
4051,/home/pi/sambashare/BacArbeit/cocoval2017/000000090891.jpg,3.1838660780013015,"['0: person', '0: person', '0: person', '0: person', '0: person', '46: banana', '27: tie', '46: banana']","[0, 0, 0, 0, 0, 46, 27, 46]","[0.9277519, 0.8642198, 0.8252253, 0.5806834, 0.34005982, 0.31012294, 0.29953927, 0.29162896]","[[239.4, 181.11, 125.71, 226.18], [49.29, 114.52, 116.09, 316.48], [142.31, 190.74, 92.68, 184.58], [513.68, 142.57, 95.01, 234.03], [428.17, 180.86, 109.61, 184.95], [551.68, 317.49, 87.87, 56.53], [129.31, 177.81, 7.6, 23.0], [365.74, 346.93, 244.61, 83.64]]"
4052,/home/pi/sambashare/BacArbeit/cocoval2017/000000011149.jpg,3.1860750629984977,"['1: bicycle', '0: person', '1: bicycle', '3: motorcycle', '26: handbag', '0: person']","[1, 0, 1, 3, 26, 0]","[0.93316936, 0.89508086, 0.8516338, 0.85143936, 0.4666944, 0.46343735]","[[196.87, 92.47, 224.71, 182.99], [413.76, 2.95, 85.93, 309.02], [83.37, 61.17, 118.55, 166.69], [1, 99.18, 139.34, 251.27], [337.85, 95.13, 59.05, 63.33], [1, 1, 93.42, 126.44]]"
4053,/home/pi/sambashare/BacArbeit/cocoval2017/000000003845.jpg,3.192196699001215,"['41: cup', '42: fork', '56: chair', '50: broccoli', '60: dining table', '50: broccoli']","[41, 42, 56, 50, 60, 50]","[0.91451, 0.8285477, 0.7966021, 0.70264494, 0.36281317, 0.27895966]","[[108.65, 1, 76.69, 54.73], [133.6, 44.48, 288.39, 48.64], [450.17, 1, 49.44, 69.82], [119.63, 205.23, 61.98, 67.02], [2.38, 1, 494.25, 363.1], [172.63, 184.93, 99.2, 77.15]]"
4054,/home/pi/sambashare/BacArbeit/cocoval2017/000000472046.jpg,3.1927379709995876,"['57: couch', '56: chair', '75: vase', '71: sink', '56: chair', '58: potted plant', '56: chair', '75: vase', '60: dining table', '60: dining table', '58: potted plant', '75: vase', '43: knife', '56: chair', '69: oven', '56: chair', '75: vase']","[57, 56, 75, 71, 56, 58, 56, 75, 60, 60, 58, 75, 43, 56, 69, 56, 75]","[0.8946572, 0.85104185, 0.75962144, 0.73358107, 0.6708467, 0.5550584, 0.55386215, 0.5499233, 0.5265805, 0.4720307, 0.4492637, 0.3617844, 0.34720728, 0.33859292, 0.31225255, 0.2875209, 0.25448507]","[[287.1, 229.19, 188.56, 83.14], [61.57, 263.58, 63.16, 86.97], [227.92, 324.67, 57.62, 62.65], [519.72, 271.01, 119.56, 59.82], [183.86, 246.44, 45.76, 55.1], [209.13, 283.97, 83.71, 102.52], [79.93, 251.28, 21.83, 28.7], [276.92, 250.16, 19.45, 14.82], [181.4, 276.06, 442.08, 148.74], [93.87, 246.0, 111.45, 94.96], [138.55, 234.74, 30.04, 31.23], [148.04, 251.43, 16.95, 13.84], [349.97, 379.62, 58.24, 25.74], [189.84, 243.29, 26.7, 31.96], [348.6, 325.53, 238.89, 98.21], [70.48, 256.27, 25.85, 27.39], [280.69, 242.22, 20.03, 21.72]]"
4055,/home/pi/sambashare/BacArbeit/cocoval2017/000000480842.jpg,3.1739403730007325,"['23: giraffe', '23: giraffe']","[23, 23]","[0.44647175, 0.37649754]","[[228.82, 4.14, 317.56, 462.93], [68.31, 214.78, 73.19, 244.28]]"
4056,/home/pi/sambashare/BacArbeit/cocoval2017/000000354829.jpg,3.169183661000716,['2: car'],[2],[0.867602],"[[82.52, 80.87, 291.46, 157.83]]"
4057,/home/pi/sambashare/BacArbeit/cocoval2017/000000050149.jpg,3.1861875009999494,"['46: banana', '46: banana', '46: banana', '46: banana', '46: banana', '46: banana', '46: banana', '45: bowl']","[46, 46, 46, 46, 46, 46, 46, 45]","[0.77741796, 0.7643535, 0.66453725, 0.64651066, 0.63575524, 0.6270119, 0.5592075, 0.42970914]","[[402.28, 59.41, 74.26, 117.65], [178.36, 39.19, 82.6, 160.34], [251.9, 41.25, 80.63, 151.33], [130.25, 187.19, 96.12, 165.88], [327.11, 50.74, 77.82, 125.23], [97.52, 37.18, 83.18, 157.36], [417.0, 172.27, 82.56, 122.79], [406.67, 338.33, 91.24, 36.68]]"
4058,/home/pi/sambashare/BacArbeit/cocoval2017/000000154425.jpg,3.178331643999627,"['0: person', '33: kite', '33: kite']","[0, 33, 33]","[0.9077376, 0.46371973, 0.40141878]","[[147.02, 3.67, 256.36, 420.08], [360.68, 151.64, 249.8, 205.84], [360.2, 150.41, 116.91, 117.22]]"
4059,/home/pi/sambashare/BacArbeit/cocoval2017/000000155154.jpg,3.189270625998688,['71: sink'],[71],[0.32742953],"[[79.96, 272.1, 105.64, 74.41]]"
4060,/home/pi/sambashare/BacArbeit/cocoval2017/000000492758.jpg,3.179945117000898,"['56: chair', '57: couch', '56: chair', '56: chair', '56: chair', '75: vase', '58: potted plant', '65: remote', '58: potted plant', '58: potted plant', '75: vase', '75: vase']","[56, 57, 56, 56, 56, 75, 58, 65, 58, 58, 75, 75]","[0.93552643, 0.9230789, 0.87906134, 0.87034833, 0.86432594, 0.7383089, 0.53416336, 0.4260432, 0.38997018, 0.37832892, 0.29905808, 0.2882476]","[[544.73, 202.2, 95.07, 126.67], [368.67, 348.6, 269.8, 77.43], [50.51, 195.66, 144.61, 124.72], [1, 209.13, 145.35, 209.31], [432.6, 190.06, 90.82, 113.9], [200.88, 184.33, 16.71, 25.35], [261.68, 174.62, 34.86, 35.75], [449.84, 316.69, 29.94, 13.61], [188.57, 152.11, 40.51, 57.18], [263.41, 192.61, 19.32, 18.23], [297.63, 192.62, 14.42, 16.86], [479.83, 289.1, 21.68, 36.93]]"
4061,/home/pi/sambashare/BacArbeit/cocoval2017/000000190753.jpg,3.207884142999319,"['13: bench', '0: person', '13: bench', '0: person', '28: suitcase', '0: person', '0: person', '0: person', '13: bench', '13: bench', '0: person', '56: chair', '0: person', '13: bench', '0: person', '0: person', '41: cup', '56: chair', '41: cup']","[13, 0, 13, 0, 28, 0, 0, 0, 13, 13, 0, 56, 0, 13, 0, 0, 41, 56, 41]","[0.8892638, 0.8710437, 0.8692066, 0.868317, 0.85988, 0.85761815, 0.8124837, 0.8082248, 0.7610913, 0.7482124, 0.669703, 0.6144048, 0.5726782, 0.5391733, 0.44475764, 0.3369623, 0.3126014, 0.2871651, 0.27216095]","[[56.43, 264.51, 90.45, 49.75], [222.88, 253.66, 109.34, 142.45], [231.89, 289.89, 168.83, 142.5], [224.26, 248.47, 46.17, 66.86], [382.78, 312.41, 72.7, 90.89], [353.77, 226.96, 34.13, 42.63], [342.05, 250.58, 44.01, 60.58], [166.76, 250.23, 64.19, 158.46], [313.37, 244.97, 41.19, 29.27], [125.24, 260.89, 58.31, 42.2], [507.31, 222.47, 22.81, 24.75], [1, 442.32, 171.83, 35.21], [587.92, 218.61, 18.38, 18.51], [430.37, 255.57, 94.96, 85.71], [611.46, 232.05, 16.07, 20.62], [634.2, 236.28, 5.65, 16.75], [227.07, 312.89, 9.69, 17.46], [150.36, 305.85, 98.87, 92.99], [238.58, 313.43, 9.75, 17.81]]"
4062,/home/pi/sambashare/BacArbeit/cocoval2017/000000410428.jpg,3.1872299590013426,"['18: sheep', '18: sheep', '18: sheep', '18: sheep', '18: sheep', '18: sheep', '18: sheep', '18: sheep', '18: sheep', '18: sheep', '18: sheep', '18: sheep', '18: sheep', '18: sheep']","[18, 18, 18, 18, 18, 18, 18, 18, 18, 18, 18, 18, 18, 18]","[0.9351223, 0.89462674, 0.8658601, 0.7491564, 0.6318977, 0.6001489, 0.5576752, 0.5219782, 0.4461788, 0.41725403, 0.35308766, 0.26604807, 0.26519725, 0.2599189]","[[329.71, 169.69, 163.44, 148.52], [4.72, 159.22, 243.08, 257.1], [221.28, 195.06, 124.43, 139.06], [304.62, 134.04, 31.22, 31.18], [209.67, 144.6, 11.95, 15.66], [19.27, 130.47, 12.44, 8.51], [142.52, 134.17, 20.87, 9.93], [402.18, 112.57, 7.44, 6.18], [362.44, 111.9, 15.22, 11.99], [389.15, 105.52, 10.16, 7.94], [447.76, 99.05, 17.57, 13.16], [346.77, 119.9, 6.37, 5.09], [162.89, 134.15, 8.36, 7.4], [324.05, 123.66, 9.17, 4.84]]"
4063,/home/pi/sambashare/BacArbeit/cocoval2017/000000520531.jpg,3.196446576001108,"['65: remote', '15: cat', '0: person', '65: remote', '73: book', '73: book', '73: book', '73: book', '73: book', '73: book']","[65, 15, 0, 65, 73, 73, 73, 73, 73, 73]","[0.9203422, 0.9185146, 0.8619745, 0.832379, 0.5165173, 0.45594, 0.3117214, 0.26999897, 0.26668358, 0.25079444]","[[112.35, 344.55, 153.91, 56.47], [219.38, 103.17, 344.83, 363.48], [1, 89.06, 141.62, 239.55], [22.33, 309.76, 75.7, 40.77], [507.57, 163.77, 25.45, 70.44], [559.84, 169.44, 23.57, 71.89], [488.88, 91.49, 23.34, 53.9], [612.74, 1, 24.28, 55.2], [540.01, 184.87, 24.44, 57.13], [575.97, 173.05, 23.35, 68.49]]"
4064,/home/pi/sambashare/BacArbeit/cocoval2017/000000512929.jpg,3.1844977170003403,"['0: person', '0: person', '44: spoon', '41: cup', '62: tv', '45: bowl', '44: spoon']","[0, 0, 44, 41, 62, 45, 44]","[0.93311936, 0.85849214, 0.77798694, 0.6419457, 0.4941384, 0.4830389, 0.25961483]","[[277.64, 60.16, 313.79, 453.28], [32.77, 93.97, 267.77, 392.4], [282.38, 377.12, 116.77, 193.38], [504.05, 346.72, 88.15, 243.32], [19.21, 67.78, 52.51, 173.98], [20.09, 536.6, 100.77, 55.7], [219.95, 467.99, 98.19, 122.58]]"
4065,/home/pi/sambashare/BacArbeit/cocoval2017/000000570539.jpg,3.1971588430005795,"['0: person', '0: person', '0: person', '0: person']","[0, 0, 0, 0]","[0.8340739, 0.8054772, 0.7622746, 0.73649603]","[[1, 372.07, 95.71, 127.56], [142.7, 130.7, 132.9, 177.17], [1, 100.5, 68.08, 164.63], [35.84, 148.59, 59.47, 93.25]]"
4066,/home/pi/sambashare/BacArbeit/cocoval2017/000000055528.jpg,3.180342734000078,"['65: remote', '65: remote', '0: person']","[65, 65, 0]","[0.91646606, 0.8988251, 0.49841517]","[[549.49, 421.34, 89.38, 58.57], [512.8, 421.05, 76.32, 58.66], [101.12, 6.62, 469.41, 473.38]]"
4067,/home/pi/sambashare/BacArbeit/cocoval2017/000000464522.jpg,3.174284026999885,['16: dog'],[16],[0.9384582],"[[1.96, 105.33, 330.02, 402.96]]"
4068,/home/pi/sambashare/BacArbeit/cocoval2017/000000502732.jpg,3.182036865000555,['72: refrigerator'],[72],[0.8077865],"[[64.93, 96.57, 329.84, 534.98]]"
4069,/home/pi/sambashare/BacArbeit/cocoval2017/000000504635.jpg,3.193033166000532,"['22: zebra', '22: zebra', '22: zebra']","[22, 22, 22]","[0.9405511, 0.9399405, 0.92641205]","[[501.11, 171.03, 135.14, 204.05], [178.17, 177.69, 175.42, 214.51], [337.44, 192.14, 175.31, 220.04]]"
4070,/home/pi/sambashare/BacArbeit/cocoval2017/000000386457.jpg,3.1705404149997776,['15: cat'],[15],[0.80808216],"[[127.12, 130.62, 112.37, 315.35]]"
4071,/home/pi/sambashare/BacArbeit/cocoval2017/000000148730.jpg,3.1899946260000434,"['8: boat', '8: boat']","[8, 8]","[0.46852243, 0.2576969]","[[213.01, 98.16, 275.55, 193.2], [214.71, 211.45, 274.84, 75.97]]"
4072,/home/pi/sambashare/BacArbeit/cocoval2017/000000210708.jpg,3.1925122030006605,"['20: elephant', '20: elephant']","[20, 20]","[0.9296897, 0.74341154]","[[45.9, 139.53, 279.32, 142.79], [128.45, 8.59, 252.73, 269.49]]"
4073,/home/pi/sambashare/BacArbeit/cocoval2017/000000409867.jpg,3.1926415839989204,"['15: cat', '15: cat']","[15, 15]","[0.90256274, 0.8453282]","[[301.35, 494.73, 78.2, 122.82], [59.35, 494.67, 81.21, 120.41]]"
4074,/home/pi/sambashare/BacArbeit/cocoval2017/000000276804.jpg,3.1888700560011785,"['0: person', '0: person', '0: person', '0: person', '34: baseball bat', '35: baseball glove', '0: person', '35: baseball glove', '35: baseball glove']","[0, 0, 0, 0, 34, 35, 0, 35, 35]","[0.9274238, 0.9108283, 0.87693703, 0.86933416, 0.82622516, 0.70122117, 0.50665295, 0.45877734, 0.2561209]","[[217.98, 473.09, 46.77, 113.93], [151.35, 378.57, 36.06, 82.39], [299.68, 367.1, 16.81, 49.11], [282.12, 473.36, 57.86, 138.53], [230.96, 441.73, 26.42, 42.87], [178.27, 394.22, 9.58, 10.76], [278.35, 531.19, 35.67, 68.85], [278.92, 544.36, 14.85, 16.61], [278.85, 539.89, 19.97, 33.19]]"
4075,/home/pi/sambashare/BacArbeit/cocoval2017/000000520707.jpg,3.1733229130004474,"['0: person', '0: person', '0: person', '0: person', '0: person', '0: person', '28: suitcase', '0: person', '26: handbag', '0: person', '0: person', '62: tv', '62: tv', '0: person', '0: person', '62: tv', '0: person', '24: backpack', '26: handbag', '62: tv']","[0, 0, 0, 0, 0, 0, 28, 0, 26, 0, 0, 62, 62, 0, 0, 62, 0, 24, 26, 62]","[0.9332558, 0.92165333, 0.90134966, 0.8981701, 0.8599345, 0.8525454, 0.8011874, 0.7347557, 0.6190168, 0.59925234, 0.5494979, 0.49756843, 0.45226184, 0.42475376, 0.39761114, 0.35947776, 0.32343727, 0.2870036, 0.28584182, 0.25975776]","[[176.96, 166.61, 76.38, 204.52], [1.07, 145.51, 98.76, 332.73], [105.04, 182.11, 99.51, 227.11], [329.99, 147.34, 78.77, 239.67], [462.25, 141.86, 56.31, 84.07], [580.72, 146.32, 39.37, 93.39], [253.99, 286.97, 70.97, 62.03], [528.78, 151.21, 31.75, 78.13], [97.94, 242.81, 32.7, 74.94], [394.6, 154.07, 62.3, 135.71], [142.73, 173.08, 41.03, 58.67], [549.99, 127.5, 19.93, 14.61], [569.85, 127.35, 17.11, 13.18], [427.82, 152.97, 31.38, 123.64], [282.58, 165.21, 19.54, 28.29], [121.66, 130.42, 22.3, 29.49], [297.24, 165.92, 22.41, 26.15], [160.85, 223.32, 30.91, 66.5], [580.91, 174.91, 12.04, 20.66], [141.28, 128.66, 34.32, 28.56]]"
4076,/home/pi/sambashare/BacArbeit/cocoval2017/000000005992.jpg,3.169765077998818,"['18: sheep', '18: sheep', '18: sheep', '18: sheep', '18: sheep', '18: sheep']","[18, 18, 18, 18, 18, 18]","[0.9365842, 0.93171513, 0.91301864, 0.8908325, 0.8185774, 0.3453555]","[[208.98, 159.66, 293.42, 267.67], [25.19, 126.5, 210.44, 243.04], [557.22, 220.24, 82.17, 206.95], [424.18, 125.39, 153.83, 287.04], [556.17, 163.46, 83.36, 122.68], [1, 395.91, 92.96, 31.68]]"
4077,/home/pi/sambashare/BacArbeit/cocoval2017/000000032901.jpg,3.1920022950016573,"['0: person', '0: person', '0: person', '0: person', '27: tie', '56: chair', '39: bottle', '39: bottle', '56: chair', '56: chair', '0: person', '39: bottle', '39: bottle', '41: cup', '56: chair', '40: wine glass', '39: bottle', '56: chair', '39: bottle', '60: dining table', '56: chair']","[0, 0, 0, 0, 27, 56, 39, 39, 56, 56, 0, 39, 39, 41, 56, 40, 39, 56, 39, 60, 56]","[0.9260732, 0.9153051, 0.913143, 0.8853009, 0.88219494, 0.8011631, 0.678963, 0.66173947, 0.6564183, 0.64838606, 0.64120257, 0.616991, 0.568438, 0.56421447, 0.51460856, 0.4954101, 0.44699734, 0.4343496, 0.41396973, 0.35510916, 0.31040984]","[[195.91, 134.09, 137.11, 410.36], [23.72, 96.75, 218.51, 449.09], [429.9, 103.36, 169.98, 439.26], [309.55, 103.94, 144.06, 436.57], [349.94, 205.79, 35.24, 173.23], [478.29, 415.91, 125.36, 129.51], [49.8, 150.33, 9.51, 29.48], [38.76, 150.61, 9.67, 28.59], [266.66, 486.77, 142.52, 58.8], [578.75, 390.78, 60.81, 154.49], [1, 196.7, 21.77, 150.56], [4.84, 144.09, 13.44, 33.9], [27.98, 146.93, 11.1, 31.9], [617.99, 309.08, 18.35, 35.22], [1, 492.47, 67.75, 53.53], [3.67, 369.2, 26.72, 52.64], [1, 143.46, 11.63, 34.56], [586.14, 263.25, 44.14, 59.63], [15.47, 144.85, 11.81, 32.76], [595.86, 310.92, 43.78, 66.16], [614.98, 261.58, 24.56, 24.1]]"
4078,/home/pi/sambashare/BacArbeit/cocoval2017/000000462031.jpg,3.1868753600010677,"['0: person', '34: baseball bat', '0: person', '35: baseball glove']","[0, 34, 0, 35]","[0.8938574, 0.8017765, 0.7781023, 0.31392002]","[[57.73, 183.91, 284.35, 450.72], [290.21, 69.85, 148.71, 234.82], [325.86, 518.73, 91.98, 120.62], [264.69, 291.9, 43.07, 50.04]]"
4079,/home/pi/sambashare/BacArbeit/cocoval2017/000000137246.jpg,3.190289334999761,"['0: person', '25: umbrella', '0: person', '25: umbrella', '58: potted plant', '56: chair', '56: chair', '60: dining table', '25: umbrella', '60: dining table', '60: dining table', '56: chair', '60: dining table', '60: dining table']","[0, 25, 0, 25, 58, 56, 56, 60, 25, 60, 60, 56, 60, 60]","[0.9204565, 0.85332006, 0.85177517, 0.81464344, 0.7998595, 0.788603, 0.7396953, 0.6357339, 0.63392407, 0.4563464, 0.40465796, 0.35076612, 0.32145998, 0.30491504]","[[368.5, 93.96, 56.23, 149.44], [96.77, 18.93, 166.77, 64.62], [135.5, 71.85, 196.11, 261.08], [1, 31.94, 56.18, 50.36], [286.82, 172.98, 109.72, 123.61], [1, 195.87, 69.78, 50.02], [82.82, 187.98, 68.78, 78.09], [20.63, 138.17, 65.15, 27.51], [15.31, 54.2, 87.0, 37.22], [1, 166.08, 29.1, 18.59], [122.94, 167.01, 45.57, 49.06], [1.09, 186.72, 57.35, 17.16], [2.41, 154.82, 104.32, 32.35], [6.72, 156.54, 97.71, 14.94]]"
4080,/home/pi/sambashare/BacArbeit/cocoval2017/000000440507.jpg,3.1891567750008107,['28: suitcase'],[28],[0.9238374],"[[201.11, 148.66, 252.37, 171.1]]"
4081,/home/pi/sambashare/BacArbeit/cocoval2017/000000345469.jpg,3.1898297280004044,"['54: donut', '54: donut', '54: donut', '54: donut', '54: donut']","[54, 54, 54, 54, 54]","[0.48499143, 0.38129023, 0.343667, 0.31645057, 0.31306848]","[[117.61, 327.46, 28.54, 18.23], [198.13, 164.05, 29.4, 21.16], [235.31, 149.47, 31.81, 16.22], [205.18, 147.91, 29.99, 20.69], [233.87, 161.93, 31.59, 24.31]]"
4082,/home/pi/sambashare/BacArbeit/cocoval2017/000000365745.jpg,3.1799532499990164,"['7: truck', '0: person', '7: truck', '0: person', '9: traffic light', '0: person', '9: traffic light', '9: traffic light', '26: handbag']","[7, 0, 7, 0, 9, 0, 9, 9, 26]","[0.94007087, 0.9399386, 0.90565914, 0.8051375, 0.7986878, 0.77977866, 0.6870699, 0.6268125, 0.51326007]","[[143.78, 174.54, 404.1, 211.13], [575.87, 237.98, 64.11, 159.48], [1, 207.25, 156.16, 92.78], [497.96, 250.54, 9.5, 27.88], [369.01, 118.78, 11.79, 25.89], [552.02, 222.8, 23.48, 56.18], [92.24, 186.64, 6.45, 17.29], [539.66, 170.26, 11.57, 19.52], [556.86, 251.11, 15.85, 18.83]]"
4083,/home/pi/sambashare/BacArbeit/cocoval2017/000000055002.jpg,3.185488343000543,"['61: toilet', '61: toilet']","[61, 61]","[0.7861608, 0.7261011]","[[132.8, 1, 195.92, 373.41], [471.12, 260.29, 28.44, 114.11]]"
4084,/home/pi/sambashare/BacArbeit/cocoval2017/000000410221.jpg,3.17960949999906,['4: airplane'],[4],[0.9581834],"[[270.45, 140.04, 102.12, 112.95]]"
4085,/home/pi/sambashare/BacArbeit/cocoval2017/000000249219.jpg,3.1773313140001846,['5: bus'],[5],[0.960616],"[[91.52, 183.83, 426.16, 272.05]]"
4086,/home/pi/sambashare/BacArbeit/cocoval2017/000000451043.jpg,3.187501076999979,"['0: person', '31: snowboard']","[0, 31]","[0.9324969, 0.44209477]","[[164.03, 147.67, 87.58, 154.44], [178.04, 290.58, 103.29, 14.65]]"
4087,/home/pi/sambashare/BacArbeit/cocoval2017/000000364102.jpg,3.179193404999751,"['29: frisbee', '0: person']","[29, 0]","[0.9247256, 0.90808696]","[[114.25, 169.36, 47.35, 20.07], [248.58, 126.96, 83.6, 245.17]]"
4088,/home/pi/sambashare/BacArbeit/cocoval2017/000000384136.jpg,3.1887856159992225,"['0: person', '0: person', '76: scissors']","[0, 0, 76]","[0.9006421, 0.6421351, 0.46545362]","[[228.88, 74.29, 232.35, 338.09], [1, 324.17, 156.44, 89.41], [322.1, 190.87, 85.27, 221.44]]"
4089,/home/pi/sambashare/BacArbeit/cocoval2017/000000555050.jpg,3.175965704000191,"['2: car', '19: cow', '9: traffic light', '7: truck', '9: traffic light', '56: chair', '2: car', '56: chair', '56: chair', '56: chair', '56: chair', '9: traffic light']","[2, 19, 9, 7, 9, 56, 2, 56, 56, 56, 56, 9]","[0.9513417, 0.9098949, 0.82808, 0.82285357, 0.7688485, 0.65780866, 0.5994332, 0.56595296, 0.5062895, 0.44823927, 0.3337962, 0.29025865]","[[1.19, 177.93, 237.05, 91.43], [222.05, 171.31, 54.87, 51.9], [2.86, 51.05, 33.66, 81.88], [39.87, 145.04, 26.97, 25.18], [436.83, 85.75, 22.64, 62.04], [470.16, 201.95, 29.42, 34.37], [1, 150.28, 6.73, 15.93], [385.06, 192.86, 73.1, 40.96], [357.6, 200.45, 21.21, 32.13], [313.06, 199.16, 27.13, 32.16], [310.42, 198.97, 60.67, 32.63], [108.04, 80.55, 8.92, 12.24]]"
4090,/home/pi/sambashare/BacArbeit/cocoval2017/000000384850.jpg,3.173527181999816,"['61: toilet', '61: toilet', '71: sink']","[61, 61, 71]","[0.70664364, 0.4846774, 0.3738862]","[[303.67, 465.79, 99.77, 158.85], [303.88, 370.72, 170.76, 253.5], [399.87, 415.75, 71.0, 93.82]]"
4091,/home/pi/sambashare/BacArbeit/cocoval2017/000000463199.jpg,3.1842229240010056,"['0: person', '0: person', '0: person', '0: person', '0: person', '0: person', '67: cell phone', '0: person', '0: person', '0: person', '26: handbag', '26: handbag', '24: backpack', '0: person', '0: person']","[0, 0, 0, 0, 0, 0, 67, 0, 0, 0, 26, 26, 24, 0, 0]","[0.9054255, 0.7657571, 0.7328124, 0.68346465, 0.6660193, 0.653027, 0.4965588, 0.49347606, 0.48214358, 0.4728952, 0.39188677, 0.3782904, 0.36969316, 0.32549527, 0.3185313]","[[288.75, 106.17, 199.72, 373.83], [250.26, 114.43, 91.94, 362.28], [342.73, 78.79, 294.61, 401.21], [122.16, 142.31, 38.95, 48.55], [8.87, 52.72, 236.08, 426.69], [154.86, 115.5, 119.45, 362.06], [345.4, 338.59, 33.44, 30.72], [218.5, 134.13, 56.34, 129.16], [610.77, 137.6, 29.11, 59.21], [578.28, 146.6, 48.94, 49.15], [273.89, 392.01, 67.2, 87.76], [171.44, 280.68, 75.35, 198.34], [468.52, 180.25, 171.48, 299.75], [415.79, 169.84, 43.17, 43.12], [392.64, 156.52, 30.04, 39.94]]"
4092,/home/pi/sambashare/BacArbeit/cocoval2017/000000488710.jpg,3.1843175679987326,"['0: person', '27: tie', '0: person']","[0, 27, 0]","[0.93395966, 0.75062376, 0.37045172]","[[1, 27.31, 261.82, 372.22], [65.15, 199.02, 86.63, 54.76], [58.05, 175.18, 111.93, 100.29]]"
4093,/home/pi/sambashare/BacArbeit/cocoval2017/000000419408.jpg,3.180326595000224,"['0: person', '0: person', '13: bench', '36: skateboard', '2: car', '36: skateboard', '13: bench', '2: car', '13: bench']","[0, 0, 13, 36, 2, 36, 13, 2, 13]","[0.9454095, 0.9330581, 0.8344114, 0.81202155, 0.78699344, 0.7329172, 0.7275202, 0.63033026, 0.50139767]","[[487.84, 168.25, 143.83, 137.78], [222.12, 112.37, 137.13, 171.79], [438.64, 220.08, 123.29, 117.6], [575.16, 300.23, 56.49, 19.57], [18.52, 187.7, 78.75, 27.47], [228.31, 255.91, 84.36, 37.77], [625.57, 209.48, 14.4, 66.94], [140.45, 194.74, 55.9, 25.56], [535.84, 202.86, 58.91, 23.85]]"
4094,/home/pi/sambashare/BacArbeit/cocoval2017/000000449603.jpg,3.1769280640000943,"['0: person', '37: surfboard']","[0, 37]","[0.88926965, 0.38676205]","[[172.25, 211.23, 114.68, 57.95], [277.87, 156.52, 31.97, 113.8]]"
4095,/home/pi/sambashare/BacArbeit/cocoval2017/000000508730.jpg,3.199281177001467,"['0: person', '0: person', '29: frisbee']","[0, 0, 29]","[0.9332558, 0.91848224, 0.3125365]","[[24.67, 106.79, 277.22, 369.78], [361.27, 118.93, 211.41, 356.95], [268.4, 435.67, 22.8, 42.24]]"
4096,/home/pi/sambashare/BacArbeit/cocoval2017/000000010764.jpg,3.1852191210000456,"['0: person', '35: baseball glove']","[0, 35]","[0.9254338, 0.8342924]","[[217.2, 80.18, 266.48, 322.38], [425.18, 209.35, 59.97, 72.08]]"
4097,/home/pi/sambashare/BacArbeit/cocoval2017/000000404484.jpg,3.193970309999713,"['16: dog', '58: potted plant', '16: dog', '62: tv', '6: train']","[16, 58, 16, 62, 6]","[0.87952673, 0.7424462, 0.63237625, 0.36292213, 0.25267968]","[[87.04, 92.96, 92.97, 72.99], [219.41, 80.91, 92.1, 76.66], [175.02, 24.17, 87.93, 84.87], [23.94, 45.86, 21.89, 69.1], [1, 8.66, 55.62, 176.06]]"
4098,/home/pi/sambashare/BacArbeit/cocoval2017/000000018575.jpg,3.178162350999628,"['41: cup', '43: knife', '44: spoon', '39: bottle', '39: bottle']","[41, 43, 44, 39, 39]","[0.81035924, 0.7619128, 0.648717, 0.4654796, 0.25091955]","[[230.03, 1, 138.09, 137.73], [1, 133.34, 18.44, 67.47], [319.95, 266.19, 131.02, 154.07], [468.59, 1.03, 80.9, 93.09], [527.58, 51.91, 79.46, 90.87]]"
4099,/home/pi/sambashare/BacArbeit/cocoval2017/000000042276.jpg,3.1899106440014293,"['61: toilet', '73: book', '24: backpack', '71: sink', '58: potted plant']","[61, 73, 24, 71, 58]","[0.9115783, 0.594312, 0.38858014, 0.31747285, 0.28658634]","[[58.16, 9.68, 97.49, 237.62], [273.16, 366.91, 95.38, 118.72], [259.05, 288.2, 86.49, 80.96], [348.5, 9.93, 26.22, 17.32], [163.18, 14.99, 86.55, 195.0]]"
4100,/home/pi/sambashare/BacArbeit/cocoval2017/000000506656.jpg,3.1739920349991735,"['0: person', '17: horse', '17: horse', '2: car']","[0, 17, 17, 2]","[0.92827785, 0.88162017, 0.5624876, 0.53701687]","[[96.91, 175.6, 84.62, 245.53], [178.92, 89.33, 385.21, 341.28], [567.0, 129.46, 73.0, 256.76], [348.57, 289.89, 61.6, 20.85]]"
4101,/home/pi/sambashare/BacArbeit/cocoval2017/000000456559.jpg,3.1791601389995776,"['0: person', '27: tie', '27: tie']","[0, 27, 27]","[0.87063676, 0.749669, 0.48544073]","[[147.01, 4.38, 492.99, 473.24], [315.32, 357.21, 111.35, 122.75], [256.66, 202.85, 168.69, 74.88]]"
4102,/home/pi/sambashare/BacArbeit/cocoval2017/000000282037.jpg,3.1902922480003326,"['0: person', '0: person', '35: baseball glove', '0: person', '0: person', '0: person', '0: person', '0: person', '0: person', '0: person', '0: person', '56: chair', '38: tennis racket']","[0, 0, 35, 0, 0, 0, 0, 0, 0, 0, 0, 56, 38]","[0.9171987, 0.9093275, 0.90854526, 0.9060483, 0.8886571, 0.85898286, 0.5566044, 0.44531623, 0.3966464, 0.3501075, 0.31271613, 0.2806133, 0.252103]","[[126.17, 94.74, 70.69, 120.83], [416.43, 191.41, 223.32, 256.89], [377.54, 317.75, 66.89, 60.87], [413.53, 131.31, 25.08, 43.16], [463.35, 134.03, 15.53, 41.37], [600.02, 124.79, 19.44, 55.33], [522.66, 119.98, 10.99, 14.07], [88.62, 135.16, 10.47, 24.68], [60.04, 135.83, 9.12, 23.67], [487.2, 124.21, 9.34, 8.83], [500.51, 122.96, 7.34, 9.99], [69.07, 133.51, 14.53, 26.41], [160.24, 95.26, 14.93, 28.82]]"
4103,/home/pi/sambashare/BacArbeit/cocoval2017/000000527528.jpg,3.1787231900016195,"['33: kite', '33: kite', '33: kite', '0: person', '56: chair', '33: kite', '0: person', '13: bench']","[33, 33, 33, 0, 56, 33, 0, 13]","[0.8960415, 0.82622355, 0.72635406, 0.5480803, 0.5367099, 0.52929187, 0.4694476, 0.2869156]","[[300.54, 224.91, 210.49, 66.27], [205.04, 253.81, 69.31, 43.69], [177.42, 325.32, 33.97, 31.54], [59.3, 352.82, 6.56, 11.7], [2.89, 376.95, 11.85, 15.56], [435.6, 1, 27.62, 7.88], [213.62, 343.67, 17.48, 10.84], [414.11, 375.44, 87.79, 23.2]]"
4104,/home/pi/sambashare/BacArbeit/cocoval2017/000000371552.jpg,3.1828967469991767,"['32: sports ball', '0: person', '0: person', '0: person', '32: sports ball', '0: person', '0: person', '0: person']","[32, 0, 0, 0, 32, 0, 0, 0]","[0.9338462, 0.93303293, 0.8849811, 0.87022567, 0.81671184, 0.7825737, 0.72428954, 0.65846497]","[[152.37, 329.1, 49.1, 49.45], [185.76, 55.52, 104.84, 315.95], [133.02, 149.28, 47.46, 75.92], [346.69, 138.71, 35.67, 87.3], [566.29, 210.04, 16.58, 13.4], [559.94, 182.83, 42.99, 38.03], [304.38, 116.8, 37.06, 65.17], [27.74, 200.7, 120.14, 35.3]]"
4105,/home/pi/sambashare/BacArbeit/cocoval2017/000000465549.jpg,3.1884054789989023,"['0: person', '0: person', '65: remote', '57: couch', '75: vase', '65: remote', '65: remote']","[0, 0, 65, 57, 75, 65, 65]","[0.90775806, 0.9011262, 0.5571562, 0.5324533, 0.5300128, 0.49866486, 0.25986716]","[[278.88, 118.7, 285.77, 306.53], [74.18, 94.69, 217.6, 332.75], [80.08, 209.02, 36.72, 19.56], [498.36, 194.82, 141.52, 213.36], [97.82, 301.01, 22.19, 33.06], [160.53, 177.89, 21.77, 34.02], [161.11, 177.96, 18.96, 13.81]]"
4106,/home/pi/sambashare/BacArbeit/cocoval2017/000000107226.jpg,3.181006774000707,"['16: dog', '0: person', '16: dog', '25: umbrella', '0: person', '0: person', '0: person', '0: person', '1: bicycle', '25: umbrella', '0: person', '16: dog']","[16, 0, 16, 25, 0, 0, 0, 0, 1, 25, 0, 16]","[0.898875, 0.84132, 0.8386273, 0.65473604, 0.6277584, 0.5629696, 0.56278753, 0.5123112, 0.49503547, 0.49244365, 0.48481488, 0.25156102]","[[148.99, 291.92, 103.78, 204.28], [132.76, 126.61, 174.66, 231.5], [1, 281.55, 155.48, 306.05], [1.54, 33.33, 259.07, 96.31], [1, 131.65, 33.15, 114.96], [64.11, 112.28, 54.33, 104.09], [110.35, 125.13, 49.29, 91.25], [345.17, 68.82, 134.34, 352.94], [326.36, 247.92, 153.19, 241.77], [37.85, 69.56, 181.68, 60.1], [17.97, 150.28, 58.46, 68.62], [73.08, 279.71, 84.48, 226.65]]"
4107,/home/pi/sambashare/BacArbeit/cocoval2017/000000177934.jpg,3.177411127000596,"['2: car', '0: person', '0: person', '0: person', '3: motorcycle', '2: car', '7: truck', '0: person', '7: truck', '2: car', '2: car', '2: car', '39: bottle', '0: person', '26: handbag']","[2, 0, 0, 0, 3, 2, 7, 0, 7, 2, 2, 2, 39, 0, 26]","[0.9172297, 0.9138259, 0.8955181, 0.89460856, 0.8761889, 0.8720429, 0.8712126, 0.84551346, 0.81866544, 0.81398773, 0.7726344, 0.73972183, 0.5572533, 0.5183281, 0.45272756]","[[557.34, 169.74, 44.16, 35.03], [350.84, 152.83, 57.35, 188.64], [466.78, 152.86, 65.61, 119.43], [395.98, 146.75, 50.2, 143.95], [71.0, 191.31, 266.87, 216.25], [297.85, 170.54, 72.63, 59.69], [1.87, 103.9, 247.84, 121.3], [225.85, 165.2, 44.99, 111.03], [249.22, 146.69, 79.3, 51.24], [303.66, 165.45, 50.29, 30.6], [426.3, 163.98, 38.73, 37.77], [541.43, 160.73, 46.94, 32.11], [571.02, 284.33, 10.15, 24.8], [192.37, 150.91, 41.79, 74.56], [182.14, 186.53, 53.62, 85.76]]"
4108,/home/pi/sambashare/BacArbeit/cocoval2017/000000561889.jpg,3.176609132999147,"['44: spoon', '45: bowl', '50: broccoli']","[44, 45, 50]","[0.83185124, 0.64947224, 0.40524253]","[[437.63, 117.19, 178.11, 142.46], [46.68, 3.16, 564.8, 459.62], [351.32, 263.71, 81.47, 96.45]]"
4109,/home/pi/sambashare/BacArbeit/cocoval2017/000000347335.jpg,3.1751037129997712,"['41: cup', '42: fork', '41: cup']","[41, 42, 41]","[0.9397852, 0.9298278, 0.80401355]","[[1, 1, 140.05, 183.39], [214.95, 3.15, 105.49, 146.11], [135.36, 1, 38.41, 116.78]]"
4110,/home/pi/sambashare/BacArbeit/cocoval2017/000000375430.jpg,3.1749012319996837,['55: cake'],[55],[0.8790261],"[[55.31, 197.53, 433.75, 203.44]]"
4111,/home/pi/sambashare/BacArbeit/cocoval2017/000000361103.jpg,3.1788277929990727,"['0: person', '9: traffic light', '0: person', '9: traffic light', '0: person', '0: person', '0: person', '0: person', '0: person', '58: potted plant', '58: potted plant', '0: person', '0: person']","[0, 9, 0, 9, 0, 0, 0, 0, 0, 58, 58, 0, 0]","[0.9025055, 0.8290795, 0.8074124, 0.8063979, 0.7727215, 0.7713681, 0.7664644, 0.7124868, 0.68676394, 0.59448195, 0.5621158, 0.52552366, 0.3012101]","[[272.25, 298.12, 59.79, 120.54], [1, 66.9, 138.45, 337.59], [313.31, 241.41, 34.64, 86.56], [493.49, 124.11, 35.45, 105.45], [614.05, 199.91, 14.8, 32.43], [596.53, 198.78, 16.83, 46.67], [474.04, 386.41, 35.14, 40.5], [498.01, 237.31, 28.37, 77.3], [579.88, 199.1, 18.12, 45.66], [470.82, 219.91, 26.8, 46.04], [448.69, 165.32, 40.96, 100.61], [524.55, 219.91, 21.71, 68.46], [630.62, 181.74, 9.03, 20.92]]"
4112,/home/pi/sambashare/BacArbeit/cocoval2017/000000182805.jpg,3.198903918999349,"['0: person', '25: umbrella', '16: dog']","[0, 25, 16]","[0.60441357, 0.438212, 0.40644145]","[[84.09, 1, 339.08, 355.67], [306.05, 1, 333.47, 122.95], [314.42, 191.51, 324.77, 167.99]]"
4113,/home/pi/sambashare/BacArbeit/cocoval2017/000000170670.jpg,3.183580636001352,"['45: bowl', '39: bottle', '41: cup', '39: bottle', '45: bowl', '39: bottle', '42: fork', '39: bottle', '39: bottle', '45: bowl', '56: chair', '41: cup', '39: bottle', '56: chair', '43: knife', '45: bowl', '60: dining table', '45: bowl', '44: spoon']","[45, 39, 41, 39, 45, 39, 42, 39, 39, 45, 56, 41, 39, 56, 43, 45, 60, 45, 44]","[0.9009907, 0.89537054, 0.8810813, 0.8782252, 0.8585276, 0.84464437, 0.8136064, 0.7721782, 0.7674052, 0.7576952, 0.72893214, 0.6937983, 0.6095494, 0.520393, 0.5061532, 0.4129785, 0.40491617, 0.29119974, 0.2788384]","[[183.34, 164.85, 109.51, 70.36], [424.23, 72.85, 39.4, 112.23], [75.39, 206.82, 85.97, 144.25], [383.38, 65.58, 36.15, 102.08], [179.41, 249.21, 219.39, 160.51], [337.28, 57.06, 36.46, 95.99], [512.42, 199.7, 119.97, 83.93], [29.08, 238.74, 72.4, 102.52], [290.72, 64.57, 50.33, 99.67], [74.66, 195.7, 127.93, 89.63], [54.62, 1, 165.37, 97.93], [463.14, 78.81, 62.98, 114.41], [232.41, 106.84, 73.5, 73.84], [518.62, 41.05, 120.8, 148.26], [576.58, 276.06, 30.25, 31.32], [372.66, 197.31, 213.14, 149.96], [3.14, 58.84, 636.63, 364.95], [284.6, 147.78, 129.91, 100.57], [589.45, 265.03, 29.61, 25.37]]"
4114,/home/pi/sambashare/BacArbeit/cocoval2017/000000482477.jpg,3.1861772120009846,['14: bird'],[14],[0.89520705],"[[144.81, 84.36, 287.08, 404.84]]"
4115,/home/pi/sambashare/BacArbeit/cocoval2017/000000320554.jpg,3.174238235998928,"['15: cat', '13: bench']","[15, 13]","[0.9018305, 0.49652833]","[[222.25, 194.36, 120.66, 99.24], [32.01, 1, 462.3, 285.94]]"
4116,/home/pi/sambashare/BacArbeit/cocoval2017/000000349594.jpg,3.1747586099991167,"['0: person', '54: donut']","[0, 54]","[0.9292126, 0.9017993]","[[36.43, 18.25, 376.05, 480.35], [173.02, 267.36, 95.28, 91.08]]"
4117,/home/pi/sambashare/BacArbeit/cocoval2017/000000017178.jpg,3.172095406000153,"['2: car', '17: horse', '17: horse', '17: horse', '17: horse']","[2, 17, 17, 17, 17]","[0.92554396, 0.90065885, 0.89169765, 0.8499735, 0.635063]","[[432.25, 110.15, 205.75, 315.22], [373.05, 173.71, 59.68, 91.33], [330.01, 164.07, 47.65, 99.63], [282.25, 200.34, 34.88, 35.15], [256.26, 200.48, 30.02, 31.49]]"
4118,/home/pi/sambashare/BacArbeit/cocoval2017/000000344059.jpg,3.1821163479999086,"['23: giraffe', '23: giraffe']","[23, 23]","[0.93782747, 0.8196414]","[[191.72, 158.15, 289.22, 263.9], [49.4, 158.03, 154.5, 239.07]]"
4119,/home/pi/sambashare/BacArbeit/cocoval2017/000000281447.jpg,3.200449158999618,"['17: horse', '17: horse', '17: horse', '7: truck']","[17, 17, 17, 7]","[0.92800593, 0.81557316, 0.76917744, 0.4044005]","[[244.15, 128.8, 335.52, 291.92], [32.38, 179.8, 29.36, 29.16], [79.11, 166.36, 29.85, 39.98], [10.7, 147.04, 39.91, 14.95]]"
4120,/home/pi/sambashare/BacArbeit/cocoval2017/000000001503.jpg,3.1886287090001133,"['66: keyboard', '64: mouse', '62: tv', '63: laptop', '64: mouse', '66: keyboard']","[66, 64, 62, 63, 64, 66]","[0.9453324, 0.90118086, 0.88667274, 0.8758901, 0.4674069, 0.37709537]","[[161.94, 151.92, 153.5, 44.65], [123.43, 179.54, 34.78, 20.06], [125.04, 11.8, 113.29, 92.17], [1, 100.57, 124.74, 137.37], [306.75, 152.89, 13.18, 10.81], [1, 170.28, 103.45, 43.63]]"
4121,/home/pi/sambashare/BacArbeit/cocoval2017/000000158660.jpg,3.185580953000681,"['45: bowl', '0: person', '47: apple', '45: bowl', '47: apple', '49: orange', '45: bowl', '0: person', '49: orange']","[45, 0, 47, 45, 47, 49, 45, 0, 49]","[0.9201003, 0.8612402, 0.8576351, 0.8445558, 0.6699558, 0.62394965, 0.6126272, 0.31500906, 0.2995783]","[[71.66, 250.42, 256.73, 116.24], [475.01, 1, 136.14, 270.34], [328.01, 202.95, 130.69, 121.33], [331.18, 272.05, 280.26, 148.83], [514.45, 264.89, 92.69, 77.66], [435.02, 265.74, 129.51, 79.18], [97.66, 182.45, 220.93, 113.81], [1, 83.33, 71.15, 127.24], [383.38, 301.29, 52.0, 37.87]]"
4122,/home/pi/sambashare/BacArbeit/cocoval2017/000000087038.jpg,3.169745104998583,"['36: skateboard', '0: person', '1: bicycle', '0: person', '0: person', '0: person', '0: person', '0: person', '36: skateboard', '0: person', '0: person', '0: person', '0: person', '0: person', '0: person']","[36, 0, 1, 0, 0, 0, 0, 0, 36, 0, 0, 0, 0, 0, 0]","[0.91374373, 0.90351784, 0.8983012, 0.8475874, 0.7837675, 0.7817941, 0.7683948, 0.7255323, 0.7106445, 0.5618833, 0.54717195, 0.526522, 0.4667368, 0.42492366, 0.4233548]","[[301.75, 318.09, 60.54, 43.6], [345.15, 172.61, 72.11, 185.62], [255.08, 271.34, 57.16, 60.73], [254.64, 224.48, 48.7, 91.18], [626.06, 220.83, 13.73, 49.7], [66.58, 238.18, 17.47, 42.85], [98.07, 235.05, 20.19, 45.81], [81.1, 235.47, 20.89, 46.31], [1, 287.51, 18.64, 10.15], [238.76, 224.13, 12.65, 35.35], [205.13, 229.89, 14.12, 34.7], [185.07, 229.12, 11.62, 36.57], [225.58, 230.27, 12.72, 29.4], [1, 194.21, 20.11, 98.58], [416.24, 231.43, 17.39, 34.34]]"
4123,/home/pi/sambashare/BacArbeit/cocoval2017/000000081061.jpg,3.1896220269991318,"['56: chair', '57: couch', '28: suitcase']","[56, 57, 28]","[0.94489676, 0.93830144, 0.9007906]","[[93.7, 59.72, 144.2, 218.43], [207.8, 67.7, 406.8, 190.74], [367.56, 236.23, 174.71, 103.24]]"
4124,/home/pi/sambashare/BacArbeit/cocoval2017/000000036844.jpg,3.1794275070005824,"['56: chair', '58: potted plant', '56: chair', '58: potted plant', '1: bicycle', '62: tv', '57: couch', '58: potted plant', '65: remote', '58: potted plant', '62: tv', '62: tv', '62: tv', '41: cup', '65: remote', '73: book']","[56, 58, 56, 58, 1, 62, 57, 58, 65, 58, 62, 62, 62, 41, 65, 73]","[0.89888585, 0.8770844, 0.85442495, 0.85429657, 0.84117097, 0.83969903, 0.78232175, 0.75219965, 0.71905005, 0.60640883, 0.5227782, 0.5003198, 0.38945574, 0.35279256, 0.30202022, 0.27900755]","[[1.58, 250.22, 128.02, 158.95], [222.3, 170.16, 70.85, 70.77], [174.36, 252.2, 158.72, 126.44], [50.22, 224.67, 59.78, 43.58], [121.23, 225.66, 119.89, 179.96], [374.94, 218.96, 46.62, 41.42], [413.06, 283.62, 165.41, 125.78], [155.35, 207.88, 41.33, 43.15], [410.14, 339.52, 27.26, 15.87], [216.92, 221.55, 17.72, 22.23], [605.59, 267.02, 34.11, 94.07], [438.42, 394.85, 135.5, 85.08], [499.34, 206.68, 62.87, 77.18], [555.89, 273.51, 10.54, 19.38], [423.36, 336.58, 26.73, 14.75], [319.68, 232.22, 13.07, 37.07]]"
4125,/home/pi/sambashare/BacArbeit/cocoval2017/000000104666.jpg,3.1830353299992566,"['62: tv', '73: book', '73: book', '73: book', '73: book', '73: book', '73: book', '73: book', '73: book', '57: couch', '73: book', '73: book', '73: book', '73: book', '73: book', '73: book', '73: book', '73: book', '73: book']","[62, 73, 73, 73, 73, 73, 73, 73, 73, 57, 73, 73, 73, 73, 73, 73, 73, 73, 73]","[0.89139605, 0.47730944, 0.47471595, 0.41407266, 0.41241243, 0.40301925, 0.35979646, 0.35813504, 0.3502208, 0.33873162, 0.3167543, 0.30843142, 0.2986511, 0.29086432, 0.2861051, 0.28096867, 0.28048664, 0.26425055, 0.25114888]","[[521.76, 269.86, 118.21, 117.62], [38.92, 236.11, 37.89, 46.3], [83.63, 238.59, 30.37, 62.35], [105.77, 234.98, 26.69, 64.73], [41.77, 323.23, 36.78, 54.55], [110.05, 305.71, 26.87, 42.78], [59.85, 154.55, 17.68, 48.83], [20.08, 161.11, 16.7, 41.04], [53.92, 239.02, 34.95, 43.93], [190.34, 227.4, 111.1, 80.83], [71.35, 240.01, 26.6, 47.51], [1, 311.76, 24.67, 31.1], [74.34, 154.52, 15.64, 49.69], [10.63, 160.6, 19.22, 41.05], [21.68, 329.41, 39.09, 50.37], [2.3, 159.89, 18.7, 41.24], [53.06, 156.04, 14.21, 45.51], [1, 304.53, 23.72, 24.38], [38.53, 158.7, 14.83, 40.94]]"
4126,/home/pi/sambashare/BacArbeit/cocoval2017/000000346905.jpg,3.194365731000289,"['20: elephant', '20: elephant', '20: elephant']","[20, 20, 20]","[0.8894917, 0.78642154, 0.70493287]","[[310.59, 258.21, 82.77, 152.89], [295.61, 3.72, 339.79, 403.31], [21.88, 55.97, 297.36, 361.38]]"
4127,/home/pi/sambashare/BacArbeit/cocoval2017/000000222825.jpg,3.182970932999524,"['72: refrigerator', '69: oven', '71: sink', '56: chair', '39: bottle', '69: oven']","[72, 69, 71, 56, 39, 69]","[0.93871886, 0.90528816, 0.782231, 0.6163826, 0.5921621, 0.31685868]","[[68.42, 240.54, 88.59, 324.72], [269.04, 326.93, 157.85, 276.4], [209.67, 346.35, 72.03, 31.43], [19.49, 606.6, 174.17, 33.13], [173.07, 347.81, 12.5, 35.64], [383.35, 396.85, 43.29, 222.21]]"
4128,/home/pi/sambashare/BacArbeit/cocoval2017/000000278705.jpg,3.1839378889999352,"['0: person', '36: skateboard', '36: skateboard', '2: car', '0: person', '2: car']","[0, 36, 36, 2, 0, 2]","[0.9538793, 0.9116245, 0.8819002, 0.85415244, 0.80861753, 0.59478545]","[[360.06, 118.33, 152.17, 217.13], [338.1, 308.97, 100.21, 29.26], [100.61, 277.98, 91.59, 25.07], [5.24, 130.7, 312.25, 144.63], [86.33, 114.1, 111.41, 175.02], [374.14, 143.62, 190.35, 126.33]]"
4129,/home/pi/sambashare/BacArbeit/cocoval2017/000000167122.jpg,3.1745557640006155,"['2: car', '9: traffic light']","[2, 9]","[0.5303458, 0.25009996]","[[226.02, 201.57, 88.11, 16.71], [217.8, 155.91, 18.62, 19.36]]"
4130,/home/pi/sambashare/BacArbeit/cocoval2017/000000223955.jpg,3.1956084739995276,"['0: person', '29: frisbee']","[0, 29]","[0.95410156, 0.86346585]","[[177.06, 70.54, 185.62, 262.46], [188.38, 79.1, 32.14, 48.49]]"
4131,/home/pi/sambashare/BacArbeit/cocoval2017/000000186929.jpg,3.1904777600011585,"['49: orange', '49: orange']","[49, 49]","[0.60116553, 0.4678578]","[[78.23, 212.06, 186.84, 210.85], [53.03, 183.77, 162.58, 159.05]]"
4132,/home/pi/sambashare/BacArbeit/cocoval2017/000000066561.jpg,3.181896760001109,"['18: sheep', '18: sheep']","[18, 18]","[0.91841656, 0.8345796]","[[52.58, 131.42, 166.35, 263.33], [184.6, 74.21, 426.1, 313.62]]"
4133,/home/pi/sambashare/BacArbeit/cocoval2017/000000391144.jpg,3.1814484349997656,"['20: elephant', '20: elephant', '20: elephant', '20: elephant', '20: elephant']","[20, 20, 20, 20, 20]","[0.8976547, 0.8817433, 0.8206002, 0.7383935, 0.7205723]","[[40.48, 38.34, 227.13, 290.47], [486.02, 49.04, 153.19, 285.97], [257.25, 1, 362.83, 71.72], [147.92, 34.16, 405.71, 302.95], [1, 13.18, 55.34, 305.5]]"
4134,/home/pi/sambashare/BacArbeit/cocoval2017/000000322724.jpg,3.181452652999724,"['0: person', '0: person', '30: skis']","[0, 0, 30]","[0.9183104, 0.6355027, 0.5197156]","[[238.52, 178.06, 119.47, 245.63], [168.42, 318.32, 49.01, 68.66], [254.84, 401.33, 71.39, 23.55]]"
4135,/home/pi/sambashare/BacArbeit/cocoval2017/000000452321.jpg,3.187419329000477,"['5: bus', '5: bus', '0: person']","[5, 5, 0]","[0.93597525, 0.76388675, 0.3429355]","[[389.78, 135.06, 249.13, 296.03], [1, 199.1, 399.74, 98.26], [241.27, 238.23, 16.17, 19.76]]"
4136,/home/pi/sambashare/BacArbeit/cocoval2017/000000130465.jpg,3.177270543999839,"['74: clock', '74: clock']","[74, 74]","[0.8821372, 0.7106227]","[[462.27, 115.15, 60.12, 42.59], [124.5, 218.66, 50.11, 41.38]]"
4137,/home/pi/sambashare/BacArbeit/cocoval2017/000000161609.jpg,3.1950638680009433,"['0: person', '0: person', '0: person', '26: handbag', '16: dog', '26: handbag', '16: dog']","[0, 0, 0, 26, 16, 26, 16]","[0.86404145, 0.82472533, 0.4121759, 0.40038764, 0.39095855, 0.38820896, 0.28148606]","[[107.15, 188.87, 63.42, 150.35], [155.69, 211.75, 51.92, 135.57], [238.09, 66.63, 401.08, 412.68], [177.21, 239.86, 30.6, 57.12], [247.6, 264.26, 131.6, 84.96], [115.5, 214.54, 43.59, 50.73], [67.76, 263.52, 311.81, 215.56]]"
4138,/home/pi/sambashare/BacArbeit/cocoval2017/000000295420.jpg,3.1915022220000537,"['7: truck', '7: truck', '2: car', '0: person', '26: handbag', '2: car']","[7, 7, 2, 0, 26, 2]","[0.96199596, 0.9168405, 0.91533005, 0.80021113, 0.40722197, 0.29070473]","[[157.54, 169.18, 278.84, 213.69], [102.03, 281.53, 44.77, 42.92], [58.99, 290.31, 33.1, 28.29], [469.21, 286.95, 28.31, 65.09], [463.9, 310.91, 13.41, 15.17], [56.7, 272.26, 10.26, 11.29]]"
4139,/home/pi/sambashare/BacArbeit/cocoval2017/000000319617.jpg,3.176047909000772,"['41: cup', '41: cup', '55: cake']","[41, 41, 55]","[0.9281055, 0.8963454, 0.6297222]","[[1, 78.88, 107.88, 156.77], [15.85, 13.48, 102.47, 113.19], [136.79, 43.41, 178.75, 111.66]]"
4140,/home/pi/sambashare/BacArbeit/cocoval2017/000000315187.jpg,3.1846460169999773,"['5: bus', '2: car', '2: car', '2: car', '9: traffic light', '0: person']","[5, 2, 2, 2, 9, 0]","[0.9482879, 0.9362814, 0.8790648, 0.44009268, 0.3622708, 0.27715713]","[[284.89, 285.41, 272.33, 122.68], [192.86, 349.17, 126.71, 51.98], [1.74, 350.89, 33.74, 16.19], [1, 348.78, 5.04, 15.16], [366.38, 289.82, 7.91, 10.2], [67.56, 345.22, 7.58, 19.2]]"
4141,/home/pi/sambashare/BacArbeit/cocoval2017/000000435081.jpg,3.186260634000064,"['45: bowl', '41: cup', '55: cake', '42: fork', '55: cake', '45: bowl', '44: spoon', '55: cake', '41: cup', '32: sports ball', '75: vase', '44: spoon', '45: bowl', '44: spoon', '41: cup', '60: dining table', '55: cake', '44: spoon', '75: vase', '75: vase', '45: bowl', '2: car', '60: dining table', '45: bowl', '55: cake', '41: cup', '54: donut', '75: vase', '60: dining table', '75: vase', '45: bowl', '55: cake', '55: cake', '55: cake', '55: cake', '55: cake', '43: knife', '60: dining table', '75: vase', '55: cake', '75: vase', '55: cake', '45: bowl', '45: bowl', '55: cake', '45: bowl', '60: dining table', '44: spoon', '45: bowl', '45: bowl', '60: dining table', '54: donut', '41: cup', '55: cake', '45: bowl', '60: dining table', '45: bowl', '55: cake', '76: scissors', '58: potted plant', '60: dining table', '32: sports ball', '45: bowl', '55: cake', '55: cake', '44: spoon', '50: broccoli']","[45, 41, 55, 42, 55, 45, 44, 55, 41, 32, 75, 44, 45, 44, 41, 60, 55, 44, 75, 75, 45, 2, 60, 45, 55, 41, 54, 75, 60, 75, 45, 55, 55, 55, 55, 55, 43, 60, 75, 55, 75, 55, 45, 45, 55, 45, 60, 44, 45, 45, 60, 54, 41, 55, 45, 60, 45, 55, 76, 58, 60, 32, 45, 55, 55, 44, 50]","[0.9102413, 0.8804957, 0.87706286, 0.83779496, 0.8307522, 0.7773823, 0.77292764, 0.7350509, 0.73022944, 0.7251507, 0.7250525, 0.7002954, 0.68389696, 0.66700745, 0.65713197, 0.63749486, 0.6295416, 0.6242989, 0.59067637, 0.5895077, 0.5755735, 0.5686196, 0.5618222, 0.54877007, 0.5423403, 0.5399253, 0.5206737, 0.5178426, 0.5112196, 0.49851528, 0.49155766, 0.4847874, 0.48115844, 0.45401263, 0.45006132, 0.442806, 0.42317212, 0.41864285, 0.41458148, 0.3926307, 0.3621211, 0.35523975, 0.347045, 0.3415397, 0.34108958, 0.34041038, 0.33743966, 0.32752863, 0.32189956, 0.31339636, 0.31235775, 0.31074095, 0.3091534, 0.3037351, 0.2986316, 0.29756534, 0.29548046, 0.29422295, 0.28757656, 0.2869554, 0.27812752, 0.27423745, 0.27258268, 0.27077213, 0.26861113, 0.26222146, 0.26081666]","[[33.89, 402.74, 35.87, 27.84], [425.21, 135.33, 33.71, 26.47], [269.16, 296.19, 34.07, 33.9], [400.18, 195.53, 41.68, 27.43], [316.17, 259.05, 55.79, 50.28], [54.35, 427.05, 28.53, 29.25], [77.51, 455.81, 42.01, 11.21], [64.36, 323.83, 27.59, 27.49], [12.92, 442.73, 21.46, 24.35], [37.55, 342.13, 28.46, 27.3], [67.99, 380.3, 21.24, 34.64], [321.46, 457.32, 32.83, 22.66], [252.04, 216.5, 36.96, 32.53], [24.81, 471.64, 34.61, 26.78], [189.32, 299.09, 28.9, 28.86], [251.57, 380.69, 122.05, 118.49], [84.88, 29.17, 16.24, 18.17], [431.69, 162.29, 41.61, 20.01], [30.31, 251.38, 33.62, 61.2], [298.9, 170.91, 24.25, 23.48], [394.63, 422.04, 43.64, 40.91], [192.95, 205.93, 52.47, 40.11], [2.31, 130.24, 123.66, 120.02], [355.95, 385.98, 18.04, 43.08], [70.47, 19.34, 16.73, 16.52], [1.82, 416.26, 15.88, 43.28], [89.29, 17.25, 15.86, 14.88], [327.71, 139.52, 39.77, 34.6], [3.62, 384.55, 121.26, 114.24], [261.35, 132.79, 34.54, 51.46], [181.68, 260.43, 18.3, 18.1], [26.29, 214.28, 23.48, 23.01], [2.13, 156.03, 65.84, 47.82], [88.03, 279.31, 31.85, 26.93], [77.74, 307.12, 20.72, 22.47], [2.74, 323.52, 21.22, 29.92], [131.83, 433.68, 95.57, 50.62], [375.2, 379.08, 120.26, 113.3], [328.99, 178.85, 22.14, 20.88], [105.29, 29.79, 15.11, 16.59], [81.85, 150.81, 42.6, 39.93], [125.66, 11.48, 122.09, 108.6], [251.31, 197.78, 15.14, 19.25], [446.55, 7.01, 51.23, 59.45], [41.6, 328.92, 45.38, 32.13], [319.9, 433.81, 33.41, 43.15], [2.8, 8.83, 122.68, 115.58], [306.07, 219.04, 33.24, 25.63], [302.21, 205.39, 24.04, 23.15], [261.12, 182.06, 18.96, 17.33], [388.31, 407.06, 65.7, 74.03], [472.2, 441.0, 22.93, 18.14], [250.54, 281.14, 17.19, 29.6], [20.42, 313.7, 25.75, 25.34], [81.72, 56.18, 35.76, 30.54], [374.98, 4.62, 122.78, 121.11], [102.46, 309.17, 22.33, 19.22], [325.99, 433.22, 23.01, 27.17], [376.39, 25.56, 38.34, 47.08], [2.05, 377.15, 45.1, 53.06], [376.08, 132.31, 120.27, 111.06], [436.78, 352.91, 15.41, 15.09], [9.51, 210.71, 54.94, 32.81], [61.08, 272.2, 22.31, 19.07], [3.55, 307.88, 44.52, 46.78], [354.92, 156.39, 19.12, 7.18], [199.11, 402.92, 49.1, 46.56]]"
4142,/home/pi/sambashare/BacArbeit/cocoval2017/000000251824.jpg,3.1762552720010717,"['76: scissors', '39: bottle', '67: cell phone', '63: laptop', '73: book']","[76, 39, 67, 63, 73]","[0.86195576, 0.5835395, 0.40617552, 0.40299547, 0.29623762]","[[364.81, 166.69, 135.19, 133.87], [1, 1, 40.78, 28.46], [71.64, 1.7, 132.42, 306.2], [302.93, 1, 184.38, 84.75], [477.8, 85.26, 22.05, 51.79]]"
4143,/home/pi/sambashare/BacArbeit/cocoval2017/000000562448.jpg,3.1718417960000806,['5: bus'],[5],[0.9202478],"[[28.37, 169.25, 489.59, 136.19]]"
4144,/home/pi/sambashare/BacArbeit/cocoval2017/000000119995.jpg,3.180284837999352,"['0: person', '0: person', '38: tennis racket', '0: person', '0: person', '0: person', '0: person']","[0, 0, 38, 0, 0, 0, 0]","[0.9412877, 0.93884295, 0.90663666, 0.75578916, 0.6542939, 0.51973623, 0.2667505]","[[43.71, 31.06, 214.65, 450.7], [336.13, 31.9, 115.85, 203.88], [255.5, 211.55, 174.44, 56.79], [433.95, 1, 34.05, 22.99], [395.62, 1, 53.67, 20.1], [319.72, 1, 49.79, 13.93], [255.9, 1, 47.27, 7.98]]"
4145,/home/pi/sambashare/BacArbeit/cocoval2017/000000160556.jpg,3.1777462720001495,"['62: tv', '0: person', '66: keyboard', '67: cell phone', '62: tv', '64: mouse', '19: cow', '0: person', '0: person']","[62, 0, 66, 67, 62, 64, 19, 0, 0]","[0.9239733, 0.88039094, 0.86496675, 0.65306914, 0.62775433, 0.41086677, 0.40035033, 0.3084497, 0.2787025]","[[1, 108.09, 345.55, 251.8], [451.48, 78.11, 187.37, 348.33], [351.05, 280.56, 109.61, 46.85], [564.51, 142.14, 38.77, 28.13], [282.02, 141.06, 122.92, 122.65], [307.92, 313.42, 44.33, 14.05], [182.36, 107.7, 33.75, 29.88], [404.0, 203.64, 18.37, 36.34], [11.19, 55.86, 91.89, 71.32]]"
4146,/home/pi/sambashare/BacArbeit/cocoval2017/000000158945.jpg,3.185857402999318,"['20: elephant', '0: person', '13: bench', '0: person']","[20, 0, 13, 0]","[0.9486897, 0.81829756, 0.7859716, 0.7480413]","[[133.0, 174.4, 282.32, 415.21], [87.6, 42.94, 70.35, 181.66], [209.68, 112.94, 188.64, 104.38], [400.03, 255.19, 30.52, 115.42]]"
4147,/home/pi/sambashare/BacArbeit/cocoval2017/000000302990.jpg,3.190604302999418,"['0: person', '37: surfboard', '0: person', '37: surfboard', '0: person']","[0, 37, 0, 37, 0]","[0.9169335, 0.9067427, 0.66888225, 0.48143864, 0.38353735]","[[250.58, 138.81, 204.34, 138.79], [271.86, 225.99, 75.86, 118.55], [395.35, 34.31, 133.09, 46.32], [523.12, 55.26, 36.48, 19.02], [391.48, 61.91, 43.42, 18.61]]"
4148,/home/pi/sambashare/BacArbeit/cocoval2017/000000533493.jpg,3.1901663820008253,"['0: person', '0: person']","[0, 0]","[0.91689765, 0.82380176]","[[321.78, 78.48, 133.09, 202.13], [11.88, 14.87, 274.38, 264.87]]"
4149,/home/pi/sambashare/BacArbeit/cocoval2017/000000511999.jpg,3.1858761069997854,"['2: car', '6: train', '0: person', '0: person', '0: person', '2: car', '74: clock']","[2, 6, 0, 0, 0, 2, 74]","[0.9169883, 0.91527, 0.9049649, 0.89584905, 0.8865992, 0.8025435, 0.5929463]","[[523.53, 212.74, 82.49, 61.01], [146.36, 118.69, 377.82, 288.76], [161.8, 199.17, 47.98, 138.62], [104.18, 185.63, 40.91, 136.21], [210.04, 195.24, 35.49, 131.41], [616.26, 226.48, 23.36, 54.49], [57.56, 97.44, 25.42, 23.72]]"
4150,/home/pi/sambashare/BacArbeit/cocoval2017/000000047801.jpg,3.1705581879996316,"['0: person', '55: cake', '44: spoon', '0: person']","[0, 55, 44, 0]","[0.93815124, 0.872091, 0.5193853, 0.3264456]","[[62.26, 82.94, 501.43, 438.64], [243.41, 361.2, 93.87, 72.57], [199.07, 230.93, 118.44, 39.26], [590.2, 392.06, 8.73, 16.6]]"
4151,/home/pi/sambashare/BacArbeit/cocoval2017/000000408696.jpg,3.192657572999451,"['0: person', '0: person', '61: toilet', '0: person']","[0, 0, 61, 0]","[0.9259386, 0.90457827, 0.820563, 0.39861134]","[[250.52, 43.03, 246.14, 418.42], [409.73, 47.59, 229.73, 422.96], [239.61, 273.62, 117.97, 142.93], [451.5, 27.34, 57.09, 56.73]]"
4152,/home/pi/sambashare/BacArbeit/cocoval2017/000000154705.jpg,3.1836981149990606,"['66: keyboard', '64: mouse', '66: keyboard', '63: laptop', '64: mouse', '62: tv', '73: book', '67: cell phone', '73: book']","[66, 64, 66, 63, 64, 62, 73, 67, 73]","[0.92303485, 0.8875302, 0.8864724, 0.865514, 0.8496196, 0.83322424, 0.50061816, 0.30024794, 0.25735304]","[[322.33, 278.26, 116.46, 28.07], [417.95, 303.46, 20.75, 17.25], [201.24, 275.88, 100.04, 14.14], [217.23, 211.28, 78.02, 53.2], [521.07, 312.44, 26.86, 16.46], [338.31, 193.64, 95.42, 82.43], [198.27, 201.17, 34.51, 41.05], [468.56, 251.74, 13.57, 35.36], [441.44, 291.65, 50.41, 20.83]]"
4153,/home/pi/sambashare/BacArbeit/cocoval2017/000000465806.jpg,3.1838560899996082,"['0: person', '46: banana', '45: bowl', '41: cup', '0: person', '43: knife', '46: banana', '43: knife']","[0, 46, 45, 41, 0, 43, 46, 43]","[0.7325681, 0.731274, 0.72735226, 0.68369144, 0.6020136, 0.3964635, 0.31927708, 0.2796612]","[[559.87, 218.65, 79.87, 162.1], [50.61, 193.7, 233.14, 117.9], [421.78, 289.71, 83.47, 68.7], [182.86, 287.83, 98.37, 117.22], [1, 1, 485.6, 309.99], [304.81, 375.4, 47.37, 104.55], [186.25, 203.29, 89.15, 44.17], [322.8, 296.62, 104.42, 77.41]]"
4154,/home/pi/sambashare/BacArbeit/cocoval2017/000000451090.jpg,3.1881591260007554,['8: boat'],[8],[0.8523811],"[[145.28, 115.98, 236.82, 201.48]]"
4155,/home/pi/sambashare/BacArbeit/cocoval2017/000000002592.jpg,3.183130141998845,"['41: cup', '43: knife']","[41, 43]","[0.94669765, 0.87285596]","[[222.11, 34.15, 210.64, 211.41], [48.95, 219.63, 559.94, 96.96]]"
4156,/home/pi/sambashare/BacArbeit/cocoval2017/000000491216.jpg,3.1874196259996097,"['16: dog', '72: refrigerator', '39: bottle', '58: potted plant', '45: bowl', '39: bottle', '56: chair', '58: potted plant', '41: cup', '56: chair', '69: oven', '45: bowl', '39: bottle', '39: bottle']","[16, 72, 39, 58, 45, 39, 56, 58, 41, 56, 69, 45, 39, 39]","[0.9122682, 0.84005743, 0.8192885, 0.8152272, 0.7590334, 0.72979087, 0.7151083, 0.6683158, 0.5699589, 0.48392385, 0.4731603, 0.45544654, 0.3903298, 0.31555465]","[[179.88, 421.6, 89.95, 90.85], [1, 32.53, 111.04, 594.83], [260.88, 204.84, 14.95, 38.5], [268.71, 181.14, 35.22, 61.84], [205.47, 214.78, 31.5, 29.55], [307.02, 195.63, 15.12, 47.51], [417.32, 281.48, 62.36, 230.83], [239.04, 168.02, 22.22, 76.08], [129.83, 223.51, 12.51, 16.56], [116.92, 340.32, 73.31, 229.02], [351.29, 286.44, 47.02, 198.95], [239.57, 226.11, 21.35, 18.11], [294.96, 217.97, 11.32, 24.82], [353.5, 571.54, 25.63, 68.15]]"
4157,/home/pi/sambashare/BacArbeit/cocoval2017/000000555009.jpg,3.171146441998644,"['64: mouse', '66: keyboard', '63: laptop', '39: bottle', '62: tv', '62: tv', '39: bottle', '39: bottle', '64: mouse', '66: keyboard']","[64, 66, 63, 39, 62, 62, 39, 39, 64, 66]","[0.9362296, 0.93045694, 0.92451024, 0.8237991, 0.80219287, 0.7432974, 0.6116896, 0.55811155, 0.54396874, 0.260667]","[[392.09, 271.02, 60.03, 55.83], [169.99, 212.17, 183.0, 62.82], [1.02, 107.66, 163.39, 218.18], [452.38, 116.49, 40.98, 98.64], [72.44, 5.23, 194.66, 175.31], [266.14, 1, 215.51, 167.04], [379.37, 152.36, 45.91, 81.44], [473.45, 137.46, 26.52, 111.98], [236.86, 271.65, 83.16, 72.44], [1, 218.48, 133.12, 68.43]]"
4158,/home/pi/sambashare/BacArbeit/cocoval2017/000000440336.jpg,3.1790153719994123,"['0: person', '0: person', '29: frisbee', '0: person', '0: person', '0: person']","[0, 0, 29, 0, 0, 0]","[0.95014286, 0.9367084, 0.925642, 0.91537833, 0.8459926, 0.584912]","[[435.07, 93.85, 64.68, 171.62], [95.73, 116.84, 130.31, 165.81], [256.84, 158.56, 45.31, 15.16], [269.19, 109.18, 73.38, 148.08], [188.91, 129.43, 47.91, 127.95], [241.4, 168.0, 47.66, 72.66]]"
4159,/home/pi/sambashare/BacArbeit/cocoval2017/000000365521.jpg,3.185727517000487,"['0: person', '0: person', '0: person', '0: person', '0: person', '0: person', '36: skateboard', '0: person', '0: person', '0: person', '0: person', '0: person', '0: person']","[0, 0, 0, 0, 0, 0, 36, 0, 0, 0, 0, 0, 0]","[0.95554894, 0.9140919, 0.9106098, 0.8140559, 0.8022708, 0.7178199, 0.7001552, 0.6710686, 0.64026254, 0.63233966, 0.43030947, 0.32838693, 0.31946263]","[[213.37, 38.56, 189.11, 219.05], [13.73, 140.67, 36.8, 88.5], [105.76, 163.56, 57.27, 126.7], [365.95, 299.41, 24.13, 40.61], [337.34, 275.75, 32.34, 58.34], [274.53, 258.37, 23.61, 61.34], [212.06, 242.14, 112.02, 31.95], [52.98, 195.46, 47.28, 51.86], [242.97, 268.62, 30.3, 46.13], [387.42, 306.46, 36.14, 38.55], [291.37, 281.97, 22.31, 40.75], [422.33, 307.05, 5.66, 37.26], [314.62, 288.63, 26.49, 38.56]]"
4160,/home/pi/sambashare/BacArbeit/cocoval2017/000000255749.jpg,3.185360489998857,"['5: bus', '0: person', '0: person', '0: person', '0: person', '0: person']","[5, 0, 0, 0, 0, 0]","[0.8506678, 0.8203064, 0.80961716, 0.667212, 0.61574775, 0.32591113]","[[97.09, 113.33, 367.55, 208.66], [265.55, 180.76, 45.75, 33.8], [162.59, 169.85, 49.95, 59.53], [75.96, 178.18, 47.95, 147.23], [234.39, 170.36, 33.81, 45.3], [200.64, 157.31, 163.21, 96.22]]"
4161,/home/pi/sambashare/BacArbeit/cocoval2017/000000229849.jpg,3.185922984001081,"['0: person', '0: person', '0: person', '56: chair', '0: person', '56: chair', '0: person', '0: person', '0: person', '0: person', '56: chair', '34: baseball bat', '56: chair', '56: chair', '56: chair', '34: baseball bat', '56: chair', '0: person', '0: person', '0: person', '56: chair', '0: person', '0: person', '56: chair', '0: person']","[0, 0, 0, 56, 0, 56, 0, 0, 0, 0, 56, 34, 56, 56, 56, 34, 56, 0, 0, 0, 56, 0, 0, 56, 0]","[0.9239895, 0.69392306, 0.5964461, 0.5494844, 0.5363152, 0.4957724, 0.47276446, 0.46583226, 0.44222674, 0.4278771, 0.42674437, 0.41432336, 0.3896606, 0.35853574, 0.34056312, 0.3156236, 0.30143738, 0.2935889, 0.29101223, 0.28673622, 0.2793514, 0.2720018, 0.2610943, 0.25597432, 0.25023076]","[[161.43, 163.28, 247.2, 361.05], [92.6, 313.02, 58.17, 78.35], [94.98, 352.74, 55.68, 67.45], [129.87, 303.49, 39.49, 17.9], [15.85, 320.53, 79.3, 98.73], [91.57, 274.82, 38.18, 15.55], [192.12, 359.58, 52.52, 60.85], [362.04, 287.57, 45.41, 78.17], [282.05, 174.92, 37.43, 72.84], [363.35, 235.27, 59.05, 55.48], [86.73, 304.33, 40.66, 17.97], [408.86, 128.83, 17.8, 14.02], [46.58, 305.46, 40.23, 17.63], [130.47, 273.03, 39.49, 15.49], [169.49, 303.23, 42.13, 54.5], [61.2, 121.69, 77.86, 39.11], [393.72, 354.31, 33.28, 24.89], [232.7, 140.76, 43.96, 50.48], [387.32, 281.59, 35.63, 54.45], [46.15, 320.99, 49.34, 62.27], [134.58, 245.34, 35.43, 14.54], [84.63, 178.95, 35.83, 57.61], [331.56, 199.49, 90.31, 89.86], [163.9, 133.42, 31.21, 17.97], [141.46, 198.09, 44.65, 48.23]]"
4162,/home/pi/sambashare/BacArbeit/cocoval2017/000000138856.jpg,3.184753458001069,"['55: cake', '69: oven', '39: bottle']","[55, 69, 39]","[0.5254332, 0.29932162, 0.25771195]","[[210.98, 219.08, 210.92, 176.19], [1, 2.48, 632.39, 475.7], [103.67, 1, 43.22, 44.54]]"
4163,/home/pi/sambashare/BacArbeit/cocoval2017/000000136772.jpg,3.1784049140005664,['45: bowl'],[45],[0.62051034],"[[73.04, 21.21, 361.67, 303.21]]"
4164,/home/pi/sambashare/BacArbeit/cocoval2017/000000147205.jpg,3.179210737998801,"['55: cake', '50: broccoli']","[55, 50]","[0.50580734, 0.3418447]","[[1, 96.02, 125.07, 139.81], [386.19, 1, 253.17, 140.96]]"
4165,/home/pi/sambashare/BacArbeit/cocoval2017/000000269121.jpg,3.1770667119999416,"['0: person', '38: tennis racket']","[0, 38]","[0.942134, 0.7971127]","[[146.07, 36.58, 220.83, 548.51], [346.49, 212.92, 84.74, 94.41]]"
4166,/home/pi/sambashare/BacArbeit/cocoval2017/000000476491.jpg,3.185608218998823,"['0: person', '2: car', '0: person']","[0, 2, 0]","[0.45964137, 0.34453502, 0.29359332]","[[111.71, 230.78, 9.15, 39.41], [141.5, 230.46, 9.33, 14.56], [111.99, 232.07, 8.37, 17.71]]"
4167,/home/pi/sambashare/BacArbeit/cocoval2017/000000462643.jpg,3.17819543800033,"['67: cell phone', '67: cell phone', '0: person']","[67, 67, 0]","[0.6183022, 0.4901514, 0.30608693]","[[21.0, 77.01, 280.76, 456.0], [357.95, 581.64, 66.31, 57.8], [1, 78.42, 125.73, 538.7]]"
4168,/home/pi/sambashare/BacArbeit/cocoval2017/000000460494.jpg,3.1729205200008437,"['45: bowl', '42: fork', '41: cup', '50: broccoli', '50: broccoli', '45: bowl']","[45, 42, 41, 50, 50, 45]","[0.87642676, 0.87140733, 0.7748696, 0.62111115, 0.41301858, 0.3579128]","[[1, 1, 126.9, 101.63], [1, 313.26, 336.25, 112.22], [148.89, 1, 135.32, 154.18], [108.81, 200.28, 126.6, 99.58], [111.94, 201.56, 229.15, 140.11], [39.44, 141.05, 528.34, 235.19]]"
4169,/home/pi/sambashare/BacArbeit/cocoval2017/000000206831.jpg,3.179548922998947,"['16: dog', '16: dog']","[16, 16]","[0.74522305, 0.28335613]","[[13.68, 52.36, 378.25, 371.78], [5.8, 212.14, 633.82, 208.59]]"
4170,/home/pi/sambashare/BacArbeit/cocoval2017/000000000139.jpg,3.188195253000231,"['62: tv', '75: vase', '56: chair', '75: vase', '62: tv', '56: chair', '58: potted plant', '74: clock', '75: vase', '75: vase', '56: chair', '75: vase', '73: book', '60: dining table', '60: dining table', '73: book', '58: potted plant', '72: refrigerator', '56: chair']","[62, 75, 56, 75, 62, 56, 58, 74, 75, 75, 56, 75, 73, 60, 60, 73, 58, 72, 56]","[0.9231755, 0.88292074, 0.86140555, 0.8114257, 0.7611615, 0.7242637, 0.695073, 0.6768248, 0.6409213, 0.6016638, 0.595757, 0.5490289, 0.43189552, 0.39853397, 0.35306707, 0.29812348, 0.29632086, 0.2735017, 0.2629315]","[[5.64, 166.35, 149.36, 96.88], [166.22, 233.07, 20.39, 34.52], [291.24, 217.75, 61.47, 99.67], [548.65, 298.7, 38.57, 103.11], [558.27, 208.17, 81.3, 77.72], [361.62, 219.62, 62.37, 97.43], [231.93, 177.42, 34.39, 35.92], [448.4, 120.46, 12.6, 21.84], [349.65, 206.81, 13.18, 24.43], [241.07, 197.66, 11.58, 15.42], [404.23, 219.69, 38.5, 91.73], [360.95, 214.23, 12.83, 17.52], [121.62, 73.25, 5.55, 35.29], [319.4, 226.8, 78.04, 91.73], [461.3, 354.8, 176.26, 70.58], [66.88, 62.43, 5.76, 39.05], [332.64, 176.12, 42.29, 54.77], [441.31, 164.36, 70.78, 126.37], [312.73, 218.46, 28.08, 12.12]]"
4171,/home/pi/sambashare/BacArbeit/cocoval2017/000000384666.jpg,3.190457251001135,"['0: person', '0: person', '0: person', '0: person', '0: person', '25: umbrella', '0: person', '0: person', '30: skis', '0: person', '30: skis', '30: skis']","[0, 0, 0, 0, 0, 25, 0, 0, 30, 0, 30, 30]","[0.92275923, 0.8986736, 0.8856003, 0.87549746, 0.828879, 0.62733454, 0.56729704, 0.51331633, 0.45093343, 0.42798764, 0.41334915, 0.39866045]","[[172.02, 137.08, 65.46, 109.23], [309.17, 124.37, 32.06, 44.83], [361.48, 104.15, 26.39, 33.35], [240.2, 132.58, 25.58, 57.17], [138.02, 102.12, 13.49, 32.14], [1, 56.92, 33.91, 13.69], [225.42, 49.82, 5.55, 13.72], [201.14, 50.25, 8.17, 14.33], [235.82, 180.81, 36.37, 11.56], [447.5, 17.76, 24.52, 22.18], [165.5, 238.74, 57.36, 14.53], [307.79, 165.32, 25.45, 5.9]]"
4172,/home/pi/sambashare/BacArbeit/cocoval2017/000000451308.jpg,3.1915413940005237,"['28: suitcase', '28: suitcase', '28: suitcase', '28: suitcase', '28: suitcase', '28: suitcase', '28: suitcase', '28: suitcase', '28: suitcase', '28: suitcase', '28: suitcase', '28: suitcase', '28: suitcase', '28: suitcase']","[28, 28, 28, 28, 28, 28, 28, 28, 28, 28, 28, 28, 28, 28]","[0.7811491, 0.7094304, 0.7039693, 0.65126085, 0.5712291, 0.543307, 0.46395627, 0.45388493, 0.41672927, 0.3194251, 0.31181115, 0.2928889, 0.27591988, 0.27439684]","[[121.45, 362.55, 152.48, 77.05], [78.6, 423.96, 187.89, 78.8], [76.21, 478.4, 196.82, 84.89], [140.85, 102.39, 132.44, 38.15], [121.36, 314.91, 158.18, 62.55], [125.02, 273.97, 154.54, 56.71], [112.02, 136.28, 171.47, 89.69], [145.06, 47.79, 123.32, 54.11], [113.62, 179.03, 172.94, 63.76], [266.02, 426.31, 42.75, 95.74], [118.83, 227.05, 168.03, 55.2], [272.17, 348.54, 37.84, 81.68], [151.33, 19.72, 108.11, 37.59], [64.55, 296.04, 62.78, 148.57]]"
4173,/home/pi/sambashare/BacArbeit/cocoval2017/000000109992.jpg,3.188521222999043,"['0: person', '31: snowboard']","[0, 31]","[0.9187117, 0.7783843]","[[22.51, 201.81, 70.72, 118.56], [1.75, 310.78, 99.07, 12.45]]"
4174,/home/pi/sambashare/BacArbeit/cocoval2017/000000165831.jpg,3.1842863549991307,"['39: bottle', '45: bowl', '50: broccoli', '50: broccoli']","[39, 45, 50, 50]","[0.66373044, 0.47628307, 0.35521317, 0.31547496]","[[523.37, 1, 115.88, 79.51], [1, 92.84, 639, 378.9], [58.29, 152.22, 278.91, 192.06], [458.93, 136.34, 101.12, 93.45]]"
4175,/home/pi/sambashare/BacArbeit/cocoval2017/000000189806.jpg,3.1766379380005674,"['16: dog', '15: cat', '28: suitcase', '28: suitcase', '0: person']","[16, 15, 28, 28, 0]","[0.93548405, 0.9332607, 0.3257699, 0.2810835, 0.280659]","[[262.24, 191.91, 178.51, 107.38], [129.6, 165.13, 96.1, 105.44], [27.76, 12.96, 40.73, 71.11], [1, 104.37, 53.87, 32.93], [12.39, 350.84, 141.28, 48.53]]"
4176,/home/pi/sambashare/BacArbeit/cocoval2017/000000013546.jpg,3.1734471329982625,"['0: person', '36: skateboard', '13: bench', '0: person', '2: car', '13: bench', '13: bench']","[0, 36, 13, 0, 2, 13, 13]","[0.87274045, 0.838799, 0.82731825, 0.80049086, 0.72194386, 0.6667303, 0.58572924]","[[488.74, 47.37, 87.08, 195.68], [506.44, 208.59, 41.15, 49.85], [205.31, 113.64, 92.97, 30.08], [456.22, 44.05, 18.21, 58.16], [472.81, 73.37, 46.84, 41.42], [414.07, 108.39, 71.25, 25.11], [318.52, 111.67, 79.59, 24.73]]"
4177,/home/pi/sambashare/BacArbeit/cocoval2017/000000390301.jpg,3.1846929540006386,['10: fire hydrant'],[10],[0.7854408],"[[173.17, 82.75, 77.38, 204.79]]"
4178,/home/pi/sambashare/BacArbeit/cocoval2017/000000098853.jpg,3.187097411999275,"['0: person', '0: person', '0: person', '0: person', '0: person', '0: person', '56: chair', '0: person', '56: chair', '0: person', '56: chair', '0: person', '0: person', '0: person', '56: chair', '56: chair', '0: person', '0: person', '56: chair', '56: chair', '0: person', '0: person', '0: person']","[0, 0, 0, 0, 0, 0, 56, 0, 56, 0, 56, 0, 0, 0, 56, 56, 0, 0, 56, 56, 0, 0, 0]","[0.86998683, 0.7734401, 0.7547258, 0.7407745, 0.7234633, 0.68201643, 0.65921134, 0.63222957, 0.61337686, 0.52768093, 0.51576674, 0.5009057, 0.48671412, 0.4616698, 0.45425868, 0.44033346, 0.4075897, 0.3970854, 0.378999, 0.33725786, 0.30419543, 0.29821914, 0.28310835]","[[72.19, 186.93, 222.43, 323.07], [100.06, 101.69, 43.72, 103.16], [348.37, 89.33, 77.83, 124.74], [221.32, 202.9, 52.17, 139.17], [309.29, 100.45, 57.04, 114.39], [138.96, 103.0, 61.38, 117.21], [202.8, 88.82, 46.81, 63.86], [44.24, 93.69, 58.65, 97.85], [352.17, 87.54, 44.94, 39.09], [245.75, 16.05, 56.38, 159.67], [264.03, 265.84, 15.26, 88.42], [100.71, 50.0, 44.88, 69.8], [194.99, 1, 55.67, 94.38], [1, 94.63, 35.62, 114.4], [402.46, 86.73, 24.47, 53.96], [149.99, 89.24, 48.32, 43.97], [291.22, 1, 52.51, 91.36], [48.7, 45.65, 54.14, 73.6], [372.19, 180.85, 37.09, 29.78], [302.09, 88.17, 44.21, 57.46], [1, 48.96, 48.57, 89.86], [386.82, 1, 39.89, 100.49], [13.39, 1, 55.36, 81.12]]"
4179,/home/pi/sambashare/BacArbeit/cocoval2017/000000402992.jpg,3.1706279609988997,"['19: cow', '19: cow', '19: cow', '19: cow', '19: cow', '19: cow', '19: cow', '19: cow', '19: cow', '19: cow', '19: cow']","[19, 19, 19, 19, 19, 19, 19, 19, 19, 19, 19]","[0.94937253, 0.9310181, 0.91681504, 0.9120511, 0.8967414, 0.8854134, 0.8732593, 0.87029284, 0.8307401, 0.7156088, 0.48196936]","[[139.94, 198.38, 290.36, 210.6], [17.6, 135.2, 301.43, 147.88], [307.96, 115.64, 156.55, 92.86], [414.44, 173.08, 167.26, 132.4], [130.84, 11.87, 78.27, 41.82], [36.02, 25.38, 144.34, 70.74], [56.27, 98.1, 180.61, 57.76], [456.71, 103.06, 115.73, 85.07], [179.72, 1.15, 69.84, 30.87], [1, 1, 23.9, 21.09], [34.19, 25.23, 93.87, 35.49]]"
4180,/home/pi/sambashare/BacArbeit/cocoval2017/000000308193.jpg,3.182902168999135,['74: clock'],[74],[0.9162633],"[[188.75, 233.08, 95.44, 97.01]]"
4181,/home/pi/sambashare/BacArbeit/cocoval2017/000000134112.jpg,3.175120413001423,"['16: dog', '63: laptop', '59: bed']","[16, 63, 59]","[0.9278614, 0.8296621, 0.46646607]","[[195.43, 66.13, 288.48, 206.2], [2.34, 101.21, 394.48, 233.27], [1, 183.61, 238.57, 171.95]]"
4182,/home/pi/sambashare/BacArbeit/cocoval2017/000000458790.jpg,3.182224493000831,[],[],[],[]
4183,/home/pi/sambashare/BacArbeit/cocoval2017/000000114049.jpg,3.1921972230011306,"['0: person', '28: suitcase', '26: handbag', '28: suitcase', '28: suitcase', '0: person', '28: suitcase']","[0, 28, 26, 28, 28, 0, 28]","[0.80970746, 0.7630911, 0.6801347, 0.5842647, 0.43537018, 0.3654424, 0.32113007]","[[146.61, 86.01, 171.55, 248.3], [131.93, 346.84, 150.21, 272.2], [1, 390.11, 47.46, 119.43], [114.86, 286.2, 47.99, 77.46], [53.94, 267.74, 57.84, 143.1], [53.94, 167.87, 68.96, 165.54], [132.76, 332.63, 122.64, 145.66]]"
4184,/home/pi/sambashare/BacArbeit/cocoval2017/000000233771.jpg,3.182348713000465,"['0: person', '0: person', '5: bus', '0: person', '0: person', '0: person', '0: person', '2: car', '25: umbrella', '74: clock', '25: umbrella', '0: person', '0: person', '5: bus', '26: handbag', '2: car']","[0, 0, 5, 0, 0, 0, 0, 2, 25, 74, 25, 0, 0, 5, 26, 2]","[0.93160737, 0.9148895, 0.89500433, 0.8640862, 0.8534778, 0.84060997, 0.8146296, 0.74239665, 0.7411846, 0.6494215, 0.6050074, 0.5845645, 0.5731997, 0.4307287, 0.40697825, 0.2673355]","[[539.41, 406.02, 100.1, 232.62], [86.95, 380.54, 186.0, 258.26], [1, 323.2, 54.72, 119.57], [540.3, 365.42, 76.21, 130.87], [229.34, 439.9, 168.13, 199.24], [462.97, 410.58, 112.68, 228.88], [353.84, 445.1, 133.18, 194.25], [1, 404.97, 21.73, 143.73], [162.68, 357.0, 332.74, 107.36], [526.76, 102.04, 13.17, 29.66], [333.08, 393.31, 174.33, 120.1], [483.37, 401.64, 32.47, 67.18], [536.19, 392.39, 22.43, 24.47], [233.89, 318.67, 266.05, 79.72], [308.38, 522.74, 83.23, 116.51], [99.64, 420.67, 76.32, 56.01]]"
4185,/home/pi/sambashare/BacArbeit/cocoval2017/000000059635.jpg,3.1885205489998043,"['37: surfboard', '37: surfboard', '0: person', '0: person', '0: person', '0: person', '0: person', '37: surfboard', '0: person', '0: person', '0: person', '0: person', '0: person', '0: person', '0: person', '0: person', '0: person', '0: person', '0: person', '0: person', '1: bicycle', '0: person', '0: person', '0: person', '0: person', '0: person', '37: surfboard', '0: person', '1: bicycle', '37: surfboard', '13: bench', '0: person', '0: person', '0: person', '0: person', '0: person', '0: person', '0: person', '0: person', '0: person']","[37, 37, 0, 0, 0, 0, 0, 37, 0, 0, 0, 0, 0, 0, 0, 0, 0, 0, 0, 0, 1, 0, 0, 0, 0, 0, 37, 0, 1, 37, 13, 0, 0, 0, 0, 0, 0, 0, 0, 0]","[0.9206761, 0.9198736, 0.91891676, 0.8858156, 0.8659187, 0.8537479, 0.77866954, 0.77014506, 0.7603728, 0.752003, 0.7394496, 0.73644304, 0.70084393, 0.68361425, 0.65340185, 0.62841755, 0.61753124, 0.60712224, 0.59366274, 0.56147724, 0.5463457, 0.51263964, 0.50408244, 0.46408385, 0.42712638, 0.41059193, 0.40605465, 0.4040444, 0.40085143, 0.38866723, 0.32824907, 0.3194696, 0.30543527, 0.29757044, 0.29533643, 0.28896543, 0.2863318, 0.27115414, 0.27078637, 0.26302588]","[[171.94, 423.6, 52.69, 43.4], [310.65, 502.56, 112.82, 137.44], [270.56, 172.83, 105.1, 144.3], [185.08, 117.15, 65.65, 208.11], [2.8, 372.81, 26.02, 72.03], [3.35, 59.74, 26.18, 70.63], [373.12, 356.49, 26.53, 69.78], [136.51, 178.77, 61.14, 103.55], [347.17, 49.97, 22.68, 58.69], [370.06, 42.21, 27.97, 69.19], [348.76, 363.11, 21.82, 60.05], [32.33, 379.12, 17.08, 64.31], [47.0, 378.94, 14.92, 61.82], [456.76, 25.51, 19.76, 75.81], [415.07, 36.2, 21.15, 61.8], [30.36, 66.66, 19.51, 62.62], [415.45, 347.92, 22.21, 64.54], [182.99, 91.86, 27.92, 66.77], [109.97, 66.79, 15.1, 56.65], [454.44, 341.25, 22.21, 76.67], [257.43, 65.76, 26.98, 32.29], [47.49, 65.68, 14.62, 61.14], [132.67, 399.94, 15.11, 36.59], [76.06, 114.13, 21.16, 51.12], [107.34, 375.32, 16.82, 62.87], [465.19, 406.17, 20.72, 25.96], [182.86, 111.21, 11.69, 35.94], [133.01, 84.35, 15.65, 37.46], [257.58, 388.04, 27.25, 24.22], [54.87, 134.91, 61.69, 28.28], [54.6, 454.74, 50.29, 24.21], [85.31, 66.56, 14.71, 55.7], [176.1, 53.95, 15.19, 68.42], [82.44, 376.88, 18.69, 59.47], [95.65, 66.87, 16.15, 55.06], [71.19, 67.85, 16.05, 57.4], [68.17, 369.86, 16.48, 66.89], [200.66, 367.56, 13.74, 66.78], [465.38, 87.95, 20.34, 28.4], [177.44, 402.06, 25.01, 28.33]]"
4186,/home/pi/sambashare/BacArbeit/cocoval2017/000000095862.jpg,3.190060345001257,"['0: person', '0: person', '0: person', '0: person', '0: person', '0: person', '0: person', '0: person', '0: person', '0: person', '0: person', '0: person', '34: baseball bat', '0: person', '35: baseball glove']","[0, 0, 0, 0, 0, 0, 0, 0, 0, 0, 0, 0, 34, 0, 35]","[0.8816821, 0.87394875, 0.8551544, 0.84656847, 0.8418255, 0.82961404, 0.80189025, 0.7975055, 0.7663628, 0.72843176, 0.71690005, 0.6324004, 0.5772802, 0.45060712, 0.31113118]","[[408.2, 110.77, 20.86, 51.96], [1, 264.23, 129.54, 110.44], [56.96, 113.91, 18.04, 36.26], [98.6, 274.6, 206.8, 99.83], [75.35, 140.7, 31.46, 86.86], [106.88, 178.8, 37.66, 43.23], [355.72, 292.66, 87.75, 82.06], [110.22, 139.38, 27.03, 50.64], [441.53, 284.74, 58.12, 89.98], [356.11, 107.74, 13.96, 32.18], [268.74, 280.4, 94.58, 94.6], [199.75, 99.31, 9.97, 20.85], [117.2, 125.81, 10.63, 22.19], [329.21, 298.08, 44.32, 62.64], [133.46, 188.84, 8.62, 10.68]]"
4187,/home/pi/sambashare/BacArbeit/cocoval2017/000000544605.jpg,3.1826510669998243,['9: traffic light'],[9],[0.72567666],"[[285.53, 311.5, 37.29, 36.01]]"
4188,/home/pi/sambashare/BacArbeit/cocoval2017/000000040036.jpg,3.1928769959995407,"['17: horse', '0: person']","[17, 0]","[0.91487503, 0.79639316]","[[165.04, 54.49, 413.62, 349.34], [305.23, 26.65, 106.55, 208.26]]"
4189,/home/pi/sambashare/BacArbeit/cocoval2017/000000252716.jpg,3.1885475359995326,"['29: frisbee', '0: person']","[29, 0]","[0.9245299, 0.87678665]","[[203.62, 522.88, 186.3, 99.39], [268.81, 183.74, 32.15, 108.87]]"
4190,/home/pi/sambashare/BacArbeit/cocoval2017/000000335081.jpg,3.177639622001152,"['77: teddy bear', '77: teddy bear', '0: person', '77: teddy bear', '77: teddy bear', '77: teddy bear', '77: teddy bear']","[77, 77, 0, 77, 77, 77, 77]","[0.69922173, 0.63159126, 0.5059941, 0.39480704, 0.38819277, 0.30447114, 0.25574335]","[[47.15, 69.88, 230.13, 320.63], [160.22, 162.19, 231.79, 227.52], [441.76, 1, 195.83, 144.09], [487.11, 167.61, 125.71, 109.13], [332.83, 146.36, 198.24, 145.02], [531.78, 126.01, 107.88, 97.76], [587.43, 1, 52.22, 131.06]]"
4191,/home/pi/sambashare/BacArbeit/cocoval2017/000000368961.jpg,3.1832964360000915,"['20: elephant', '20: elephant', '0: person', '32: sports ball', '0: person']","[20, 20, 0, 32, 0]","[0.94570863, 0.9117169, 0.84726775, 0.8146657, 0.6081169]","[[228.53, 190.17, 182.48, 221.24], [166.04, 202.18, 93.8, 176.58], [1, 194.17, 101.09, 283.4], [216.32, 337.3, 46.96, 53.45], [483.91, 67.85, 155.01, 409.12]]"
4192,/home/pi/sambashare/BacArbeit/cocoval2017/000000098287.jpg,3.190596022999671,"['0: person', '0: person', '0: person', '0: person', '0: person', '0: person', '34: baseball bat', '0: person', '0: person', '0: person', '0: person', '0: person', '0: person', '13: bench']","[0, 0, 0, 0, 0, 0, 34, 0, 0, 0, 0, 0, 0, 13]","[0.90553534, 0.89407766, 0.83734727, 0.8202232, 0.76738936, 0.76485515, 0.7577752, 0.6915261, 0.6327406, 0.5634288, 0.541449, 0.41577008, 0.3144855, 0.2909271]","[[165.94, 256.69, 48.62, 109.92], [22.29, 280.44, 67.66, 96.76], [1, 234.85, 22.21, 130.16], [114.96, 236.81, 15.71, 78.62], [380.38, 253.02, 13.56, 46.11], [79.13, 252.12, 15.66, 61.65], [163.17, 234.5, 14.89, 47.75], [236.73, 251.22, 15.34, 52.93], [273.21, 252.75, 11.04, 35.09], [390.0, 253.98, 9.5, 40.53], [206.58, 254.39, 18.37, 27.6], [220.48, 252.9, 13.15, 28.22], [357.88, 259.98, 9.58, 33.35], [250.78, 280.87, 60.92, 18.4]]"
4193,/home/pi/sambashare/BacArbeit/cocoval2017/000000439593.jpg,3.1766663510006765,"['0: person', '6: train', '0: person', '26: handbag', '0: person', '0: person', '0: person']","[0, 6, 0, 26, 0, 0, 0]","[0.89462304, 0.8625683, 0.76306635, 0.75654286, 0.7185143, 0.54190904, 0.53036225]","[[1, 199.19, 43.28, 160.78], [83.56, 51.77, 552.34, 416.54], [34.23, 208.31, 29.89, 96.87], [28.42, 283.85, 20.19, 49.94], [77.44, 219.34, 13.02, 43.2], [70.23, 215.51, 12.1, 44.72], [57.25, 216.83, 14.35, 47.83]]"
4194,/home/pi/sambashare/BacArbeit/cocoval2017/000000459757.jpg,3.189284553998732,"['23: giraffe', '14: bird', '14: bird']","[23, 14, 14]","[0.8983903, 0.57912517, 0.3053485]","[[201.06, 193.56, 171.33, 114.31], [265.92, 161.88, 31.63, 33.21], [354.49, 166.82, 17.14, 38.11]]"
4195,/home/pi/sambashare/BacArbeit/cocoval2017/000000302760.jpg,3.183624007000617,"['71: sink', '39: bottle', '39: bottle', '46: banana']","[71, 39, 39, 46]","[0.8771463, 0.8440385, 0.79740924, 0.46484315]","[[170.01, 197.38, 151.08, 68.78], [423.79, 262.66, 56.94, 112.34], [214.97, 111.11, 24.08, 80.25], [380.81, 242.11, 118.92, 62.88]]"
4196,/home/pi/sambashare/BacArbeit/cocoval2017/000000227686.jpg,3.1724629000000277,['17: horse'],[17],[0.8031371],"[[1, 221.39, 350.73, 346.22]]"
4197,/home/pi/sambashare/BacArbeit/cocoval2017/000000263594.jpg,3.1929026689995226,"['2: car', '2: car', '2: car', '2: car', '7: truck', '2: car', '2: car', '14: bird', '2: car']","[2, 2, 2, 2, 7, 2, 2, 14, 2]","[0.9410369, 0.88146526, 0.84946996, 0.8407968, 0.8182274, 0.6228258, 0.5287708, 0.30517116, 0.2534111]","[[31.32, 143.03, 419.35, 141.9], [446.06, 173.79, 53.49, 62.68], [298.03, 145.88, 109.94, 36.22], [456.16, 136.51, 43.64, 46.59], [15.05, 147.25, 69.33, 39.83], [44.82, 165.8, 82.71, 25.74], [1, 165.33, 76.34, 84.12], [126.17, 269.28, 39.08, 23.45], [83.35, 159.55, 39.72, 8.55]]"
4198,/home/pi/sambashare/BacArbeit/cocoval2017/000000319935.jpg,3.196634117999565,"['56: chair', '57: couch', '59: bed', '62: tv', '58: potted plant', '56: chair', '73: book', '56: chair', '73: book', '60: dining table', '75: vase', '75: vase', '56: chair']","[56, 57, 59, 62, 58, 56, 73, 56, 73, 60, 75, 75, 56]","[0.9445447, 0.9428722, 0.9018686, 0.855869, 0.85404265, 0.8394404, 0.8005913, 0.7901181, 0.7652705, 0.38396266, 0.3364476, 0.3115348, 0.26738703]","[[104.8, 229.7, 151.47, 144.94], [398.81, 238.54, 240.5, 158.02], [11.69, 198.99, 204.47, 104.81], [188.27, 170.58, 31.43, 23.0], [474.92, 217.13, 86.0, 45.85], [423.08, 205.25, 47.03, 53.14], [356.76, 266.38, 51.16, 18.81], [367.78, 199.32, 33.36, 49.12], [328.07, 276.89, 47.93, 21.07], [370.84, 201.2, 80.82, 52.46], [119.02, 191.0, 18.39, 16.66], [505.58, 247.17, 24.66, 16.07], [231.19, 196.81, 23.38, 31.29]]"
4199,/home/pi/sambashare/BacArbeit/cocoval2017/000000414510.jpg,3.169615438000619,"['2: car', '2: car', '7: truck', '7: truck', '0: person', '0: person', '0: person', '2: car', '2: car', '0: person', '2: car', '11: stop sign']","[2, 2, 7, 7, 0, 0, 0, 2, 2, 0, 2, 11]","[0.9373342, 0.91801393, 0.91109776, 0.91009074, 0.90118223, 0.8369103, 0.80676746, 0.39729932, 0.36830068, 0.29249322, 0.28427118, 0.25599608]","[[45.43, 196.9, 58.87, 43.57], [196.0, 192.08, 185.43, 93.49], [171.9, 163.96, 62.91, 73.4], [232.94, 33.41, 245.75, 254.86], [114.5, 246.49, 143.26, 155.15], [72.27, 267.5, 62.8, 120.9], [199.09, 187.26, 50.87, 88.35], [1.43, 195.68, 16.58, 12.14], [12.36, 195.36, 16.29, 10.11], [170.14, 188.9, 5.81, 22.43], [465.76, 297.69, 14.09, 72.37], [1, 201.44, 24.62, 72.63]]"
4200,/home/pi/sambashare/BacArbeit/cocoval2017/000000205401.jpg,3.1934167069994146,"['8: boat', '8: boat', '8: boat', '8: boat', '8: boat']","[8, 8, 8, 8, 8]","[0.61283225, 0.5397747, 0.3916919, 0.27655736, 0.25934362]","[[162.32, 147.29, 213.51, 123.16], [368.41, 203.92, 128.89, 59.46], [110.73, 190.48, 57.83, 20.09], [456.3, 168.74, 35.23, 5.57], [346.12, 170.02, 18.4, 6.09]]"
4201,/home/pi/sambashare/BacArbeit/cocoval2017/000000143068.jpg,3.187878429000193,['14: bird'],[14],[0.6993938],"[[149.8, 19.78, 179.97, 41.71]]"
4202,/home/pi/sambashare/BacArbeit/cocoval2017/000000236412.jpg,3.177882320000208,['45: bowl'],[45],[0.63505834],"[[56.98, 6.29, 556.98, 432.94]]"
4203,/home/pi/sambashare/BacArbeit/cocoval2017/000000054123.jpg,3.1992667890008306,"['22: zebra', '22: zebra', '22: zebra', '22: zebra']","[22, 22, 22, 22]","[0.93849766, 0.9162195, 0.8972701, 0.8845508]","[[526.0, 102.76, 113.62, 187.78], [97.69, 111.19, 442.08, 273.78], [1, 140.05, 53.25, 218.94], [75.83, 121.23, 92.32, 167.22]]"
4204,/home/pi/sambashare/BacArbeit/cocoval2017/000000242724.jpg,3.1923016870005085,"['0: person', '17: horse', '0: person', '17: horse']","[0, 17, 0, 17]","[0.8849868, 0.8797939, 0.8386626, 0.8349491]","[[112.5, 99.83, 110.39, 221.36], [83.75, 142.67, 223.09, 189.23], [330.78, 123.7, 83.11, 194.13], [274.6, 172.29, 247.67, 154.55]]"
4205,/home/pi/sambashare/BacArbeit/cocoval2017/000000342971.jpg,3.1905981880008767,"['0: person', '29: frisbee']","[0, 29]","[0.87506706, 0.3298838]","[[32.69, 121.06, 188.95, 515.56], [111.52, 139.89, 102.41, 37.71]]"
4206,/home/pi/sambashare/BacArbeit/cocoval2017/000000130579.jpg,3.2009579519999534,"['0: person', '35: baseball glove']","[0, 35]","[0.9175252, 0.88103515]","[[175.15, 68.76, 156.77, 493.14], [174.61, 183.55, 63.56, 67.05]]"
4207,/home/pi/sambashare/BacArbeit/cocoval2017/000000002006.jpg,3.195602133999273,"['5: bus', '0: person', '0: person', '0: person', '9: traffic light', '9: traffic light']","[5, 0, 0, 0, 9, 9]","[0.93812716, 0.9134767, 0.7966454, 0.5216323, 0.4528093, 0.3220686]","[[38.6, 79.8, 546.21, 342.2], [4.68, 251.37, 46.5, 109.77], [314.65, 190.04, 64.36, 58.0], [10.18, 53.62, 21.14, 24.55], [55.97, 3.11, 12.78, 29.1], [104.15, 16.8, 9.62, 13.86]]"
4208,/home/pi/sambashare/BacArbeit/cocoval2017/000000383838.jpg,3.177603211001042,"['0: person', '0: person', '65: remote']","[0, 0, 65]","[0.6892484, 0.6633917, 0.537784]","[[356.71, 288.12, 181.23, 298.82], [2.0, 6.35, 424.94, 580.4], [271.03, 420.74, 94.19, 111.38]]"
4209,/home/pi/sambashare/BacArbeit/cocoval2017/000000350679.jpg,3.196024155999112,"['0: person', '55: cake', '0: person', '0: person', '0: person', '0: person', '0: person', '39: bottle', '55: cake', '41: cup', '0: person', '0: person', '60: dining table', '27: tie', '0: person', '0: person', '67: cell phone']","[0, 55, 0, 0, 0, 0, 0, 39, 55, 41, 0, 0, 60, 27, 0, 0, 67]","[0.8808834, 0.86531734, 0.81663275, 0.67565453, 0.6669166, 0.605944, 0.5393734, 0.5093788, 0.49651927, 0.47753692, 0.47400543, 0.42066115, 0.41756946, 0.34640464, 0.33468133, 0.2969798, 0.25717062]","[[31.94, 63.21, 380.1, 362.71], [410.55, 202.03, 89.04, 137.07], [360.19, 105.48, 73.62, 195.04], [13.13, 88.98, 83.2, 266.24], [161.73, 67.89, 54.03, 70.91], [194.45, 67.5, 49.65, 62.29], [76.54, 68.51, 24.14, 23.96], [453.37, 306.78, 54.68, 121.22], [338.67, 320.81, 178.76, 106.23], [296.33, 402.85, 25.25, 25.02], [98.46, 70.47, 69.98, 187.4], [273.27, 15.68, 102.66, 274.38], [288.97, 202.06, 277.85, 224.28], [324.76, 97.67, 20.64, 48.58], [1, 84.78, 46.48, 207.77], [21.85, 51.05, 93.4, 112.01], [294.04, 53.41, 14.95, 15.02]]"
4210,/home/pi/sambashare/BacArbeit/cocoval2017/000000201025.jpg,3.1764172700004565,"['20: elephant', '20: elephant']","[20, 20]","[0.5115041, 0.4170439]","[[1, 2.31, 384.84, 579.8], [1.63, 7.01, 186.88, 508.72]]"
4211,/home/pi/sambashare/BacArbeit/cocoval2017/000000330790.jpg,3.1911778150006285,"['20: elephant', '14: bird', '20: elephant']","[20, 14, 20]","[0.6041024, 0.38390866, 0.2984356]","[[185.29, 58.59, 265.38, 365.02], [548.82, 156.08, 91.18, 193.0], [1, 154.52, 217.25, 271.42]]"
4212,/home/pi/sambashare/BacArbeit/cocoval2017/000000502347.jpg,3.19213086200034,['4: airplane'],[4],[0.7781784],"[[268.86, 86.11, 29.38, 13.72]]"
4213,/home/pi/sambashare/BacArbeit/cocoval2017/000000547144.jpg,3.1819748990001244,"['66: keyboard', '66: keyboard', '63: laptop', '62: tv', '64: mouse', '64: mouse', '62: tv', '66: keyboard']","[66, 66, 63, 62, 64, 64, 62, 66]","[0.9385639, 0.9317968, 0.90389293, 0.89008576, 0.8858161, 0.87875694, 0.8234084, 0.3721312]","[[160.0, 281.86, 170.41, 62.89], [452.74, 252.9, 144.87, 50.24], [26.51, 221.04, 129.67, 135.59], [159.4, 158.01, 145.99, 129.27], [585.37, 262.34, 31.21, 16.97], [321.6, 293.63, 29.67, 21.83], [432.82, 141.53, 120.42, 114.12], [34.46, 302.93, 114.93, 31.22]]"
4214,/home/pi/sambashare/BacArbeit/cocoval2017/000000244181.jpg,3.186709671999779,"['55: cake', '48: sandwich', '39: bottle', '48: sandwich', '41: cup']","[55, 48, 39, 48, 41]","[0.8877549, 0.85975605, 0.85382485, 0.5802637, 0.33589068]","[[1, 201.89, 361.29, 232.39], [149.15, 84.47, 350.23, 230.81], [49.35, 1, 155.37, 129.36], [421.44, 55.8, 172.86, 130.4], [614.08, 1, 25.66, 24.66]]"
4215,/home/pi/sambashare/BacArbeit/cocoval2017/000000120584.jpg,3.1918373909993534,['74: clock'],[74],[0.8942992],"[[267.72, 200.89, 72.41, 77.32]]"
4216,/home/pi/sambashare/BacArbeit/cocoval2017/000000117374.jpg,3.1915900479998527,"['16: dog', '15: cat', '14: bird']","[16, 15, 14]","[0.92700505, 0.89384943, 0.8635284]","[[466.03, 273.6, 80.54, 103.5], [70.24, 218.76, 92.59, 63.25], [303.45, 57.55, 29.31, 57.02]]"
4217,/home/pi/sambashare/BacArbeit/cocoval2017/000000568981.jpg,3.1822407259987813,"['0: person', '0: person', '36: skateboard', '36: skateboard']","[0, 0, 36, 36]","[0.9321695, 0.8014937, 0.78576297, 0.7754772]","[[568.18, 4.91, 70.83, 226.3], [18.58, 215.82, 174.2, 159.8], [582.41, 219.92, 57.03, 24.6], [30.23, 6.84, 347.6, 398.62]]"
4218,/home/pi/sambashare/BacArbeit/cocoval2017/000000233139.jpg,3.1843337749996863,"['74: clock', '74: clock']","[74, 74]","[0.88320476, 0.85622954]","[[53.67, 174.28, 172.65, 171.33], [534.97, 213.28, 104.69, 124.6]]"
4219,/home/pi/sambashare/BacArbeit/cocoval2017/000000579635.jpg,3.185322133000227,"['0: person', '8: boat', '37: surfboard']","[0, 8, 37]","[0.8670029, 0.84954345, 0.82357836]","[[433.06, 260.19, 35.84, 53.04], [184.05, 83.76, 46.18, 66.05], [461.73, 303.32, 34.96, 12.35]]"
4220,/home/pi/sambashare/BacArbeit/cocoval2017/000000125572.jpg,3.183925346000251,"['7: truck', '1: bicycle', '5: bus', '74: clock', '5: bus', '0: person', '0: person', '7: truck', '0: person', '0: person', '5: bus', '0: person', '0: person', '26: handbag', '0: person', '0: person', '1: bicycle', '74: clock', '0: person', '0: person', '0: person', '0: person', '0: person', '0: person', '0: person', '0: person', '0: person', '26: handbag', '0: person', '9: traffic light', '0: person']","[7, 1, 5, 74, 5, 0, 0, 7, 0, 0, 5, 0, 0, 26, 0, 0, 1, 74, 0, 0, 0, 0, 0, 0, 0, 0, 0, 26, 0, 9, 0]","[0.9164269, 0.90397674, 0.9038339, 0.8824543, 0.842305, 0.79632133, 0.7852652, 0.7762724, 0.77325135, 0.7483933, 0.73773926, 0.6449012, 0.63443065, 0.6202298, 0.60890204, 0.58624417, 0.562498, 0.5399322, 0.53959864, 0.533078, 0.5139717, 0.5092237, 0.45995218, 0.45818806, 0.43581194, 0.4316979, 0.4002488, 0.3723471, 0.32686824, 0.2837771, 0.2742251]","[[558.85, 304.92, 80.89, 55.46], [365.07, 355.57, 95.89, 71.43], [46.23, 312.64, 78.52, 43.89], [70.57, 110.1, 28.28, 26.07], [1, 316.29, 18.55, 40.34], [386.48, 317.2, 50.84, 84.91], [85.7, 336.75, 17.82, 33.53], [535.47, 318.67, 36.1, 37.55], [20.51, 336.6, 14.92, 35.8], [128.74, 334.98, 15.47, 33.35], [17.42, 320.59, 33.04, 31.23], [247.32, 337.18, 13.15, 24.38], [264.82, 337.91, 10.9, 22.55], [429.26, 364.21, 26.46, 17.88], [491.66, 338.17, 14.58, 20.94], [301.35, 338.53, 13.4, 23.77], [493.7, 346.73, 14.29, 13.7], [46.2, 113.57, 8.81, 23.18], [447.81, 337.7, 10.83, 21.4], [185.05, 339.77, 7.86, 16.4], [233.67, 337.98, 10.4, 22.86], [278.11, 339.03, 10.45, 23.61], [284.84, 339.14, 11.55, 22.08], [220.37, 337.65, 10.14, 21.83], [439.89, 339.77, 8.19, 17.53], [207.71, 337.88, 9.25, 19.58], [78.98, 340.7, 7.69, 18.52], [371.42, 356.77, 21.27, 22.84], [175.26, 339.49, 7.47, 16.27], [306.55, 311.92, 7.59, 15.77], [517.5, 336.54, 9.77, 18.49]]"
4221,/home/pi/sambashare/BacArbeit/cocoval2017/000000253695.jpg,3.191005958999085,"['14: bird', '0: person']","[14, 0]","[0.838262, 0.77134836]","[[255.62, 43.37, 116.34, 152.65], [70.88, 56.93, 307.06, 583.07]]"
4222,/home/pi/sambashare/BacArbeit/cocoval2017/000000118515.jpg,3.1867310580000776,"['15: cat', '13: bench']","[15, 13]","[0.87768304, 0.71275]","[[267.66, 119.96, 132.43, 159.87], [143.22, 200.3, 495.1, 97.96]]"
4223,/home/pi/sambashare/BacArbeit/cocoval2017/000000095899.jpg,3.1874080049983604,['11: stop sign'],[11],[0.9569347],"[[22.19, 78.13, 260.93, 235.47]]"
4224,/home/pi/sambashare/BacArbeit/cocoval2017/000000275727.jpg,3.184260878000714,"['6: train', '9: traffic light']","[6, 9]","[0.9117677, 0.61323106]","[[40.68, 170.95, 510.06, 216.07], [5.45, 204.03, 18.05, 38.23]]"
4225,/home/pi/sambashare/BacArbeit/cocoval2017/000000247917.jpg,3.175465856000301,"['0: person', '0: person', '0: person', '35: baseball glove', '35: baseball glove', '0: person', '0: person', '0: person', '0: person', '35: baseball glove', '0: person', '0: person', '0: person', '35: baseball glove', '35: baseball glove']","[0, 0, 0, 35, 35, 0, 0, 0, 0, 35, 0, 0, 0, 35, 35]","[0.93721163, 0.91524285, 0.90118223, 0.8863054, 0.8854952, 0.87943816, 0.87520885, 0.8688079, 0.8276352, 0.7957625, 0.7349409, 0.652678, 0.6154333, 0.6142092, 0.5487335]","[[458.84, 221.79, 136.91, 335.77], [138.82, 235.39, 124.13, 357.31], [32.83, 208.17, 121.31, 386.33], [295.12, 419.01, 46.03, 65.52], [553.57, 386.46, 40.63, 55.13], [381.4, 217.68, 106.3, 338.2], [334.24, 95.06, 153.12, 207.34], [250.49, 240.37, 85.17, 334.36], [318.47, 240.53, 91.47, 331.24], [375.47, 412.54, 38.63, 60.84], [305.26, 201.86, 50.19, 111.75], [56.65, 56.59, 163.7, 286.66], [158.76, 182.24, 97.65, 155.43], [460.21, 404.52, 34.56, 54.02], [139.84, 354.83, 64.06, 68.96]]"
4226,/home/pi/sambashare/BacArbeit/cocoval2017/000000285788.jpg,3.176070403000267,"['23: giraffe', '14: bird', '23: giraffe', '23: giraffe']","[23, 14, 23, 23]","[0.92002845, 0.55729383, 0.48123857, 0.4226774]","[[191.27, 156.14, 74.23, 160.31], [405.56, 247.29, 43.6, 81.83], [111.05, 120.18, 42.01, 74.05], [108.87, 121.4, 79.58, 108.89]]"
4227,/home/pi/sambashare/BacArbeit/cocoval2017/000000322844.jpg,3.1837479189998703,"['77: teddy bear', '27: tie', '13: bench']","[77, 27, 13]","[0.34079412, 0.2992768, 0.29308483]","[[77.29, 99.28, 302.94, 370.53], [199.29, 258.9, 67.58, 50.6], [1, 91.08, 479, 548.92]]"
4228,/home/pi/sambashare/BacArbeit/cocoval2017/000000522007.jpg,3.1782908179993683,"['68: microwave', '69: oven', '15: cat', '39: bottle', '39: bottle', '72: refrigerator', '39: bottle']","[68, 69, 15, 39, 39, 72, 39]","[0.93028593, 0.77922505, 0.6151421, 0.40831777, 0.37731335, 0.33937743, 0.2846641]","[[539.22, 293.15, 100.6, 127.26], [394.49, 334.6, 145.66, 145.02], [1, 167.06, 58.26, 75.45], [192.74, 366.75, 10.57, 19.09], [202.14, 366.63, 14.48, 19.04], [469.35, 377.4, 169.9, 101.95], [108.79, 338.74, 24.68, 17.5]]"
4229,/home/pi/sambashare/BacArbeit/cocoval2017/000000530146.jpg,3.179252613001154,"['41: cup', '42: fork', '41: cup', '45: bowl', '43: knife', '48: sandwich', '41: cup', '55: cake']","[41, 42, 41, 45, 43, 48, 41, 55]","[0.92042094, 0.8934144, 0.8753371, 0.83457905, 0.71644795, 0.62898403, 0.30314693, 0.25594822]","[[524.85, 1, 114.71, 103.72], [578.39, 242.71, 61.05, 48.14], [398.15, 1, 97.5, 45.76], [1, 1, 120.63, 176.69], [1, 270.25, 151.13, 93.51], [102.48, 4.12, 270.21, 299.58], [1, 163.72, 49.01, 133.18], [309.0, 177.5, 277.27, 323.75]]"
4230,/home/pi/sambashare/BacArbeit/cocoval2017/000000089271.jpg,3.1858531210000365,['15: cat'],[15],[0.45904467],"[[3.32, 170.54, 632.91, 353.46]]"
4231,/home/pi/sambashare/BacArbeit/cocoval2017/000000131431.jpg,3.1708305359989026,['74: clock'],[74],[0.8541956],"[[149.94, 237.04, 97.34, 155.56]]"
4232,/home/pi/sambashare/BacArbeit/cocoval2017/000000436551.jpg,3.1863099349993718,"['14: bird', '14: bird']","[14, 14]","[0.8891685, 0.33728006]","[[493.87, 72.56, 146.13, 264.41], [59.35, 66.93, 469.26, 353.83]]"
4233,/home/pi/sambashare/BacArbeit/cocoval2017/000000383443.jpg,3.184481866999704,"['62: tv', '71: sink', '75: vase', '71: sink']","[62, 71, 75, 71]","[0.7573231, 0.50633836, 0.46843612, 0.31138134]","[[236.48, 124.03, 46.34, 39.08], [1, 269.0, 52.94, 22.11], [116.45, 214.86, 22.8, 31.81], [325.86, 196.27, 82.73, 14.95]]"
4234,/home/pi/sambashare/BacArbeit/cocoval2017/000000200252.jpg,3.181781489000059,"['26: handbag', '59: bed', '26: handbag']","[26, 59, 26]","[0.8156226, 0.7573946, 0.64761317]","[[32.15, 191.88, 169.73, 95.59], [8.39, 114.75, 491.15, 260.25], [196.45, 186.48, 175.56, 106.79]]"
4235,/home/pi/sambashare/BacArbeit/cocoval2017/000000162035.jpg,3.1870492750003905,"['0: person', '0: person', '0: person', '0: person', '0: person']","[0, 0, 0, 0, 0]","[0.8404522, 0.7087628, 0.6793599, 0.51694447, 0.41700876]","[[69.14, 1, 130.14, 311.95], [401.97, 1, 56.92, 17.02], [209.47, 1, 26.7, 30.57], [16.19, 1, 44.0, 41.55], [254.13, 1, 50.24, 45.53]]"
4236,/home/pi/sambashare/BacArbeit/cocoval2017/000000266082.jpg,3.189849005999349,['10: fire hydrant'],[10],[0.9512956],"[[112.06, 267.23, 163.27, 231.56]]"
4237,/home/pi/sambashare/BacArbeit/cocoval2017/000000154358.jpg,3.1946673600014037,"['56: chair', '56: chair', '24: backpack', '58: potted plant', '75: vase', '56: chair', '0: person', '58: potted plant', '75: vase', '45: bowl', '24: backpack', '63: laptop', '60: dining table', '24: backpack', '56: chair']","[56, 56, 24, 58, 75, 56, 0, 58, 75, 45, 24, 63, 60, 24, 56]","[0.91912585, 0.8694137, 0.8611426, 0.81826425, 0.8076628, 0.7721621, 0.7388473, 0.6399131, 0.5786082, 0.5198145, 0.47552702, 0.41508606, 0.3603002, 0.31948408, 0.29887718]","[[158.26, 303.77, 65.89, 70.36], [262.16, 298.38, 28.82, 62.96], [102.31, 423.83, 74.63, 67.61], [356.86, 239.77, 39.59, 68.85], [365.71, 272.93, 22.41, 36.67], [330.68, 469.17, 51.1, 105.93], [20.02, 297.29, 57.95, 73.27], [248.38, 274.26, 22.7, 30.9], [255.62, 289.75, 9.2, 15.37], [339.87, 295.35, 11.37, 9.57], [3.05, 359.39, 44.96, 35.94], [37.61, 314.49, 32.47, 16.32], [12.42, 375.6, 123.07, 62.04], [26.49, 377.11, 24.43, 10.7], [1, 310.23, 65.22, 77.17]]"
4238,/home/pi/sambashare/BacArbeit/cocoval2017/000000516871.jpg,3.18979592299911,"['62: tv', '62: tv']","[62, 62]","[0.37600386, 0.32614216]","[[64.95, 8.69, 538.88, 402.19], [120.28, 19.18, 364.75, 112.84]]"
4239,/home/pi/sambashare/BacArbeit/cocoval2017/000000442993.jpg,3.170520251000198,['74: clock'],[74],[0.72296566],"[[137.56, 141.14, 15.74, 15.33]]"
4240,/home/pi/sambashare/BacArbeit/cocoval2017/000000344909.jpg,3.177805441999226,"['2: car', '2: car', '10: fire hydrant', '2: car']","[2, 2, 10, 2]","[0.8839459, 0.809443, 0.68185335, 0.65650856]","[[427.73, 195.01, 52.01, 44.19], [378.31, 197.54, 62.3, 39.34], [106.82, 2.02, 354.15, 633.87], [362.94, 195.11, 26.09, 39.51]]"
4241,/home/pi/sambashare/BacArbeit/cocoval2017/000000166478.jpg,3.194091508999918,"['63: laptop', '73: book', '45: bowl', '57: couch', '0: person', '45: bowl']","[63, 73, 45, 57, 0, 45]","[0.9163631, 0.7962498, 0.5784185, 0.57800186, 0.43452474, 0.32878092]","[[91.64, 232.37, 140.52, 110.39], [415.37, 276.1, 101.48, 29.04], [189.36, 13.51, 45.03, 26.21], [24.59, 155.33, 611.39, 269.47], [1, 1, 32.02, 31.27], [98.59, 5.37, 63.97, 32.18]]"
4242,/home/pi/sambashare/BacArbeit/cocoval2017/000000057232.jpg,3.1765530560005573,"['75: vase', '75: vase', '34: baseball bat', '34: baseball bat']","[75, 75, 34, 34]","[0.8534362, 0.5074535, 0.3890332, 0.31825826]","[[515.33, 54.45, 65.7, 97.5], [407.24, 16.81, 133.42, 142.87], [52.6, 61.04, 356.03, 110.36], [16.88, 19.35, 351.53, 87.7]]"
4243,/home/pi/sambashare/BacArbeit/cocoval2017/000000067616.jpg,3.177855764999549,"['2: car', '2: car', '0: person', '2: car', '10: fire hydrant', '56: chair', '0: person', '56: chair', '56: chair', '56: chair', '56: chair', '0: person', '56: chair', '0: person', '56: chair', '0: person', '2: car', '56: chair', '56: chair', '10: fire hydrant', '9: traffic light', '60: dining table', '0: person', '56: chair', '56: chair', '0: person']","[2, 2, 0, 2, 10, 56, 0, 56, 56, 56, 56, 0, 56, 0, 56, 0, 2, 56, 56, 10, 9, 60, 0, 56, 56, 0]","[0.94187546, 0.93476415, 0.93214154, 0.91517246, 0.8315377, 0.7700919, 0.73921514, 0.70129526, 0.67542917, 0.67125076, 0.65747654, 0.6160997, 0.6149787, 0.58233625, 0.55178404, 0.53843856, 0.46042883, 0.45037854, 0.41760588, 0.39156097, 0.3661808, 0.34053388, 0.32710615, 0.31504077, 0.3116808, 0.26415887]","[[391.13, 340.71, 146.8, 104.18], [549.85, 348.32, 87.47, 66.59], [1, 342.25, 53.47, 135.49], [526.72, 359.36, 61.04, 66.81], [217.31, 394.38, 29.96, 64.96], [113.01, 389.1, 39.54, 54.77], [161.55, 361.93, 27.38, 35.62], [84.41, 389.06, 29.08, 50.45], [266.88, 388.27, 33.82, 46.14], [312.14, 389.08, 34.23, 52.67], [171.85, 399.08, 27.41, 43.36], [114.62, 364.27, 39.95, 49.96], [241.71, 395.88, 24.42, 41.17], [82.79, 361.99, 32.72, 57.89], [342.05, 387.9, 29.87, 34.87], [136.94, 365.05, 18.81, 25.59], [613.5, 355.57, 26.35, 43.08], [360.01, 387.14, 20.93, 35.08], [296.86, 390.68, 20.87, 36.4], [225.26, 395.38, 34.57, 48.63], [620.77, 249.98, 10.78, 18.99], [148.52, 395.01, 35.06, 43.4], [85.26, 363.69, 67.86, 65.52], [256.66, 395.35, 22.7, 42.35], [266.2, 389.39, 80.64, 45.93], [226.85, 383.93, 20.03, 12.26]]"
4244,/home/pi/sambashare/BacArbeit/cocoval2017/000000155051.jpg,3.1861228349989688,"['74: clock', '29: frisbee']","[74, 29]","[0.9390755, 0.6631206]","[[388.36, 30.42, 217.81, 233.68], [73.64, 386.74, 43.44, 44.49]]"
4245,/home/pi/sambashare/BacArbeit/cocoval2017/000000221017.jpg,3.1754392079983518,['14: bird'],[14],[0.94421417],"[[242.16, 225.31, 194.64, 205.98]]"
4246,/home/pi/sambashare/BacArbeit/cocoval2017/000000173004.jpg,3.1726366610000696,"['44: spoon', '41: cup', '39: bottle', '44: spoon', '39: bottle', '44: spoon', '39: bottle', '0: person', '45: bowl', '43: knife', '45: bowl', '44: spoon', '45: bowl']","[44, 41, 39, 44, 39, 44, 39, 0, 45, 43, 45, 44, 45]","[0.9363832, 0.925353, 0.91732085, 0.8907669, 0.8789207, 0.86572677, 0.82643163, 0.74509436, 0.5255561, 0.4636485, 0.4518286, 0.40897202, 0.28790143]","[[123.8, 215.37, 155.81, 150.6], [125.81, 10.7, 80.87, 138.05], [1, 46.11, 84.79, 194.08], [402.91, 226.69, 180.14, 78.68], [23.5, 1, 115.99, 169.9], [196.54, 49.28, 121.74, 25.11], [93.55, 1, 58.01, 120.07], [589.25, 1, 50.02, 95.67], [423.47, 85.1, 216.53, 175.84], [365.13, 59.93, 138.5, 21.31], [212.25, 40.5, 203.18, 80.88], [619.68, 172.97, 20.15, 28.15], [214.69, 175.54, 243.54, 213.24]]"
4247,/home/pi/sambashare/BacArbeit/cocoval2017/000000380706.jpg,3.1748410939999303,"['0: person', '0: person', '5: bus', '1: bicycle', '0: person', '9: traffic light', '5: bus', '2: car']","[0, 0, 5, 1, 0, 9, 5, 2]","[0.8768885, 0.848064, 0.832077, 0.8227112, 0.8120055, 0.785998, 0.7049545, 0.3769574]","[[271.13, 169.65, 111.14, 213.75], [26.55, 134.8, 44.45, 112.51], [220.67, 107.25, 121.62, 78.16], [290.65, 281.06, 82.77, 115.45], [1, 152.07, 18.04, 118.51], [133.56, 40.24, 46.74, 41.22], [96.03, 120.84, 59.52, 43.54], [152.89, 144.69, 27.1, 20.37]]"
4248,/home/pi/sambashare/BacArbeit/cocoval2017/000000286849.jpg,3.1770197229998303,"['23: giraffe', '23: giraffe', '23: giraffe']","[23, 23, 23]","[0.7831952, 0.7629472, 0.70700485]","[[111.53, 202.14, 154.26, 110.58], [103.19, 96.14, 183.28, 153.53], [120.67, 313.71, 136.95, 112.94]]"
4249,/home/pi/sambashare/BacArbeit/cocoval2017/000000156076.jpg,3.1802117790011835,"['0: person', '0: person', '55: cake', '39: bottle', '0: person', '39: bottle', '41: cup', '39: bottle', '53: pizza', '67: cell phone', '39: bottle', '41: cup', '60: dining table', '43: knife', '42: fork']","[0, 0, 55, 39, 0, 39, 41, 39, 53, 67, 39, 41, 60, 43, 42]","[0.91810083, 0.9144775, 0.8918919, 0.8555701, 0.8473002, 0.80822814, 0.71183825, 0.6628295, 0.6514743, 0.48718765, 0.46513203, 0.42976022, 0.37122682, 0.3551257, 0.3535152]","[[139.58, 4.08, 132.87, 205.12], [389.72, 4.49, 227.77, 184.1], [140.83, 260.84, 344.51, 186.57], [317.22, 131.72, 22.34, 75.0], [1.16, 1, 211.74, 278.95], [336.09, 127.04, 29.39, 64.83], [451.91, 126.95, 37.67, 32.12], [470.67, 158.86, 32.79, 46.61], [323.4, 346.88, 131.88, 98.02], [209.48, 147.73, 25.73, 15.13], [400.6, 137.77, 28.63, 53.37], [439.54, 175.19, 33.1, 22.89], [2.27, 131.78, 631.59, 338.42], [160.1, 189.45, 39.89, 38.69], [183.9, 209.98, 15.09, 18.22]]"
4250,/home/pi/sambashare/BacArbeit/cocoval2017/000000512657.jpg,3.1886615750008787,"['0: person', '0: person', '0: person', '65: remote', '65: remote', '57: couch', '74: clock', '74: clock', '37: surfboard']","[0, 0, 0, 65, 65, 57, 74, 74, 37]","[0.9242062, 0.8964392, 0.8854164, 0.7029699, 0.63391685, 0.57347673, 0.5495305, 0.4170296, 0.32091346]","[[396.66, 196.23, 94.31, 229.43], [1, 272.77, 163.62, 153.87], [168.18, 53.52, 196.4, 372.08], [157.93, 53.92, 65.88, 48.41], [416.6, 224.35, 14.34, 33.31], [51.0, 326.57, 589.0, 100.35], [88.17, 162.72, 47.75, 51.81], [599.94, 318.78, 22.54, 23.94], [185.14, 141.46, 357.29, 90.38]]"
4251,/home/pi/sambashare/BacArbeit/cocoval2017/000000245173.jpg,3.181226123999295,"['74: clock', '1: bicycle', '1: bicycle', '1: bicycle']","[74, 1, 1, 1]","[0.8990851, 0.606908, 0.5132243, 0.31940055]","[[243.29, 161.76, 42.6, 40.87], [434.03, 549.36, 37.77, 29.82], [401.94, 548.89, 28.84, 29.74], [421.85, 550.01, 30.27, 28.75]]"
4252,/home/pi/sambashare/BacArbeit/cocoval2017/000000045229.jpg,3.1919150249996164,"['58: potted plant', '69: oven', '58: potted plant', '39: bottle', '73: book', '58: potted plant', '58: potted plant', '41: cup', '39: bottle', '41: cup', '39: bottle', '39: bottle', '73: book', '39: bottle', '73: book', '41: cup']","[58, 69, 58, 39, 73, 58, 58, 41, 39, 41, 39, 39, 73, 39, 73, 41]","[0.8237728, 0.6770551, 0.6468832, 0.56874573, 0.50828874, 0.49065062, 0.48845688, 0.4850921, 0.40047488, 0.33355388, 0.3294841, 0.3159142, 0.31403992, 0.30551413, 0.30174923, 0.2753239]","[[314.94, 386.3, 67.1, 37.7], [1.09, 410.74, 102.04, 68.51], [280.75, 355.38, 24.26, 24.69], [604.51, 156.98, 22.23, 53.44], [620.05, 305.98, 19.28, 63.5], [302.79, 356.81, 24.75, 20.54], [256.41, 358.64, 25.84, 24.05], [261.04, 414.53, 19.69, 12.2], [133.5, 286.27, 11.89, 26.64], [367.61, 365.72, 15.75, 16.46], [113.45, 218.55, 13.5, 34.6], [627.72, 169.56, 12.1, 38.13], [608.32, 303.04, 17.06, 61.28], [62.39, 354.96, 16.39, 28.63], [597.76, 301.43, 39.74, 63.58], [414.37, 368.09, 12.13, 13.84]]"
4253,/home/pi/sambashare/BacArbeit/cocoval2017/000000305309.jpg,3.1876413919999322,"['0: person', '0: person', '34: baseball bat']","[0, 0, 34]","[0.9015559, 0.85322136, 0.6668736]","[[1, 95.05, 184.43, 310.1], [379.99, 40.5, 149.93, 329.76], [513.13, 1, 86.86, 61.54]]"
4254,/home/pi/sambashare/BacArbeit/cocoval2017/000000429109.jpg,3.1968516819997603,"['5: bus', '5: bus', '1: bicycle', '0: person', '0: person', '2: car', '6: train', '6: train', '58: potted plant', '0: person']","[5, 5, 1, 0, 0, 2, 6, 6, 58, 0]","[0.945042, 0.8516484, 0.84408253, 0.73825544, 0.73449004, 0.63303614, 0.6084064, 0.45875356, 0.41523647, 0.3035776]","[[110.51, 248.48, 265.36, 151.43], [302.01, 184.18, 307.75, 102.04], [475.08, 259.09, 39.53, 30.42], [274.24, 225.89, 13.35, 27.58], [479.04, 239.5, 23.95, 33.82], [625.53, 209.57, 14.3, 24.2], [1, 177.11, 179.64, 91.12], [180.36, 151.27, 320.04, 90.79], [446.04, 327.67, 193.09, 98.65], [192.76, 315.68, 20.32, 26.82]]"
4255,/home/pi/sambashare/BacArbeit/cocoval2017/000000311883.jpg,3.1858049700003903,['6: train'],[6],[0.6631135],"[[20.39, 104.36, 619.61, 109.46]]"
4256,/home/pi/sambashare/BacArbeit/cocoval2017/000000502229.jpg,3.198454541998217,"['6: train', '6: train', '6: train']","[6, 6, 6]","[0.8124622, 0.6690796, 0.27658382]","[[12.4, 544.61, 261.39, 56.44], [11.45, 498.89, 572.62, 79.92], [494.79, 457.32, 103.62, 28.56]]"
4257,/home/pi/sambashare/BacArbeit/cocoval2017/000000296634.jpg,3.1893327299985685,"['50: broccoli', '45: bowl', '45: bowl']","[50, 45, 45]","[0.89816225, 0.7487524, 0.26137]","[[42.42, 39.1, 181.35, 180.9], [232.26, 45.58, 375.08, 381.66], [45.7, 229.38, 179.99, 178.7]]"
4258,/home/pi/sambashare/BacArbeit/cocoval2017/000000424521.jpg,3.1767583939999895,"['0: person', '31: snowboard']","[0, 31]","[0.924335, 0.91436327]","[[45.86, 139.67, 133.47, 161.2], [26.11, 263.53, 112.92, 49.46]]"
4259,/home/pi/sambashare/BacArbeit/cocoval2017/000000405432.jpg,3.1859103280003183,"['67: cell phone', '36: skateboard']","[67, 36]","[0.71734595, 0.28626212]","[[299.64, 1, 81.65, 27.24], [1.18, 17.12, 335.56, 352.25]]"
4260,/home/pi/sambashare/BacArbeit/cocoval2017/000000129756.jpg,3.191916682999363,"['0: person', '18: sheep', '16: dog', '18: sheep', '16: dog', '21: bear', '18: sheep', '18: sheep', '18: sheep', '18: sheep']","[0, 18, 16, 18, 16, 21, 18, 18, 18, 18]","[0.93462074, 0.9103422, 0.90633243, 0.8911129, 0.88864046, 0.87786263, 0.86199915, 0.85193986, 0.8396604, 0.7394186]","[[248.2, 216.85, 60.93, 138.11], [479.62, 377.47, 74.24, 89.71], [61.88, 325.54, 61.75, 32.69], [353.02, 372.28, 56.27, 86.98], [397.51, 339.13, 37.59, 26.17], [117.98, 426.13, 136.59, 53.44], [432.54, 370.13, 51.94, 95.62], [394.02, 373.09, 57.86, 85.31], [549.47, 399.41, 47.1, 62.47], [602.62, 440.68, 36.93, 38.79]]"
4261,/home/pi/sambashare/BacArbeit/cocoval2017/000000100510.jpg,3.1955122470008064,"['17: horse', '0: person', '0: person', '0: person']","[17, 0, 0, 0]","[0.9302643, 0.91308904, 0.6940121, 0.45926443]","[[23.87, 71.32, 348.14, 270.73], [524.74, 141.53, 43.39, 90.79], [179.31, 28.79, 86.42, 173.79], [1, 6.35, 18.64, 49.41]]"
4262,/home/pi/sambashare/BacArbeit/cocoval2017/000000542856.jpg,3.176409681998848,"['5: bus', '9: traffic light', '0: person']","[5, 9, 0]","[0.88236713, 0.6770986, 0.29543805]","[[1, 170.08, 588.63, 210.53], [548.42, 58.06, 24.43, 74.15], [137.9, 264.89, 48.0, 52.64]]"
4263,/home/pi/sambashare/BacArbeit/cocoval2017/000000460333.jpg,3.1882287620010175,"['0: person', '56: chair', '15: cat', '59: bed', '56: chair', '29: frisbee']","[0, 56, 15, 59, 56, 29]","[0.90113413, 0.87007177, 0.6634825, 0.64829177, 0.2967689, 0.27402216]","[[301.85, 218.33, 97.03, 114.06], [389.5, 285.46, 249.41, 193.9], [185.9, 429.91, 60.8, 50.02], [101.99, 147.11, 383.84, 268.59], [153.3, 284.02, 81.06, 111.02], [18.92, 402.57, 208.93, 76.97]]"
4264,/home/pi/sambashare/BacArbeit/cocoval2017/000000236599.jpg,3.174781351001002,"['0: person', '33: kite', '33: kite', '29: frisbee', '33: kite', '33: kite', '33: kite', '33: kite', '0: person', '33: kite', '0: person', '33: kite', '33: kite', '13: bench']","[0, 33, 33, 29, 33, 33, 33, 33, 0, 33, 0, 33, 33, 13]","[0.9136596, 0.79960585, 0.7910933, 0.7754804, 0.7746252, 0.76719576, 0.67855376, 0.6486631, 0.6123978, 0.46082956, 0.40390432, 0.30498648, 0.28854683, 0.2538835]","[[409.86, 264.91, 28.24, 38.07], [208.55, 62.53, 76.19, 50.41], [277.9, 88.8, 37.29, 47.5], [480.72, 219.01, 19.06, 40.26], [424.13, 48.78, 52.31, 33.59], [305.45, 92.54, 37.23, 54.88], [367.81, 95.12, 33.39, 21.34], [70.74, 36.83, 88.23, 43.4], [322.06, 165.1, 10.6, 22.11], [164.32, 44.16, 33.34, 28.58], [279.69, 172.86, 12.63, 27.08], [1, 42.16, 26.32, 114.61], [462.67, 70.02, 37.24, 23.96], [1, 306.76, 27.65, 38.82]]"
4265,/home/pi/sambashare/BacArbeit/cocoval2017/000000363784.jpg,3.1728174709987798,"['61: toilet', '71: sink', '61: toilet']","[61, 71, 61]","[0.5946331, 0.5781927, 0.38442016]","[[1, 332.65, 141.14, 146.69], [96.39, 268.88, 147.31, 103.19], [33.46, 446.53, 107.79, 33.07]]"
4266,/home/pi/sambashare/BacArbeit/cocoval2017/000000289417.jpg,3.181225493000966,"['0: person', '0: person', '30: skis', '0: person', '0: person', '0: person', '0: person', '13: bench', '30: skis', '13: bench', '13: bench', '0: person']","[0, 0, 30, 0, 0, 0, 0, 13, 30, 13, 13, 0]","[0.93873364, 0.89247847, 0.88860095, 0.8836182, 0.80274385, 0.7297859, 0.67360514, 0.6605614, 0.49872, 0.4480277, 0.39940882, 0.31798953]","[[272.92, 29.93, 108.52, 184.62], [431.65, 48.39, 28.84, 52.68], [245.6, 186.7, 124.32, 49.11], [453.38, 26.78, 25.11, 63.52], [198.25, 2.35, 53.87, 98.16], [254.29, 49.31, 37.76, 48.95], [258.2, 11.21, 38.96, 57.29], [142.16, 71.6, 43.13, 11.21], [438.43, 97.17, 20.74, 5.82], [90.51, 71.61, 41.45, 11.21], [55.68, 73.77, 22.13, 7.49], [239.59, 42.14, 22.08, 53.26]]"
4267,/home/pi/sambashare/BacArbeit/cocoval2017/000000185157.jpg,3.1820343409999623,"['3: motorcycle', '1: bicycle', '1: bicycle', '1: bicycle']","[3, 1, 1, 1]","[0.37952062, 0.36165768, 0.31260496, 0.2877274]","[[401.88, 557.77, 23.66, 81.2], [2.58, 497.52, 171.41, 130.39], [1.0, 539.73, 97.95, 99.9], [33.84, 491.87, 338.72, 148.13]]"
4268,/home/pi/sambashare/BacArbeit/cocoval2017/000000231339.jpg,3.186435479001375,"['0: person', '39: bottle', '72: refrigerator', '39: bottle', '45: bowl']","[0, 39, 72, 39, 45]","[0.87381047, 0.54263383, 0.45593286, 0.4176525, 0.3543452]","[[195.75, 198.0, 233.17, 294.01], [167.88, 166.96, 27.29, 42.06], [125.18, 1, 354.82, 485.76], [374.65, 75.67, 41.8, 34.11], [248.01, 124.43, 89.95, 59.88]]"
4269,/home/pi/sambashare/BacArbeit/cocoval2017/000000008021.jpg,3.193394554000406,"['0: person', '0: person', '27: tie', '0: person', '56: chair', '56: chair']","[0, 0, 27, 0, 56, 56]","[0.9156485, 0.9029901, 0.8553325, 0.82997406, 0.38964406, 0.28732195]","[[1, 256.38, 311.83, 222.56], [243.88, 100.52, 195.88, 266.69], [316.06, 198.13, 24.75, 104.09], [435.94, 285.9, 204.06, 193.01], [397.11, 384.58, 68.97, 29.79], [386.79, 410.39, 90.49, 69.32]]"
4270,/home/pi/sambashare/BacArbeit/cocoval2017/000000362434.jpg,3.166930131999834,['77: teddy bear'],[77],[0.88126296],"[[177.96, 53.19, 233.19, 227.11]]"
4271,/home/pi/sambashare/BacArbeit/cocoval2017/000000248314.jpg,3.183402605000083,"['64: mouse', '44: spoon', '56: chair', '39: bottle', '63: laptop', '66: keyboard', '56: chair', '73: book']","[64, 44, 56, 39, 63, 66, 56, 73]","[0.93123394, 0.8488918, 0.82544684, 0.79699785, 0.6427701, 0.52171504, 0.50946534, 0.39369562]","[[226.78, 388.1, 110.3, 79.06], [300.06, 245.02, 89.33, 64.54], [539.17, 364.2, 100.07, 115.24], [366.93, 1, 40.69, 82.29], [3.28, 5.11, 340.99, 323.93], [117.38, 123.78, 197.78, 154.46], [439.72, 1, 199.94, 182.92], [371.06, 60.31, 155.33, 96.08]]"
4272,/home/pi/sambashare/BacArbeit/cocoval2017/000000298994.jpg,3.1721059720002813,[],[],[],[]
4273,/home/pi/sambashare/BacArbeit/cocoval2017/000000354547.jpg,3.1796543569998903,"['0: person', '27: tie']","[0, 27]","[0.93569374, 0.84076923]","[[94.4, 58.86, 181.3, 579.15], [209.6, 157.75, 24.13, 105.49]]"
4274,/home/pi/sambashare/BacArbeit/cocoval2017/000000520077.jpg,3.188033999998879,"['64: mouse', '39: bottle', '64: mouse', '73: book', '73: book', '73: book', '73: book', '73: book', '73: book', '73: book', '73: book', '73: book', '73: book', '73: book', '73: book', '73: book', '73: book']","[64, 39, 64, 73, 73, 73, 73, 73, 73, 73, 73, 73, 73, 73, 73, 73, 73]","[0.91173434, 0.8895125, 0.8591055, 0.80756646, 0.7839144, 0.69688267, 0.6804362, 0.6585522, 0.6428489, 0.63083935, 0.59227186, 0.527748, 0.48530215, 0.37594318, 0.33782232, 0.33688593, 0.29424837]","[[590.41, 164.71, 49.3, 44.1], [32.37, 27.64, 75.23, 252.41], [573.52, 201.78, 66.32, 71.54], [130.11, 200.66, 321.91, 51.98], [228.54, 38.15, 205.92, 34.17], [118.94, 151.96, 335.16, 50.48], [79.86, 375.51, 301.46, 51.22], [190.88, 54.62, 238.69, 53.24], [120.29, 310.02, 313.46, 44.81], [133.22, 68.59, 315.5, 76.69], [122.59, 243.14, 313.05, 38.57], [127.89, 344.77, 306.65, 39.8], [170.5, 138.92, 279.48, 37.88], [84.74, 275.3, 351.07, 32.48], [429.33, 274.93, 154.41, 149.21], [78.94, 217.93, 355.81, 75.76], [17.68, 294.5, 430.2, 79.46]]"
4275,/home/pi/sambashare/BacArbeit/cocoval2017/000000572388.jpg,3.186044304000461,['15: cat'],[15],[0.6993741],"[[1.19, 1.28, 185.8, 487.31]]"
4276,/home/pi/sambashare/BacArbeit/cocoval2017/000000440508.jpg,3.1879198330007057,['6: train'],[6],[0.93600225],"[[213.35, 160.66, 307.63, 244.87]]"
4277,/home/pi/sambashare/BacArbeit/cocoval2017/000000134322.jpg,3.186992716999157,"['33: kite', '0: person', '0: person', '8: boat', '0: person', '0: person', '0: person', '0: person', '0: person', '0: person', '0: person', '0: person', '0: person', '0: person', '0: person', '25: umbrella', '0: person', '0: person']","[33, 0, 0, 8, 0, 0, 0, 0, 0, 0, 0, 0, 0, 0, 0, 25, 0, 0]","[0.8970981, 0.74581695, 0.7297816, 0.71335155, 0.7086222, 0.57635665, 0.36576718, 0.35555795, 0.35464475, 0.3395066, 0.33244145, 0.32100394, 0.31868488, 0.2851781, 0.28419322, 0.2808519, 0.27538675, 0.2572348]","[[521.01, 44.54, 87.34, 74.64], [44.55, 460.5, 26.33, 19.27], [24.44, 368.36, 18.66, 40.31], [473.93, 431.73, 164.97, 27.84], [6.4, 366.81, 12.1, 41.47], [205.51, 374.6, 14.9, 28.7], [571.06, 365.54, 9.4, 15.67], [442.48, 353.34, 8.16, 12.2], [214.46, 374.57, 10.59, 28.58], [315.5, 331.23, 7.41, 18.31], [596.28, 353.06, 9.43, 21.39], [552.58, 351.65, 6.8, 17.42], [455.76, 352.19, 10.25, 17.35], [45.61, 471.38, 21.22, 8.52], [556.67, 334.61, 7.04, 17.8], [541.94, 377.84, 37.85, 20.61], [541.11, 334.32, 7.37, 20.67], [574.71, 333.95, 7.39, 22.0]]"
4278,/home/pi/sambashare/BacArbeit/cocoval2017/000000035279.jpg,3.1914129090000642,"['63: laptop', '39: bottle', '0: person', '73: book', '26: handbag', '65: remote', '63: laptop', '64: mouse', '38: tennis racket', '73: book', '73: book']","[63, 39, 0, 73, 26, 65, 63, 64, 38, 73, 73]","[0.9190679, 0.9011556, 0.8520329, 0.8440719, 0.8303779, 0.66623515, 0.52662516, 0.34450665, 0.33125424, 0.3072913, 0.27529007]","[[168.21, 1.07, 234.18, 227.79], [445.57, 64.47, 81.92, 152.3], [1.32, 230.55, 162.96, 231.61], [463.27, 242.45, 166.59, 171.48], [406.26, 1, 233.72, 186.97], [107.1, 150.76, 57.53, 97.92], [94.71, 227.25, 245.61, 161.09], [121.5, 256.89, 45.01, 45.3], [241.31, 363.56, 191.28, 99.35], [1, 141.66, 95.73, 92.57], [1, 90.42, 169.57, 145.68]]"
4279,/home/pi/sambashare/BacArbeit/cocoval2017/000000022892.jpg,3.1685673179999867,"['14: bird', '15: cat', '58: potted plant']","[14, 15, 58]","[0.6768699, 0.5220696, 0.39781827]","[[38.64, 77.19, 248.91, 220.66], [237.59, 21.99, 261.56, 246.21], [243.27, 217.05, 226.84, 116.45]]"
4280,/home/pi/sambashare/BacArbeit/cocoval2017/000000083172.jpg,3.196143581999422,"['0: person', '0: person', '38: tennis racket', '0: person', '32: sports ball', '56: chair']","[0, 0, 38, 0, 32, 56]","[0.92341274, 0.90528613, 0.7845499, 0.7749789, 0.5914471, 0.3623233]","[[160.87, 145.41, 81.01, 169.07], [54.27, 1, 46.06, 107.89], [137.59, 168.16, 30.27, 27.26], [395.54, 53.0, 42.36, 66.76], [241.36, 60.05, 6.54, 6.23], [422.73, 36.9, 32.63, 17.36]]"
4281,/home/pi/sambashare/BacArbeit/cocoval2017/000000106563.jpg,3.199150270998871,['74: clock'],[74],[0.8804712],"[[262.15, 461.72, 87.89, 89.28]]"
4282,/home/pi/sambashare/BacArbeit/cocoval2017/000000221281.jpg,3.187419953999779,"['23: giraffe', '23: giraffe', '23: giraffe', '0: person']","[23, 23, 23, 0]","[0.891041, 0.8820683, 0.7384364, 0.36327302]","[[1, 179.84, 297.22, 392.35], [145.68, 314.63, 127.09, 158.44], [1, 253.25, 50.7, 98.77], [307.22, 199.68, 5.92, 11.74]]"
4283,/home/pi/sambashare/BacArbeit/cocoval2017/000000176232.jpg,3.1962179700003617,"['75: vase', '73: book', '73: book', '73: book', '56: chair', '60: dining table']","[75, 73, 73, 73, 56, 60]","[0.93023133, 0.70136726, 0.550402, 0.40323347, 0.29755133, 0.27690262]","[[170.32, 389.2, 107.68, 229.3], [411.04, 505.51, 68.65, 73.94], [421.26, 480.49, 58.56, 72.1], [425.79, 586.16, 53.97, 53.61], [103.46, 458.27, 69.95, 100.17], [13.23, 552.71, 360.41, 86.48]]"
4284,/home/pi/sambashare/BacArbeit/cocoval2017/000000109827.jpg,3.1974764639999194,['77: teddy bear'],[77],[0.8119019],"[[1.04, 134.84, 406.87, 232.62]]"
4285,/home/pi/sambashare/BacArbeit/cocoval2017/000000183709.jpg,3.1985168410010374,"['0: person', '2: car', '2: car', '0: person', '0: person', '17: horse', '2: car', '0: person', '0: person', '9: traffic light', '2: car', '2: car', '9: traffic light', '0: person', '0: person', '0: person', '0: person', '2: car', '9: traffic light', '9: traffic light', '14: bird', '9: traffic light', '0: person', '26: handbag']","[0, 2, 2, 0, 0, 17, 2, 0, 0, 9, 2, 2, 9, 0, 0, 0, 0, 2, 9, 9, 14, 9, 0, 26]","[0.91851044, 0.911659, 0.8794716, 0.87723154, 0.8738363, 0.8676999, 0.858719, 0.8531583, 0.8136143, 0.8039787, 0.79012424, 0.77834034, 0.7776185, 0.73583555, 0.7017354, 0.6910521, 0.5900464, 0.54237366, 0.43003932, 0.38790864, 0.37577638, 0.37044367, 0.28816682, 0.25168782]","[[76.28, 214.22, 239.55, 422.24], [404.28, 240.81, 44.39, 66.54], [44.81, 233.21, 54.61, 33.5], [1, 217.98, 107.93, 139.96], [214.61, 223.15, 16.75, 54.6], [1, 250.63, 136.05, 387.84], [346.66, 235.79, 51.41, 44.61], [302.48, 119.96, 177.52, 515.16], [310.02, 228.71, 22.57, 51.94], [212.03, 143.3, 21.57, 44.68], [134.52, 230.85, 16.46, 21.73], [396.15, 242.13, 20.75, 30.58], [236.34, 141.62, 15.48, 48.65], [280.64, 228.75, 12.68, 47.55], [294.29, 231.77, 11.1, 45.56], [242.77, 231.89, 11.92, 44.66], [261.48, 232.14, 14.26, 44.73], [335.25, 235.02, 26.23, 42.4], [211.96, 190.04, 11.03, 22.69], [218.12, 142.19, 35.16, 47.82], [389.59, 107.21, 90.05, 100.68], [198.02, 187.45, 7.32, 23.5], [252.47, 230.45, 9.05, 28.2], [320.34, 235.44, 13.25, 30.93]]"
4286,/home/pi/sambashare/BacArbeit/cocoval2017/000000035197.jpg,3.176188284000091,"['0: person', '0: person', '36: skateboard']","[0, 0, 36]","[0.92850417, 0.9067059, 0.8233557]","[[24.43, 2.38, 234.38, 424.04], [369.95, 239.24, 38.65, 79.61], [1, 349.55, 179.33, 102.13]]"
4287,/home/pi/sambashare/BacArbeit/cocoval2017/000000498286.jpg,3.188974374999816,"['2: car', '16: dog']","[2, 16]","[0.88214916, 0.84120035]","[[429.07, 335.37, 181.28, 85.17], [1.36, 10.32, 479.14, 469.27]]"
4288,/home/pi/sambashare/BacArbeit/cocoval2017/000000385190.jpg,3.1840620630009653,"['0: person', '0: person', '0: person', '0: person', '0: person']","[0, 0, 0, 0, 0]","[0.8142926, 0.49758607, 0.446591, 0.38775697, 0.31060433]","[[8.94, 197.94, 18.35, 42.08], [201.62, 149.8, 27.19, 67.4], [1, 213.29, 7.28, 44.93], [248.25, 162.3, 27.17, 62.87], [43.72, 101.73, 127.79, 132.57]]"
4289,/home/pi/sambashare/BacArbeit/cocoval2017/000000119233.jpg,3.171134455998981,"['15: cat', '67: cell phone', '14: bird', '63: laptop', '58: potted plant', '63: laptop']","[15, 67, 14, 63, 58, 63]","[0.75767714, 0.7445049, 0.7243495, 0.5351966, 0.3608553, 0.32361564]","[[55.0, 93.52, 419.89, 179.4], [1, 206.58, 46.13, 29.53], [381.95, 1, 71.58, 90.71], [72.98, 180.31, 245.06, 39.19], [232.44, 1, 196.8, 93.88], [23.28, 6.96, 226.01, 194.43]]"
4290,/home/pi/sambashare/BacArbeit/cocoval2017/000000580294.jpg,3.188359946001583,"['45: bowl', '71: sink', '44: spoon', '0: person', '45: bowl']","[45, 71, 44, 0, 45]","[0.6697285, 0.581938, 0.5567719, 0.551142, 0.3337525]","[[1, 321.03, 190.07, 121.45], [1, 250.49, 444.48, 191.58], [46.65, 326.64, 286.52, 115.63], [405.72, 1, 231.04, 441.21], [362.65, 172.36, 48.23, 29.14]]"
4291,/home/pi/sambashare/BacArbeit/cocoval2017/000000465822.jpg,3.1893640799989953,"['63: laptop', '0: person', '56: chair', '0: person', '0: person', '39: bottle', '0: person', '0: person', '0: person', '74: clock', '63: laptop', '56: chair', '0: person', '0: person', '56: chair', '0: person', '56: chair', '66: keyboard', '56: chair', '0: person', '0: person', '67: cell phone']","[63, 0, 56, 0, 0, 39, 0, 0, 0, 74, 63, 56, 0, 0, 56, 0, 56, 66, 56, 0, 0, 67]","[0.93559027, 0.9033403, 0.886617, 0.804188, 0.80287206, 0.79358613, 0.7566642, 0.7297863, 0.7023804, 0.6709792, 0.6607097, 0.6532006, 0.6515689, 0.5734091, 0.56673676, 0.51719874, 0.4361151, 0.4083319, 0.39169905, 0.37544227, 0.271019, 0.25505447]","[[246.61, 253.63, 132.32, 97.14], [323.22, 194.12, 127.47, 150.86], [1, 265.65, 232.88, 108.81], [1, 171.85, 66.87, 95.73], [54.28, 111.85, 171.51, 159.85], [302.33, 271.35, 19.98, 49.98], [405.71, 173.61, 44.67, 77.93], [286.14, 173.74, 38.55, 60.85], [436.44, 174.84, 63.28, 86.8], [135.83, 85.62, 26.94, 29.02], [396.68, 245.09, 44.55, 30.74], [423.2, 224.85, 76.52, 92.05], [440.04, 149.49, 42.85, 64.95], [480.44, 181.49, 19.49, 46.35], [1, 247.85, 50.62, 66.04], [327.38, 161.67, 69.72, 61.93], [299.01, 228.27, 35.34, 51.33], [279.08, 320.46, 50.84, 19.68], [221.28, 222.32, 87.52, 91.82], [1, 175.27, 32.76, 51.74], [224.62, 173.72, 69.11, 79.26], [352.18, 322.81, 26.5, 9.71]]"
4292,/home/pi/sambashare/BacArbeit/cocoval2017/000000129054.jpg,3.183932644999004,"['22: zebra', '22: zebra', '22: zebra', '22: zebra', '22: zebra', '22: zebra', '22: zebra', '22: zebra', '22: zebra', '22: zebra', '22: zebra']","[22, 22, 22, 22, 22, 22, 22, 22, 22, 22, 22]","[0.89815015, 0.89483446, 0.86630005, 0.86592215, 0.8103253, 0.8092897, 0.78339463, 0.75579214, 0.74194646, 0.6582525, 0.44615188]","[[190.55, 192.08, 36.01, 51.15], [383.91, 200.46, 53.72, 53.41], [250.45, 194.17, 46.34, 44.88], [73.91, 206.35, 49.91, 31.18], [311.83, 191.22, 31.47, 45.82], [294.24, 196.98, 27.37, 40.1], [336.24, 198.29, 72.92, 34.59], [421.26, 211.0, 26.82, 39.83], [139.47, 192.47, 21.29, 51.78], [175.59, 197.23, 18.66, 28.57], [60.97, 203.09, 13.87, 27.57]]"
4293,/home/pi/sambashare/BacArbeit/cocoval2017/000000236845.jpg,3.1898050230010995,"['2: car', '5: bus', '2: car']","[2, 5, 2]","[0.70161873, 0.6058323, 0.44356403]","[[49.71, 425.63, 51.31, 41.24], [1, 390.97, 97.78, 77.53], [1, 431.06, 9.19, 53.34]]"
4294,/home/pi/sambashare/BacArbeit/cocoval2017/000000135561.jpg,3.1943475359985314,"['72: refrigerator', '70: toaster', '71: sink', '45: bowl', '45: bowl', '45: bowl', '45: bowl', '45: bowl', '74: clock', '41: cup']","[72, 70, 71, 45, 45, 45, 45, 45, 74, 41]","[0.9388589, 0.6642554, 0.6569838, 0.64130974, 0.5881113, 0.5041182, 0.450204, 0.35396823, 0.2813123, 0.2779342]","[[211.35, 274.6, 196.85, 204.7], [113.44, 379.36, 66.78, 55.28], [558.64, 395.83, 57.94, 29.74], [415.27, 325.4, 32.51, 18.25], [407.68, 283.54, 23.04, 11.53], [401.57, 457.84, 102.12, 22.16], [41.44, 402.63, 78.02, 46.08], [603.56, 405.37, 27.79, 23.77], [257.03, 214.08, 22.8, 18.5], [370.69, 217.37, 22.05, 15.8]]"
4295,/home/pi/sambashare/BacArbeit/cocoval2017/000000086220.jpg,3.194105741000385,"['5: bus', '2: car', '2: car', '0: person', '36: skateboard']","[5, 2, 2, 0, 36]","[0.9400828, 0.93468636, 0.67490965, 0.44346467, 0.2914336]","[[35.12, 147.99, 476.82, 113.93], [134.19, 207.91, 312.86, 126.52], [1, 212.35, 30.04, 21.5], [296.04, 225.8, 18.86, 24.29], [439.18, 339.88, 39.64, 12.2]]"
4296,/home/pi/sambashare/BacArbeit/cocoval2017/000000213605.jpg,3.178559955998935,"['2: car', '5: bus', '3: motorcycle', '0: person', '0: person']","[2, 5, 3, 0, 0]","[0.93733174, 0.92920077, 0.61356956, 0.44168997, 0.4353462]","[[356.89, 445.54, 122.51, 146.45], [38.3, 367.64, 345.76, 197.04], [420.5, 580.78, 59.13, 58.68], [118.17, 446.98, 17.15, 29.78], [87.93, 437.0, 25.82, 37.77]]"
4297,/home/pi/sambashare/BacArbeit/cocoval2017/000000577584.jpg,3.197588557999552,"['45: bowl', '68: microwave']","[45, 68]","[0.41500244, 0.25644425]","[[68.2, 277.65, 151.0, 78.51], [112.65, 146.88, 242.58, 197.1]]"
4298,/home/pi/sambashare/BacArbeit/cocoval2017/000000273551.jpg,3.1878622839994932,"['3: motorcycle', '3: motorcycle', '3: motorcycle', '19: cow']","[3, 3, 3, 19]","[0.89041764, 0.88595253, 0.88123333, 0.57116777]","[[56.78, 199.66, 411.3, 256.37], [1, 218.23, 129.42, 173.58], [458.0, 201.61, 180.81, 253.61], [81.19, 175.87, 11.98, 12.92]]"
4299,/home/pi/sambashare/BacArbeit/cocoval2017/000000408774.jpg,3.1760788659994432,"['0: person', '0: person', '0: person', '0: person', '35: baseball glove']","[0, 0, 0, 0, 35]","[0.9308332, 0.916078, 0.9139561, 0.7236422, 0.65717584]","[[27.13, 134.83, 58.81, 83.15], [168.59, 123.73, 47.33, 89.63], [220.85, 162.78, 60.41, 18.69], [1, 115.74, 32.47, 214.28], [165.85, 173.28, 11.27, 12.64]]"
4300,/home/pi/sambashare/BacArbeit/cocoval2017/000000353180.jpg,3.1863313729991205,"['0: person', '0: person', '0: person', '0: person', '0: person', '0: person', '5: bus', '0: person', '0: person', '0: person', '24: backpack']","[0, 0, 0, 0, 0, 0, 5, 0, 0, 0, 24]","[0.87443167, 0.8464399, 0.83846855, 0.79835665, 0.78502744, 0.7612266, 0.7546878, 0.6910035, 0.6888415, 0.575558, 0.3739284]","[[37.17, 182.46, 148.91, 236.63], [430.08, 204.3, 77.79, 179.11], [216.21, 174.81, 78.0, 214.81], [554.49, 118.26, 84.63, 280.49], [469.23, 207.64, 117.95, 152.85], [332.39, 181.34, 79.81, 209.67], [202.62, 78.94, 238.1, 127.62], [286.01, 179.57, 53.15, 200.82], [148.19, 196.58, 94.72, 201.21], [385.82, 191.7, 57.69, 190.18], [606.29, 134.14, 33.44, 59.0]]"
4301,/home/pi/sambashare/BacArbeit/cocoval2017/000000309467.jpg,3.183151875000476,"['0: person', '0: person', '30: skis', '30: skis']","[0, 0, 30, 30]","[0.88892716, 0.8716157, 0.81578076, 0.6724592]","[[448.85, 89.43, 61.88, 153.4], [321.58, 96.96, 64.86, 163.33], [432.56, 228.46, 93.66, 19.89], [302.06, 247.02, 111.16, 19.89]]"
4302,/home/pi/sambashare/BacArbeit/cocoval2017/000000416451.jpg,3.1804818689997774,"['0: person', '39: bottle', '39: bottle', '0: person', '39: bottle', '57: couch', '41: cup', '73: book', '65: remote', '65: remote', '65: remote', '73: book', '65: remote', '40: wine glass', '73: book', '65: remote', '73: book', '73: book', '65: remote', '73: book', '73: book', '73: book', '65: remote', '73: book', '73: book']","[0, 39, 39, 0, 39, 57, 41, 73, 65, 65, 65, 73, 65, 40, 73, 65, 73, 73, 65, 73, 73, 73, 65, 73, 73]","[0.9308149, 0.8703362, 0.86758316, 0.866926, 0.7463249, 0.6635342, 0.6099017, 0.58416045, 0.50435686, 0.48922437, 0.40785095, 0.38151762, 0.3756637, 0.34430104, 0.33452457, 0.31191882, 0.29136634, 0.2886088, 0.28647503, 0.28646684, 0.28417063, 0.283624, 0.274886, 0.2606461, 0.25375015]","[[398.29, 229.74, 133.84, 186.56], [616.3, 348.66, 23.49, 84.57], [521.45, 382.77, 28.22, 96.08], [33.89, 89.9, 246.75, 388.81], [496.12, 410.44, 26.77, 63.93], [241.99, 279.65, 290.45, 198.6], [599.96, 368.82, 20.65, 33.12], [551.47, 267.12, 24.6, 33.97], [190.93, 182.86, 38.01, 23.9], [473.65, 409.47, 18.62, 13.22], [498.95, 309.83, 11.9, 10.22], [563.95, 268.01, 19.44, 33.57], [486.68, 309.5, 24.19, 24.72], [568.09, 356.74, 22.43, 31.61], [558.58, 159.55, 31.97, 33.05], [470.57, 290.8, 14.0, 11.7], [556.16, 203.43, 30.57, 44.36], [546.69, 309.19, 17.92, 35.53], [469.94, 291.17, 16.73, 24.85], [565.76, 312.03, 14.85, 39.29], [556.32, 110.26, 35.02, 31.75], [554.76, 309.88, 16.01, 37.67], [624.1, 432.95, 15.58, 15.61], [560.05, 160.56, 11.67, 31.5], [548.04, 308.86, 33.96, 40.41]]"
4303,/home/pi/sambashare/BacArbeit/cocoval2017/000000549930.jpg,3.1759800569998333,"['0: person', '0: person', '25: umbrella', '25: umbrella', '0: person', '0: person', '0: person', '25: umbrella', '25: umbrella']","[0, 0, 25, 25, 0, 0, 0, 25, 25]","[0.9377257, 0.8632772, 0.7228459, 0.56525093, 0.4036707, 0.36474982, 0.35557732, 0.25833762, 0.25661507]","[[81.74, 159.12, 211.74, 398.82], [261.16, 152.71, 114.49, 403.21], [47.0, 31.97, 326.86, 105.48], [457.04, 180.01, 30.49, 17.21], [129.68, 190.59, 11.9, 27.83], [34.87, 190.12, 9.49, 21.33], [80.39, 187.86, 8.11, 15.83], [250.65, 189.1, 19.93, 8.68], [437.43, 179.31, 7.5, 19.17]]"
4304,/home/pi/sambashare/BacArbeit/cocoval2017/000000508602.jpg,3.1910622589984996,"['14: bird', '2: car']","[14, 2]","[0.8832732, 0.35033232]","[[150.13, 81.21, 146.98, 176.82], [5.49, 253.81, 489.97, 172.91]]"
4305,/home/pi/sambashare/BacArbeit/cocoval2017/000000451155.jpg,3.183167608000076,"['62: tv', '59: bed']","[62, 59]","[0.8493467, 0.70100605]","[[252.31, 216.36, 124.47, 91.07], [2.17, 301.8, 480.99, 176.47]]"
4306,/home/pi/sambashare/BacArbeit/cocoval2017/000000319696.jpg,3.1885278209992975,"['68: microwave', '39: bottle', '45: bowl']","[68, 39, 45]","[0.9383351, 0.8514365, 0.593271]","[[13.97, 69.34, 287.82, 178.93], [363.05, 91.11, 50.33, 129.95], [481.77, 209.2, 18.19, 19.46]]"
4307,/home/pi/sambashare/BacArbeit/cocoval2017/000000349860.jpg,3.1920093499993527,"['0: person', '31: snowboard', '0: person', '0: person']","[0, 31, 0, 0]","[0.93707246, 0.929595, 0.74803215, 0.7047129]","[[280.42, 13.71, 184.87, 153.08], [337.93, 107.16, 117.58, 89.04], [47.88, 344.72, 14.17, 29.36], [217.28, 321.28, 10.54, 31.2]]"
4308,/home/pi/sambashare/BacArbeit/cocoval2017/000000176446.jpg,3.1849448989996745,"['67: cell phone', '73: book', '76: scissors']","[67, 73, 76]","[0.85253286, 0.5826655, 0.31538665]","[[1.8, 2.85, 226.97, 257.12], [212.72, 21.31, 425.41, 251.37], [384.18, 50.29, 218.39, 70.97]]"
4309,/home/pi/sambashare/BacArbeit/cocoval2017/000000512776.jpg,3.1971359840008517,"['35: baseball glove', '0: person', '0: person', '0: person']","[35, 0, 0, 0]","[0.8985826, 0.6887388, 0.5977487, 0.36086458]","[[132.76, 22.29, 102.82, 70.05], [130.34, 17.81, 314.61, 282.89], [19.57, 16.31, 213.79, 284.65], [17.05, 116.71, 115.25, 206.49]]"
4310,/home/pi/sambashare/BacArbeit/cocoval2017/000000194724.jpg,3.1782288950016664,"['41: cup', '39: bottle', '67: cell phone', '39: bottle', '39: bottle', '39: bottle', '39: bottle', '39: bottle', '53: pizza', '39: bottle', '39: bottle', '39: bottle', '72: refrigerator', '39: bottle', '56: chair', '60: dining table', '41: cup']","[41, 39, 67, 39, 39, 39, 39, 39, 53, 39, 39, 39, 72, 39, 56, 60, 41]","[0.93546796, 0.92987466, 0.67947775, 0.6774478, 0.66178334, 0.6524498, 0.6352661, 0.60119575, 0.56541795, 0.5340372, 0.53346545, 0.5294101, 0.50505036, 0.43890178, 0.38201532, 0.35985047, 0.27331927]","[[513.02, 134.73, 96.88, 128.38], [417.67, 1, 102.94, 258.28], [567.4, 223.96, 72.42, 62.55], [169.59, 1, 22.48, 54.63], [128.52, 1, 26.08, 54.8], [189.86, 1, 21.82, 54.02], [149.66, 1.0, 22.53, 55.51], [299.74, 1, 22.26, 52.41], [234.16, 261.25, 315.78, 182.88], [278.37, 1, 22.34, 51.38], [332.85, 1, 25.22, 45.27], [209.11, 1, 21.75, 53.84], [96.45, 1, 296.12, 129.97], [260.61, 1, 20.59, 52.53], [382.28, 1.54, 255.37, 142.48], [1, 119.49, 639, 360.51], [1, 1, 21.97, 14.92]]"
4311,/home/pi/sambashare/BacArbeit/cocoval2017/000000286523.jpg,3.183593624999048,"['67: cell phone', '0: person', '67: cell phone', '0: person', '0: person']","[67, 0, 67, 0, 0]","[0.81269, 0.69397354, 0.48472348, 0.36240524, 0.32416096]","[[424.61, 323.76, 62.08, 129.74], [9.81, 161.06, 581.83, 352.94], [286.07, 317.82, 39.22, 92.47], [568.25, 410.51, 59.58, 101.63], [621.64, 416.48, 18.11, 97.34]]"
4312,/home/pi/sambashare/BacArbeit/cocoval2017/000000196141.jpg,3.1753079460013396,"['0: person', '0: person', '0: person', '35: baseball glove', '0: person', '34: baseball bat', '32: sports ball', '2: car', '2: car', '2: car', '2: car']","[0, 0, 0, 35, 0, 34, 32, 2, 2, 2, 2]","[0.950666, 0.9305586, 0.87022245, 0.86231893, 0.8344119, 0.77307665, 0.75059855, 0.57407254, 0.5233664, 0.44370407, 0.28856486]","[[452.64, 205.94, 178.48, 209.6], [246.27, 73.87, 171.23, 296.01], [35.86, 70.59, 33.43, 92.93], [451.46, 208.79, 43.34, 42.04], [551.46, 100.42, 54.04, 113.78], [162.63, 152.83, 87.58, 30.04], [1, 113.2, 20.79, 16.38], [169.7, 74.47, 64.38, 32.28], [463.07, 74.62, 124.96, 63.13], [245.23, 76.02, 52.4, 20.26], [98.39, 70.18, 52.74, 34.18]]"
4313,/home/pi/sambashare/BacArbeit/cocoval2017/000000125211.jpg,3.184397434000857,"['22: zebra', '73: book']","[22, 73]","[0.8952554, 0.43486783]","[[74.84, 96.98, 563.1, 380.65], [536.0, 239.25, 11.27, 32.52]]"
4314,/home/pi/sambashare/BacArbeit/cocoval2017/000000262048.jpg,3.1828233529995487,"['0: person', '0: person', '0: person', '0: person', '0: person', '0: person', '0: person', '0: person', '25: umbrella', '0: person', '0: person', '0: person']","[0, 0, 0, 0, 0, 0, 0, 0, 25, 0, 0, 0]","[0.91695565, 0.8202215, 0.80977196, 0.7990365, 0.7477132, 0.64357936, 0.57422024, 0.5499921, 0.47580934, 0.4298782, 0.41003516, 0.4061395]","[[25.67, 383.89, 288.5, 144.57], [48.54, 185.94, 61.91, 208.09], [119.57, 311.69, 33.78, 70.26], [547.67, 303.01, 36.8, 66.4], [539.1, 259.43, 13.33, 40.93], [568.62, 264.08, 15.22, 13.99], [517.84, 262.16, 9.01, 14.46], [329.82, 357.54, 188.39, 177.2], [74.79, 142.24, 430.96, 293.56], [42.58, 264.77, 14.95, 36.82], [550.69, 253.02, 6.24, 11.12], [330.65, 358.61, 67.9, 105.08]]"
4315,/home/pi/sambashare/BacArbeit/cocoval2017/000000162366.jpg,3.1843150700005936,['12: parking meter'],[12],[0.39610806],"[[358.23, 162.1, 176.01, 233.07]]"
4316,/home/pi/sambashare/BacArbeit/cocoval2017/000000239717.jpg,3.1890659920009057,"['0: person', '0: person', '0: person', '0: person', '0: person', '45: bowl', '0: person', '0: person', '0: person', '0: person', '44: spoon']","[0, 0, 0, 0, 0, 45, 0, 0, 0, 0, 44]","[0.8074592, 0.79917884, 0.71375096, 0.65628433, 0.62535745, 0.58729964, 0.5277954, 0.47056028, 0.33320564, 0.32502654, 0.31911504]","[[3.18, 86.21, 550.82, 553.79], [217.71, 175.33, 53.17, 80.51], [332.21, 130.1, 169.47, 154.77], [494.9, 54.52, 58.89, 278.01], [456.45, 61.39, 65.84, 114.75], [312.81, 591.73, 139.7, 48.27], [380.0, 95.37, 39.03, 70.02], [338.7, 106.76, 55.0, 77.07], [423.45, 124.3, 81.9, 101.01], [332.19, 152.19, 54.44, 70.71], [336.47, 583.99, 14.9, 55.9]]"
4317,/home/pi/sambashare/BacArbeit/cocoval2017/000000068765.jpg,3.1935966840010224,"['64: mouse', '66: keyboard']","[64, 66]","[0.9351867, 0.7539572]","[[1, 61.57, 157.96, 136.99], [1, 14.37, 638.74, 465.63]]"
4318,/home/pi/sambashare/BacArbeit/cocoval2017/000000374982.jpg,3.1823511729999154,"['0: person', '41: cup', '56: chair', '56: chair', '56: chair', '0: person', '53: pizza', '56: chair', '60: dining table', '56: chair', '60: dining table', '56: chair']","[0, 41, 56, 56, 56, 0, 53, 56, 60, 56, 60, 56]","[0.9236534, 0.82498163, 0.7565701, 0.72489804, 0.7083068, 0.6046914, 0.57049686, 0.5537771, 0.47502849, 0.3014928, 0.26534384, 0.25816414]","[[65.69, 1, 225.94, 285.92], [264.26, 275.76, 55.99, 47.79], [285.35, 24.57, 88.25, 147.93], [266.18, 5.44, 45.37, 130.57], [225.89, 1, 40.2, 78.86], [272.98, 54.95, 101.75, 279.75], [1, 270.45, 373.8, 228.25], [260.08, 1, 21.55, 97.8], [1, 1, 139.05, 49.06], [1, 156.14, 90.96, 160.52], [274.4, 1, 98.25, 37.36], [125.63, 1, 20.73, 16.72]]"
4319,/home/pi/sambashare/BacArbeit/cocoval2017/000000281409.jpg,3.1871403899986035,"['0: person', '0: person', '0: person', '34: baseball bat', '0: person', '0: person', '0: person', '35: baseball glove', '0: person', '0: person', '0: person', '0: person', '56: chair', '0: person', '56: chair', '0: person', '0: person']","[0, 0, 0, 34, 0, 0, 0, 35, 0, 0, 0, 0, 56, 0, 56, 0, 0]","[0.9560088, 0.9468255, 0.921852, 0.8850804, 0.8824896, 0.8508598, 0.8363693, 0.81682056, 0.71492094, 0.7076686, 0.616241, 0.59122, 0.5220312, 0.5195718, 0.35787222, 0.35258442, 0.2971074]","[[335.59, 116.6, 242.55, 291.2], [79.15, 227.22, 189.38, 179.21], [8.63, 162.26, 134.27, 242.22], [346.37, 184.77, 58.09, 35.68], [553.71, 1, 84.01, 70.85], [382.95, 6.33, 85.06, 66.87], [480.29, 1.08, 75.66, 71.77], [234.15, 330.53, 38.61, 39.9], [52.01, 1, 59.9, 65.79], [304.36, 1, 87.14, 72.16], [134.33, 1, 91.87, 95.3], [393.55, 1, 74.87, 34.61], [1, 44.13, 51.37, 42.72], [4.55, 1, 58.07, 80.02], [470.82, 32.19, 20.0, 39.31], [461.33, 1, 67.44, 32.92], [540.21, 1, 49.91, 46.13]]"
4320,/home/pi/sambashare/BacArbeit/cocoval2017/000000475365.jpg,3.1864905239999644,['6: train'],[6],[0.5789827],"[[3.35, 5.99, 450.62, 420.01]]"
4321,/home/pi/sambashare/BacArbeit/cocoval2017/000000376278.jpg,3.189678279999498,"['22: zebra', '22: zebra', '22: zebra']","[22, 22, 22]","[0.8644416, 0.8310135, 0.52726513]","[[594.0, 19.1, 45.56, 106.89], [36.04, 78.95, 441.92, 249.99], [465.83, 97.19, 173.2, 83.22]]"
4322,/home/pi/sambashare/BacArbeit/cocoval2017/000000136033.jpg,3.1841463679993467,['71: sink'],[71],[0.89084256],"[[313.49, 369.59, 121.23, 54.0]]"
4323,/home/pi/sambashare/BacArbeit/cocoval2017/000000063965.jpg,3.1912020149993623,"['55: cake', '44: spoon', '0: person']","[55, 44, 0]","[0.76086724, 0.5967346, 0.51244694]","[[196.8, 121.11, 275.56, 156.96], [62.94, 181.42, 99.87, 89.89], [106.62, 198.62, 519.27, 224.33]]"
4324,/home/pi/sambashare/BacArbeit/cocoval2017/000000087470.jpg,3.186443407999832,"['19: cow', '19: cow', '19: cow', '19: cow', '19: cow', '19: cow', '19: cow', '0: person', '17: horse', '19: cow', '19: cow', '19: cow', '19: cow', '19: cow', '19: cow', '19: cow', '19: cow', '19: cow']","[19, 19, 19, 19, 19, 19, 19, 0, 17, 19, 19, 19, 19, 19, 19, 19, 19, 19]","[0.9251185, 0.9234346, 0.88818985, 0.88359535, 0.8799807, 0.81590694, 0.7400226, 0.63899904, 0.4438147, 0.41463494, 0.3882382, 0.38744053, 0.37746736, 0.34615895, 0.32836568, 0.30434993, 0.2613231, 0.25300342]","[[496.46, 138.46, 105.82, 138.82], [75.32, 138.72, 155.04, 271.44], [197.13, 172.71, 102.05, 211.83], [1, 134.22, 83.54, 334.45], [294.24, 176.08, 90.7, 174.35], [421.05, 151.75, 67.98, 119.97], [595.44, 146.15, 44.22, 75.0], [29.47, 79.72, 21.72, 37.92], [446.94, 101.03, 24.89, 45.33], [302.02, 121.67, 27.96, 29.19], [454.97, 146.85, 45.28, 77.91], [351.74, 158.27, 80.37, 92.77], [311.15, 153.22, 46.07, 22.52], [159.76, 111.71, 45.93, 30.64], [274.26, 167.96, 68.67, 38.2], [388.2, 142.28, 32.62, 18.22], [291.35, 146.41, 29.47, 23.71], [343.81, 134.94, 33.47, 23.73]]"
4325,/home/pi/sambashare/BacArbeit/cocoval2017/000000161032.jpg,3.1777708509998774,"['0: person', '25: umbrella', '28: suitcase']","[0, 25, 28]","[0.9038657, 0.9031291, 0.37053433]","[[354.07, 199.14, 168.96, 205.0], [326.65, 144.83, 150.65, 70.65], [609.81, 333.22, 29.86, 74.12]]"
4326,/home/pi/sambashare/BacArbeit/cocoval2017/000000256192.jpg,3.1907402239994553,"['3: motorcycle', '0: person', '0: person', '0: person', '0: person', '0: person', '0: person', '0: person', '0: person', '0: person', '0: person', '26: handbag', '0: person']","[3, 0, 0, 0, 0, 0, 0, 0, 0, 0, 0, 26, 0]","[0.8348442, 0.63002974, 0.6212773, 0.6135825, 0.57607764, 0.5722664, 0.5171907, 0.48100278, 0.41808745, 0.35074845, 0.28302094, 0.2732119, 0.2673207]","[[82.21, 53.73, 490.9, 405.51], [104.99, 36.91, 37.78, 134.76], [24.81, 38.99, 30.02, 65.19], [50.06, 69.17, 45.52, 120.03], [155.69, 22.64, 41.38, 73.2], [125.01, 9.94, 32.53, 68.73], [8.11, 57.66, 42.2, 138.74], [193.86, 51.67, 44.18, 67.22], [142.27, 60.97, 42.64, 110.01], [1, 55.11, 19.53, 140.86], [318.9, 51.66, 33.51, 46.95], [11.66, 100.32, 37.85, 62.03], [79.58, 59.02, 30.08, 111.18]]"
4327,/home/pi/sambashare/BacArbeit/cocoval2017/000000116479.jpg,3.187159746999896,"['59: bed', '59: bed', '59: bed']","[59, 59, 59]","[0.5012778, 0.43400055, 0.34491876]","[[42.92, 341.02, 82.34, 116.44], [50.12, 356.75, 280.33, 277.65], [40.94, 26.97, 300.8, 608.61]]"
4328,/home/pi/sambashare/BacArbeit/cocoval2017/000000180296.jpg,3.1797955660003936,"['28: suitcase', '24: backpack', '24: backpack']","[28, 24, 24]","[0.7039313, 0.45927262, 0.30966413]","[[290.14, 93.38, 345.0, 265.87], [97.61, 159.79, 88.55, 92.95], [1, 99.11, 68.19, 111.52]]"
4329,/home/pi/sambashare/BacArbeit/cocoval2017/000000546475.jpg,3.181738438001048,"['0: person', '67: cell phone', '0: person', '56: chair', '15: cat']","[0, 67, 0, 56, 15]","[0.7532539, 0.6924976, 0.6693991, 0.35601178, 0.3091497]","[[218.46, 104.34, 164.44, 471.29], [163.91, 179.05, 58.8, 73.67], [1.94, 2.56, 378.88, 624.02], [1.06, 294.18, 65.16, 331.85], [1, 391.81, 29.36, 97.34]]"
4330,/home/pi/sambashare/BacArbeit/cocoval2017/000000338219.jpg,3.1854342860006,"['0: person', '3: motorcycle', '3: motorcycle', '0: person', '0: person', '0: person', '3: motorcycle', '0: person', '3: motorcycle', '0: person', '0: person']","[0, 3, 3, 0, 0, 0, 3, 0, 3, 0, 0]","[0.8408198, 0.81730294, 0.79695225, 0.7055754, 0.68983626, 0.5368714, 0.52370113, 0.4989971, 0.47756374, 0.4601783, 0.4025101]","[[159.93, 8.16, 101.1, 160.97], [329.2, 107.77, 307.86, 218.97], [30.09, 94.74, 495.91, 437.65], [30.0, 144.77, 13.63, 40.07], [102.47, 139.91, 14.87, 26.72], [84.16, 144.48, 17.54, 26.68], [1, 158.5, 32.44, 39.89], [117.48, 149.62, 12.1, 17.99], [541.07, 131.28, 98.62, 147.64], [154.72, 138.65, 17.5, 34.45], [64.23, 151.01, 12.96, 29.53]]"
4331,/home/pi/sambashare/BacArbeit/cocoval2017/000000322211.jpg,3.1751504839994595,['77: teddy bear'],[77],[0.43001682],"[[100.11, 1, 539.56, 478.68]]"
4332,/home/pi/sambashare/BacArbeit/cocoval2017/000000135670.jpg,3.1873279430001276,['1: bicycle'],[1],[0.6769211],"[[198.13, 202.56, 101.85, 167.1]]"
4333,/home/pi/sambashare/BacArbeit/cocoval2017/000000459662.jpg,3.1861229719997937,"['54: donut', '0: person', '0: person', '67: cell phone']","[54, 0, 0, 67]","[0.8740223, 0.85743785, 0.7583547, 0.42226174]","[[152.64, 157.9, 123.41, 119.62], [1.44, 60.07, 358.94, 419.93], [329.69, 70.63, 308.74, 404.39], [619.87, 206.2, 19.98, 38.55]]"
4334,/home/pi/sambashare/BacArbeit/cocoval2017/000000109900.jpg,3.1814926080005534,"['0: person', '7: truck', '0: person', '0: person', '0: person', '0: person', '0: person', '0: person', '4: airplane', '0: person', '26: handbag', '28: suitcase']","[0, 7, 0, 0, 0, 0, 0, 0, 4, 0, 26, 28]","[0.92025965, 0.9159345, 0.8994858, 0.89913833, 0.89149314, 0.8734542, 0.8427936, 0.77296305, 0.7558519, 0.43491763, 0.4077749, 0.25712764]","[[62.07, 176.35, 63.38, 200.92], [371.78, 172.0, 250.51, 132.3], [19.72, 176.36, 55.03, 175.05], [185.93, 187.56, 47.72, 141.25], [293.2, 196.55, 26.6, 71.7], [229.41, 197.27, 60.4, 146.01], [122.38, 197.54, 20.79, 56.61], [257.37, 200.18, 37.78, 83.26], [1, 135.64, 387.99, 106.5], [504.96, 197.83, 20.88, 18.51], [180.15, 250.12, 14.19, 34.66], [431.17, 170.59, 45.18, 15.33]]"
4335,/home/pi/sambashare/BacArbeit/cocoval2017/000000384949.jpg,3.189188230000582,"['74: clock', '14: bird', '8: boat', '14: bird', '8: boat', '14: bird']","[74, 14, 8, 14, 8, 14]","[0.87091017, 0.8317835, 0.7389539, 0.7132154, 0.58763194, 0.27683872]","[[65.97, 104.36, 25.46, 24.57], [171.93, 254.04, 27.55, 13.18], [532.89, 316.88, 35.4, 21.18], [352.87, 228.63, 22.51, 12.22], [605.79, 327.14, 9.2, 9.95], [520.25, 184.84, 19.37, 20.63]]"
4336,/home/pi/sambashare/BacArbeit/cocoval2017/000000251119.jpg,3.180137597000794,"['39: bottle', '41: cup']","[39, 41]","[0.47231263, 0.3531062]","[[293.73, 44.63, 183.35, 140.02], [15.83, 42.73, 210.21, 279.24]]"
4337,/home/pi/sambashare/BacArbeit/cocoval2017/000000539445.jpg,3.185510079998494,"['6: train', '2: car', '2: car']","[6, 2, 2]","[0.76847816, 0.61687785, 0.28886425]","[[257.56, 238.11, 213.25, 232.87], [103.2, 331.82, 19.18, 14.07], [74.47, 325.82, 31.27, 11.45]]"
4338,/home/pi/sambashare/BacArbeit/cocoval2017/000000430973.jpg,3.1889285779998318,"['55: cake', '32: sports ball', '32: sports ball']","[55, 32, 32]","[0.54605764, 0.52149916, 0.44220865]","[[5.16, 40.22, 625.98, 423.2], [594.19, 1, 45.25, 31.7], [523.22, 19.61, 55.71, 38.77]]"
4339,/home/pi/sambashare/BacArbeit/cocoval2017/000000507473.jpg,3.189374957999462,"['0: person', '67: cell phone', '79: toothbrush', '39: bottle', '71: sink', '79: toothbrush']","[0, 67, 79, 39, 71, 79]","[0.9276012, 0.9081633, 0.5924467, 0.5022622, 0.3040666, 0.2802243]","[[32.31, 9.31, 396.32, 469.31], [158.43, 127.08, 80.07, 49.53], [292.54, 147.2, 59.77, 45.06], [4.22, 457.93, 27.93, 21.84], [582.45, 411.72, 57.21, 65.22], [292.45, 145.84, 33.44, 30.0]]"
4340,/home/pi/sambashare/BacArbeit/cocoval2017/000000134886.jpg,3.1702329409999948,"['4: airplane', '2: car', '0: person', '0: person', '0: person', '0: person']","[4, 2, 0, 0, 0, 0]","[0.9173009, 0.8742702, 0.7420702, 0.6010912, 0.5776212, 0.29696396]","[[139.22, 183.22, 229.08, 67.29], [425.29, 374.16, 68.58, 60.01], [580.43, 347.64, 24.75, 32.05], [511.8, 376.18, 25.35, 43.58], [417.5, 383.2, 16.7, 31.26], [608.68, 366.36, 15.03, 26.32]]"
4341,/home/pi/sambashare/BacArbeit/cocoval2017/000000252216.jpg,3.199089665999054,"['17: horse', '17: horse']","[17, 17]","[0.9337561, 0.9266151]","[[280.12, 44.31, 256.87, 401.24], [68.33, 96.87, 213.0, 358.63]]"
4342,/home/pi/sambashare/BacArbeit/cocoval2017/000000060090.jpg,3.178615077998984,"['6: train', '0: person', '0: person', '62: tv']","[6, 0, 0, 62]","[0.9343082, 0.7108089, 0.61147547, 0.42567635]","[[225.89, 99.03, 265.8, 244.97], [533.77, 178.86, 12.88, 48.33], [545.54, 175.28, 18.83, 83.4], [512.03, 1, 57.24, 28.27]]"
4343,/home/pi/sambashare/BacArbeit/cocoval2017/000000426372.jpg,3.1950721079992945,"['2: car', '7: truck']","[2, 7]","[0.91920096, 0.7460623]","[[1, 163.53, 60.11, 89.42], [34.97, 44.33, 543.52, 369.29]]"
4344,/home/pi/sambashare/BacArbeit/cocoval2017/000000343524.jpg,3.1913133499983815,"['0: person', '38: tennis racket']","[0, 38]","[0.8982874, 0.85964376]","[[95.88, 36.4, 177.15, 368.48], [209.38, 202.83, 113.1, 33.08]]"
4345,/home/pi/sambashare/BacArbeit/cocoval2017/000000479732.jpg,3.1822449660012353,"['55: cake', '41: cup']","[55, 41]","[0.6234276, 0.46872154]","[[3.66, 15.65, 620.69, 405.75], [70.88, 1, 162.41, 94.25]]"
4346,/home/pi/sambashare/BacArbeit/cocoval2017/000000100489.jpg,3.1774152899997716,['14: bird'],[14],[0.92026436],"[[81.42, 75.12, 225.22, 289.06]]"
4347,/home/pi/sambashare/BacArbeit/cocoval2017/000000217872.jpg,3.194640993999201,"['0: person', '31: snowboard', '37: surfboard']","[0, 31, 37]","[0.8986717, 0.5903763, 0.54433155]","[[171.96, 167.3, 127.74, 75.39], [149.65, 181.52, 78.4, 52.84], [1, 319.66, 333, 179.59]]"
4348,/home/pi/sambashare/BacArbeit/cocoval2017/000000046804.jpg,3.1815058960000897,['18: sheep'],[18],[0.9518288],"[[219.12, 58.76, 242.7, 312.61]]"
4349,/home/pi/sambashare/BacArbeit/cocoval2017/000000552612.jpg,3.182357518000572,"['18: sheep', '18: sheep', '18: sheep', '18: sheep', '18: sheep', '18: sheep', '18: sheep', '18: sheep', '18: sheep']","[18, 18, 18, 18, 18, 18, 18, 18, 18]","[0.91960615, 0.91369843, 0.90805507, 0.90529853, 0.8824454, 0.88233083, 0.86008394, 0.8263209, 0.5306468]","[[476.9, 335.15, 112.31, 90.19], [207.72, 328.68, 73.94, 90.57], [182.23, 285.8, 35.87, 65.61], [108.24, 275.21, 65.67, 57.14], [22.23, 311.02, 57.58, 72.86], [301.35, 271.53, 58.98, 38.58], [57.77, 282.08, 55.95, 43.61], [353.26, 266.09, 42.54, 40.59], [22.25, 291.6, 37.12, 30.33]]"
4350,/home/pi/sambashare/BacArbeit/cocoval2017/000000145620.jpg,3.1754682649989263,"['3: motorcycle', '0: person', '0: person', '0: person']","[3, 0, 0, 0]","[0.88752174, 0.86050373, 0.8597057, 0.8500463]","[[301.43, 149.37, 131.04, 175.84], [515.66, 65.87, 18.48, 56.32], [495.19, 69.77, 21.14, 51.28], [303.3, 92.72, 120.21, 166.29]]"
4351,/home/pi/sambashare/BacArbeit/cocoval2017/000000235778.jpg,3.185382010000467,['0: person'],[0],[0.7732532],"[[241.77, 124.91, 228.19, 211.2]]"
4352,/home/pi/sambashare/BacArbeit/cocoval2017/000000580418.jpg,3.1821264549998887,"['19: cow', '2: car', '19: cow', '19: cow', '11: stop sign', '7: truck', '11: stop sign']","[19, 2, 19, 19, 11, 7, 11]","[0.95304716, 0.9086607, 0.88756204, 0.840648, 0.532634, 0.47455767, 0.46837187]","[[69.29, 250.02, 295.93, 177.75], [596.61, 252.69, 43.0, 110.23], [1, 174.7, 164.79, 251.21], [425.72, 220.12, 165.21, 204.13], [602.39, 213.12, 16.46, 19.9], [152.25, 207.12, 95.68, 54.13], [109.35, 130.42, 16.07, 41.07]]"
4353,/home/pi/sambashare/BacArbeit/cocoval2017/000000447314.jpg,3.1951259060006123,"['0: person', '0: person', '33: kite', '0: person', '0: person']","[0, 0, 33, 0, 0]","[0.9378074, 0.9295934, 0.89007753, 0.8416832, 0.6558061]","[[87.85, 225.84, 131.87, 176.18], [44.17, 288.65, 87.9, 116.53], [484.06, 318.23, 32.53, 41.28], [11.81, 219.88, 32.64, 54.23], [378.24, 344.71, 6.4, 14.52]]"
4354,/home/pi/sambashare/BacArbeit/cocoval2017/000000261732.jpg,3.1934390919996076,"['0: person', '38: tennis racket', '62: tv']","[0, 38, 62]","[0.9433751, 0.84440917, 0.58694756]","[[143.19, 46.22, 168.12, 310.1], [296.01, 76.22, 97.05, 39.97], [9.52, 17.86, 616.63, 187.9]]"
4355,/home/pi/sambashare/BacArbeit/cocoval2017/000000365886.jpg,3.1910416569990048,"['67: cell phone', '0: person']","[67, 0]","[0.891098, 0.43465316]","[[45.19, 163.93, 121.9, 207.59], [1, 1, 496.66, 370.81]]"
4356,/home/pi/sambashare/BacArbeit/cocoval2017/000000578871.jpg,3.190822927001136,"['0: person', '44: spoon', '45: bowl', '45: bowl', '45: bowl', '41: cup', '44: spoon', '3: motorcycle', '60: dining table', '56: chair', '0: person', '45: bowl', '44: spoon', '60: dining table', '63: laptop']","[0, 44, 45, 45, 45, 41, 44, 3, 60, 56, 0, 45, 44, 60, 63]","[0.9571149, 0.9341217, 0.93305486, 0.91513175, 0.8754069, 0.7865379, 0.7627757, 0.689879, 0.6075717, 0.5926589, 0.54736, 0.48379052, 0.47820526, 0.46804836, 0.36246163]","[[72.24, 1.89, 225.42, 288.63], [200.17, 499.17, 187.31, 73.95], [275.37, 223.82, 80.32, 59.45], [160.14, 459.93, 147.59, 140.72], [172.61, 120.38, 102.33, 73.73], [304.31, 1, 29.41, 36.35], [280.06, 330.97, 101.65, 66.9], [330.66, 1, 81.22, 63.34], [2.23, 237.96, 476.12, 395.35], [283.37, 167.11, 90.35, 76.0], [147.48, 1, 102.71, 37.68], [120.65, 71.83, 170.86, 162.97], [251.83, 48.4, 45.57, 77.82], [222.83, 33.42, 167.9, 50.53], [1, 263.2, 58.62, 201.91]]"
4357,/home/pi/sambashare/BacArbeit/cocoval2017/000000039484.jpg,3.178684645999965,"['2: car', '2: car', '2: car', '2: car', '2: car', '2: car', '2: car', '2: car', '2: car', '2: car', '2: car', '9: traffic light', '0: person', '0: person', '0: person', '0: person', '0: person', '0: person', '0: person']","[2, 2, 2, 2, 2, 2, 2, 2, 2, 2, 2, 9, 0, 0, 0, 0, 0, 0, 0]","[0.93766075, 0.9196148, 0.90427333, 0.89420843, 0.86342955, 0.8578656, 0.8465499, 0.8421686, 0.81099755, 0.7888829, 0.7501993, 0.5456568, 0.5375227, 0.52170134, 0.48324904, 0.4680346, 0.3337216, 0.30617654, 0.2546559]","[[310.75, 338.7, 104.84, 54.41], [35.37, 365.14, 231.11, 71.47], [428.89, 336.87, 95.66, 59.89], [1, 349.64, 111.31, 85.11], [176.04, 333.64, 42.1, 34.0], [205.18, 330.61, 68.98, 46.66], [137.9, 343.4, 41.83, 22.78], [389.51, 333.92, 59.97, 56.32], [48.96, 335.0, 65.78, 25.15], [244.71, 343.17, 57.33, 37.28], [1, 339.67, 37.2, 14.88], [44.97, 309.51, 6.57, 11.09], [547.58, 349.64, 22.93, 36.71], [236.39, 331.99, 22.04, 47.35], [580.37, 346.76, 21.65, 38.69], [302.41, 338.84, 13.83, 38.49], [116.68, 339.55, 15.62, 25.18], [613.04, 344.45, 13.75, 40.18], [1, 345.05, 8.43, 10.25]]"
4358,/home/pi/sambashare/BacArbeit/cocoval2017/000000053624.jpg,3.1787939670011838,"['20: elephant', '0: person', '20: elephant', '0: person', '0: person', '20: elephant']","[20, 0, 20, 0, 0, 20]","[0.93558294, 0.681604, 0.6458256, 0.53276664, 0.34859216, 0.2806792]","[[246.64, 108.23, 161.23, 271.18], [178.64, 3.82, 13.18, 35.5], [140.74, 24.87, 186.97, 64.25], [128.26, 4.13, 19.15, 58.62], [148.73, 1.71, 19.7, 38.4], [99.19, 349.42, 537.12, 76.96]]"
4359,/home/pi/sambashare/BacArbeit/cocoval2017/000000403122.jpg,3.1714566800001194,"['0: person', '0: person', '0: person', '38: tennis racket', '32: sports ball', '0: person', '0: person', '0: person', '0: person', '0: person', '0: person', '56: chair']","[0, 0, 0, 38, 32, 0, 0, 0, 0, 0, 0, 56]","[0.93283874, 0.875183, 0.87457854, 0.8702829, 0.6690809, 0.6451749, 0.5484357, 0.54777384, 0.53291667, 0.5316967, 0.4052125, 0.26764295]","[[139.61, 261.74, 80.57, 264.9], [49.17, 205.32, 25.3, 46.42], [104.85, 194.05, 29.26, 60.38], [184.24, 368.66, 97.81, 44.16], [209.2, 395.88, 11.33, 10.82], [275.2, 51.01, 50.86, 47.59], [314.14, 110.85, 26.98, 33.29], [351.8, 56.42, 30.33, 43.17], [355.26, 94.86, 30.69, 40.02], [382.25, 56.98, 31.93, 34.9], [383.71, 90.13, 42.78, 80.34], [275.29, 125.6, 19.89, 15.49]]"
4360,/home/pi/sambashare/BacArbeit/cocoval2017/000000507667.jpg,3.1865331169992714,"['0: person', '2: car', '0: person', '0: person', '17: horse', '0: person', '0: person', '0: person', '3: motorcycle', '24: backpack']","[0, 2, 0, 0, 17, 0, 0, 0, 3, 24]","[0.88880986, 0.87808746, 0.84047204, 0.8207412, 0.7675824, 0.72438943, 0.7207596, 0.66943973, 0.6230412, 0.58677435]","[[424.55, 1, 54.59, 98.87], [212.36, 11.6, 142.62, 42.64], [93.21, 17.52, 24.79, 34.33], [304.0, 5.16, 36.45, 48.53], [38.14, 44.56, 446.01, 293.36], [488.47, 15.86, 11.38, 48.66], [349.12, 13.13, 38.09, 62.06], [175.37, 23.81, 18.72, 28.99], [373.69, 36.18, 125.58, 150.39], [357.45, 27.76, 19.12, 33.01]]"
4361,/home/pi/sambashare/BacArbeit/cocoval2017/000000087144.jpg,3.187312648999068,"['0: person', '0: person', '0: person', '2: car', '26: handbag', '13: bench', '13: bench']","[0, 0, 0, 2, 26, 13, 13]","[0.91483843, 0.9116106, 0.9015881, 0.78813595, 0.5244009, 0.5154369, 0.4199931]","[[85.46, 61.97, 155.81, 335.06], [374.1, 75.9, 151.73, 313.43], [221.89, 150.61, 118.28, 114.41], [349.51, 32.74, 83.2, 31.02], [153.5, 198.59, 80.27, 51.89], [11.09, 151.79, 384.77, 213.43], [215.06, 122.47, 178.18, 252.02]]"
4362,/home/pi/sambashare/BacArbeit/cocoval2017/000000176857.jpg,3.1907301400005963,"['0: person', '16: dog', '0: person', '0: person', '0: person', '0: person', '0: person', '0: person', '17: horse']","[0, 16, 0, 0, 0, 0, 0, 0, 17]","[0.89339066, 0.880506, 0.87469697, 0.7533386, 0.71951723, 0.4701068, 0.38680026, 0.34329134, 0.29327926]","[[154.61, 60.75, 78.43, 162.55], [216.3, 139.39, 50.31, 82.56], [250.89, 63.64, 104.48, 154.8], [74.13, 2.06, 88.01, 233.15], [227.1, 4.83, 66.3, 153.05], [285.97, 25.17, 48.49, 59.81], [345.96, 78.99, 18.05, 67.48], [354.95, 80.58, 26.47, 71.44], [357.65, 1, 141.56, 296.29]]"
4363,/home/pi/sambashare/BacArbeit/cocoval2017/000000011511.jpg,3.19114332800018,"['0: person', '0: person', '0: person', '0: person', '13: bench', '0: person', '0: person']","[0, 0, 0, 0, 13, 0, 0]","[0.8681302, 0.7727817, 0.76780945, 0.4248244, 0.3611992, 0.3587954, 0.3500747]","[[88.09, 39.89, 43.75, 149.5], [38.31, 56.74, 48.1, 134.86], [157.75, 34.19, 33.86, 135.01], [2.77, 69.78, 61.74, 147.11], [49.51, 222.56, 287.15, 202.28], [318.44, 19.62, 114.87, 185.33], [297.98, 24.99, 163.35, 338.84]]"
4364,/home/pi/sambashare/BacArbeit/cocoval2017/000000075612.jpg,3.192888388000938,"['0: person', '0: person', '63: laptop', '0: person', '0: person', '0: person', '0: person', '65: remote', '0: person', '0: person', '56: chair', '0: person', '56: chair', '65: remote', '65: remote', '0: person', '60: dining table']","[0, 0, 63, 0, 0, 0, 0, 65, 0, 0, 56, 0, 56, 65, 65, 0, 60]","[0.938689, 0.8903075, 0.83535725, 0.7857974, 0.77849144, 0.7411163, 0.7143644, 0.6819968, 0.6586829, 0.63050747, 0.5535246, 0.5048022, 0.47795764, 0.4337219, 0.3423253, 0.2885343, 0.27668756]","[[96.37, 186.82, 163.32, 293.18], [308.47, 173.31, 78.42, 293.09], [458.29, 285.99, 180.4, 192.35], [377.78, 186.23, 69.26, 234.4], [422.71, 196.19, 41.27, 198.78], [248.61, 178.01, 86.45, 240.77], [83.27, 221.8, 48.15, 84.77], [370.26, 296.51, 16.4, 11.04], [245.68, 168.43, 38.63, 51.42], [184.08, 175.41, 42.7, 74.92], [1, 262.15, 63.32, 77.92], [139.54, 164.31, 40.43, 29.57], [70.22, 270.98, 28.19, 78.61], [438.79, 285.53, 9.66, 4.99], [322.52, 270.54, 18.62, 16.32], [364.51, 185.13, 38.49, 114.55], [52.78, 264.4, 33.36, 19.73]]"
4365,/home/pi/sambashare/BacArbeit/cocoval2017/000000478286.jpg,3.178896358998827,['6: train'],[6],[0.6907921],"[[160.18, 194.93, 478.24, 118.16]]"
4366,/home/pi/sambashare/BacArbeit/cocoval2017/000000229221.jpg,3.181463052000254,"['19: cow', '19: cow', '19: cow']","[19, 19, 19]","[0.9239433, 0.64745134, 0.6016762]","[[147.2, 82.21, 338.82, 343.46], [441.34, 243.56, 85.96, 32.48], [584.73, 247.49, 54.95, 22.04]]"
4367,/home/pi/sambashare/BacArbeit/cocoval2017/000000186632.jpg,3.1829699329991854,"['62: tv', '71: sink', '45: bowl', '71: sink', '41: cup', '60: dining table', '58: potted plant', '41: cup']","[62, 71, 45, 71, 41, 60, 58, 41]","[0.7268021, 0.7055734, 0.6148, 0.566073, 0.5305885, 0.3550496, 0.30507812, 0.25105387]","[[1.37, 207.79, 166.96, 98.13], [312.82, 448.21, 166.7, 134.81], [248.34, 340.27, 103.59, 101.81], [68.15, 387.49, 102.07, 40.7], [412.96, 386.47, 25.28, 53.8], [26.43, 351.25, 451.58, 288.75], [162.52, 373.98, 30.93, 81.17], [186.66, 365.64, 16.27, 35.99]]"
4368,/home/pi/sambashare/BacArbeit/cocoval2017/000000551660.jpg,3.188237181000659,"['41: cup', '45: bowl', '44: spoon', '60: dining table']","[41, 45, 44, 60]","[0.88655984, 0.81310004, 0.73217547, 0.45529458]","[[50.77, 8.14, 104.55, 113.66], [36.2, 291.57, 307.2, 281.83], [251.45, 434.04, 135.37, 155.89], [8.3, 16.94, 410.89, 596.12]]"
4369,/home/pi/sambashare/BacArbeit/cocoval2017/000000130599.jpg,3.1919073949993617,"['0: person', '17: horse']","[0, 17]","[0.93968236, 0.44225797]","[[1, 115.54, 474.39, 363.13], [269.05, 65.87, 257.23, 414.13]]"
4370,/home/pi/sambashare/BacArbeit/cocoval2017/000000396729.jpg,3.1857857599989075,"['67: cell phone', '65: remote', '41: cup', '73: book']","[67, 65, 41, 73]","[0.9356807, 0.8788125, 0.8565746, 0.84121186]","[[338.86, 112.43, 117.93, 68.18], [241.43, 237.9, 217.94, 185.63], [404.2, 1.82, 188.82, 56.41], [99.11, 94.18, 480.98, 162.89]]"
4371,/home/pi/sambashare/BacArbeit/cocoval2017/000000181542.jpg,3.1908642079997662,"['0: person', '0: person', '0: person', '5: bus', '0: person', '3: motorcycle', '0: person', '2: car', '3: motorcycle', '3: motorcycle', '3: motorcycle', '2: car', '0: person', '7: truck', '0: person', '0: person', '0: person', '0: person', '0: person', '2: car', '0: person', '0: person', '0: person']","[0, 0, 0, 5, 0, 3, 0, 2, 3, 3, 3, 2, 0, 7, 0, 0, 0, 0, 0, 2, 0, 0, 0]","[0.9150254, 0.9099841, 0.9037615, 0.8990183, 0.888546, 0.8846396, 0.8835901, 0.8817914, 0.8511989, 0.8391218, 0.7464729, 0.70950204, 0.70209545, 0.6606221, 0.6487705, 0.6167167, 0.5924209, 0.51027673, 0.5033029, 0.34454766, 0.32327873, 0.31918785, 0.31360945]","[[425.85, 117.81, 138.47, 201.99], [189.2, 130.69, 118.14, 326.47], [552.05, 147.59, 87.61, 330.77], [1, 66.87, 200.68, 126.71], [108.38, 110.74, 106.05, 272.71], [372.81, 297.96, 265.74, 203.14], [33.38, 163.25, 68.73, 99.21], [1, 127.96, 121.71, 75.5], [356.71, 226.15, 205.11, 148.8], [10.3, 253.76, 348.06, 156.28], [1, 503.23, 60.35, 96.11], [554.89, 119.1, 40.37, 32.52], [91.89, 163.71, 29.92, 95.34], [269.83, 115.02, 206.63, 128.97], [350.22, 124.22, 19.86, 21.61], [331.01, 124.04, 17.71, 20.82], [286.53, 118.49, 22.27, 26.88], [57.65, 103.04, 18.88, 22.46], [611.53, 124.35, 22.4, 37.04], [184.08, 139.2, 43.39, 58.23], [1, 105.06, 12.65, 19.15], [307.71, 127.45, 15.24, 17.2], [598.72, 125.66, 18.28, 28.36]]"
4372,/home/pi/sambashare/BacArbeit/cocoval2017/000000360097.jpg,3.1935720300007233,"['28: suitcase', '28: suitcase', '28: suitcase', '28: suitcase', '28: suitcase', '28: suitcase', '28: suitcase', '28: suitcase', '28: suitcase']","[28, 28, 28, 28, 28, 28, 28, 28, 28]","[0.56826836, 0.5640144, 0.49080518, 0.47338608, 0.3318815, 0.3281159, 0.32549697, 0.27882475, 0.2740528]","[[465.39, 86.9, 34.42, 46.56], [255.61, 35.15, 39.84, 36.9], [181.89, 76.81, 54.2, 52.08], [196.9, 41.09, 37.18, 41.37], [241.0, 98.26, 46.09, 27.29], [135.16, 1, 29.61, 47.5], [277.21, 112.69, 26.73, 32.15], [253.77, 117.7, 27.16, 29.69], [417.74, 107.65, 48.73, 45.19]]"
4373,/home/pi/sambashare/BacArbeit/cocoval2017/000000491725.jpg,3.1943776329990214,"['8: boat', '8: boat', '8: boat', '8: boat', '60: dining table']","[8, 8, 8, 8, 60]","[0.739133, 0.7179835, 0.7159754, 0.2925314, 0.26322708]","[[164.79, 160.9, 132.58, 33.0], [296.26, 164.03, 85.85, 26.44], [1, 140.98, 74.81, 47.65], [435.01, 238.05, 64.61, 47.37], [295.45, 273.76, 203.66, 100.69]]"
4374,/home/pi/sambashare/BacArbeit/cocoval2017/000000394206.jpg,3.1821725240006344,"['0: person', '7: truck', '0: person', '0: person', '0: person', '0: person', '0: person', '0: person', '7: truck', '2: car', '0: person', '0: person', '0: person']","[0, 7, 0, 0, 0, 0, 0, 0, 7, 2, 0, 0, 0]","[0.8825636, 0.87190235, 0.76562196, 0.73109365, 0.6624182, 0.554527, 0.5317682, 0.4756279, 0.3535091, 0.3000221, 0.28994405, 0.26672047, 0.2611439]","[[302.24, 15.18, 177.31, 219.81], [463.83, 282.72, 174.81, 195.86], [291.41, 199.73, 145.2, 213.26], [179.0, 218.29, 103.15, 206.76], [567.83, 411.7, 71.8, 68.3], [245.63, 218.36, 86.84, 128.75], [247.57, 93.92, 114.86, 175.12], [25.19, 330.1, 21.41, 37.43], [53.8, 285.85, 365.33, 191.34], [1, 316.6, 17.22, 33.92], [244.32, 94.76, 56.82, 170.85], [183.88, 97.82, 100.82, 164.08], [585.93, 320.41, 23.09, 36.35]]"
4375,/home/pi/sambashare/BacArbeit/cocoval2017/000000493442.jpg,3.1688306689993624,['0: person'],[0],[0.80388844],"[[236.03, 25.67, 222.49, 270.31]]"
4376,/home/pi/sambashare/BacArbeit/cocoval2017/000000105923.jpg,3.1780707750003785,"['2: car', '0: person', '20: elephant']","[2, 0, 20]","[0.9309384, 0.3036439, 0.26189768]","[[32.3, 200.63, 80.23, 50.01], [224.87, 197.05, 7.8, 19.57], [334.99, 93.43, 211.73, 237.73]]"
4377,/home/pi/sambashare/BacArbeit/cocoval2017/000000460682.jpg,3.1894718509993254,['23: giraffe'],[23],[0.77961],"[[283.53, 110.98, 120.16, 68.8]]"
4378,/home/pi/sambashare/BacArbeit/cocoval2017/000000243148.jpg,3.1687557169989304,"['0: person', '0: person']","[0, 0]","[0.49183142, 0.38621876]","[[248.05, 1, 390.06, 359], [126.93, 80.0, 356.68, 278.79]]"
4379,/home/pi/sambashare/BacArbeit/cocoval2017/000000078959.jpg,3.1789533970004413,['8: boat'],[8],[0.60694784],"[[246.2, 339.27, 136.43, 299.17]]"
4380,/home/pi/sambashare/BacArbeit/cocoval2017/000000263463.jpg,3.1785434579996945,['16: dog'],[16],[0.4555748],"[[218.36, 112.42, 168.85, 138.94]]"
4381,/home/pi/sambashare/BacArbeit/cocoval2017/000000256868.jpg,3.183341685000414,"['0: person', '0: person', '36: skateboard', '0: person', '0: person', '56: chair', '13: bench', '56: chair', '56: chair', '56: chair']","[0, 0, 36, 0, 0, 56, 13, 56, 56, 56]","[0.92408854, 0.9137931, 0.87859446, 0.7959121, 0.71249884, 0.5427009, 0.47558135, 0.3206776, 0.26925683, 0.25791347]","[[311.12, 61.52, 104.07, 187.91], [142.07, 185.56, 167.0, 199.51], [314.26, 227.22, 74.39, 37.4], [400.02, 206.37, 95.91, 61.43], [587.44, 249.64, 15.0, 30.44], [514.13, 236.42, 51.38, 52.5], [441.64, 233.36, 91.69, 54.22], [117.52, 226.67, 48.0, 32.51], [46.51, 228.26, 50.23, 23.87], [97.03, 226.48, 37.03, 21.14]]"
4382,/home/pi/sambashare/BacArbeit/cocoval2017/000000529939.jpg,3.1819897450004646,"['0: person', '37: surfboard', '37: surfboard', '37: surfboard', '31: snowboard', '37: surfboard', '37: surfboard', '31: snowboard', '37: surfboard', '37: surfboard', '37: surfboard', '37: surfboard']","[0, 37, 37, 37, 31, 37, 37, 31, 37, 37, 37, 37]","[0.9093822, 0.8807517, 0.8781262, 0.84636617, 0.7836004, 0.7830953, 0.54300755, 0.5337632, 0.49333075, 0.3772155, 0.3510123, 0.27485558]","[[452.43, 145.18, 86.59, 247.1], [418.5, 137.5, 93.62, 177.87], [297.4, 83.35, 61.12, 238.51], [251.17, 86.77, 64.9, 237.69], [17.69, 175.17, 56.24, 181.78], [352.89, 75.98, 58.45, 249.22], [72.41, 130.17, 123.9, 260.61], [1, 185.13, 26.48, 172.06], [173.01, 181.66, 90.75, 174.09], [524.6, 150.24, 29.61, 189.75], [427.81, 145.76, 45.46, 145.5], [439.47, 176.53, 23.89, 67.96]]"
4383,/home/pi/sambashare/BacArbeit/cocoval2017/000000183675.jpg,3.1789372969997203,"['0: person', '17: horse']","[0, 17]","[0.9126106, 0.8770991]","[[352.45, 19.97, 183.22, 390.12], [115.19, 112.78, 524.81, 298.64]]"
4384,/home/pi/sambashare/BacArbeit/cocoval2017/000000429530.jpg,3.17633885900068,"['75: vase', '75: vase', '75: vase', '75: vase']","[75, 75, 75, 75]","[0.9453807, 0.9401224, 0.9141465, 0.90102047]","[[114.53, 155.43, 220.02, 296.93], [417.88, 150.94, 198.19, 264.95], [29.47, 48.65, 142.03, 358.34], [252.67, 51.19, 144.04, 357.98]]"
4385,/home/pi/sambashare/BacArbeit/cocoval2017/000000082180.jpg,3.1803146049987845,"['77: teddy bear', '77: teddy bear', '13: bench']","[77, 77, 13]","[0.8676981, 0.85376006, 0.3985914]","[[243.76, 145.97, 114.96, 119.8], [351.1, 170.08, 79.57, 91.03], [14.78, 18.61, 614.59, 400.44]]"
4386,/home/pi/sambashare/BacArbeit/cocoval2017/000000270244.jpg,3.169576391999726,['22: zebra'],[22],[0.9489601],"[[109.24, 142.56, 246.59, 169.12]]"
4387,/home/pi/sambashare/BacArbeit/cocoval2017/000000465129.jpg,3.184333682000215,"['71: sink', '68: microwave', '39: bottle', '0: person', '39: bottle', '68: microwave', '65: remote', '39: bottle', '45: bowl', '41: cup', '41: cup', '74: clock', '71: sink']","[71, 68, 39, 0, 39, 68, 65, 39, 45, 41, 41, 74, 71]","[0.80671275, 0.79034543, 0.74819034, 0.72479826, 0.7207566, 0.49662796, 0.39111286, 0.3523684, 0.35088637, 0.33975303, 0.32437924, 0.2933532, 0.2877851]","[[419.87, 362.05, 192.44, 31.92], [1, 219.33, 87.77, 94.54], [576.49, 332.93, 15.06, 35.28], [114.84, 97.22, 175.68, 381.08], [544.75, 335.85, 14.45, 28.66], [1, 317.46, 73.08, 47.82], [258.06, 100.36, 25.17, 13.2], [424.22, 326.15, 13.85, 40.33], [347.98, 288.32, 21.25, 20.67], [370.9, 327.95, 16.14, 16.87], [281.29, 216.42, 31.7, 29.6], [111.27, 312.27, 33.27, 44.53], [317.19, 85.08, 163.54, 22.9]]"
4388,/home/pi/sambashare/BacArbeit/cocoval2017/000000095707.jpg,3.192402750999463,"['45: bowl', '42: fork', '45: bowl', '0: person', '28: suitcase', '21: bear']","[45, 42, 45, 0, 28, 21]","[0.7293819, 0.615501, 0.60484374, 0.5445915, 0.44893909, 0.4482028]","[[511.13, 161.35, 128.58, 178.07], [476.94, 123.9, 57.88, 234.24], [1, 1.27, 131.78, 102.75], [397.86, 1, 208.88, 145.39], [1, 303.8, 80.95, 55.79], [1, 8.29, 516.97, 351.71]]"
4389,/home/pi/sambashare/BacArbeit/cocoval2017/000000052891.jpg,3.182922760999645,"['29: frisbee', '16: dog', '0: person', '0: person']","[29, 16, 0, 0]","[0.96082485, 0.8555257, 0.31174776, 0.2729272]","[[17.7, 284.98, 289.62, 141.51], [139.88, 126.85, 382.46, 297.55], [586.9, 126.85, 3.99, 4.24], [595.48, 125.39, 4.33, 5.63]]"
4390,/home/pi/sambashare/BacArbeit/cocoval2017/000000438862.jpg,3.175529486999949,"['0: person', '0: person', '32: sports ball', '0: person', '0: person', '0: person', '13: bench', '13: bench', '13: bench', '13: bench']","[0, 0, 32, 0, 0, 0, 13, 13, 13, 13]","[0.9432869, 0.94246095, 0.92768073, 0.9081504, 0.8794648, 0.73483187, 0.49169627, 0.46951863, 0.46672723, 0.3415791]","[[47.75, 47.66, 177.61, 316.32], [248.16, 80.37, 191.54, 337.35], [162.51, 323.48, 41.04, 38.91], [408.36, 13.38, 97.06, 273.61], [483.68, 41.78, 37.14, 100.18], [127.67, 37.5, 47.81, 139.63], [581.99, 83.88, 56.74, 25.51], [259.64, 82.01, 59.65, 28.79], [252.49, 93.52, 32.44, 18.07], [302.1, 92.57, 32.14, 12.31]]"
4391,/home/pi/sambashare/BacArbeit/cocoval2017/000000066635.jpg,3.167423904000316,"['66: keyboard', '64: mouse', '62: tv']","[66, 64, 62]","[0.9519695, 0.93935126, 0.9020083]","[[232.63, 341.86, 268.51, 119.79], [507.62, 337.07, 52.86, 36.52], [107.15, 38.96, 287.01, 255.91]]"
4392,/home/pi/sambashare/BacArbeit/cocoval2017/000000453841.jpg,3.1929741889998695,"['2: car', '9: traffic light', '9: traffic light', '2: car', '2: car', '10: fire hydrant', '9: traffic light', '2: car', '0: person', '0: person', '2: car', '9: traffic light', '9: traffic light', '9: traffic light']","[2, 9, 9, 2, 2, 10, 9, 2, 0, 0, 2, 9, 9, 9]","[0.91921496, 0.8789226, 0.87297416, 0.8250765, 0.8175703, 0.8028137, 0.77912396, 0.7380458, 0.6170926, 0.605206, 0.3177, 0.2834024, 0.26569283, 0.2606925]","[[201.62, 161.56, 194.27, 160.08], [137.11, 21.26, 18.07, 37.36], [427.57, 44.81, 36.5, 60.2], [1, 141.52, 150.81, 129.02], [457.77, 169.1, 42.05, 30.04], [464.42, 220.27, 23.13, 40.02], [314.78, 111.09, 15.85, 27.52], [1, 227.03, 28.29, 73.33], [383.8, 182.17, 17.43, 39.37], [404.59, 184.02, 13.27, 36.5], [169.58, 193.05, 22.89, 15.88], [461.49, 119.96, 23.52, 21.99], [423.8, 131.58, 10.46, 19.82], [329.53, 113.01, 9.59, 24.35]]"
4393,/home/pi/sambashare/BacArbeit/cocoval2017/000000142790.jpg,3.1955423740000697,"['0: person', '0: person', '31: snowboard', '30: skis', '31: snowboard']","[0, 0, 31, 30, 31]","[0.84216964, 0.826942, 0.8064036, 0.67910296, 0.54915476]","[[259.78, 143.24, 170.83, 121.23], [149.92, 174.82, 146.57, 109.36], [12.3, 294.92, 135.5, 29.04], [295.2, 241.03, 146.47, 51.78], [186.89, 279.17, 123.21, 24.14]]"
4394,/home/pi/sambashare/BacArbeit/cocoval2017/000000455872.jpg,3.1835939080010576,"['8: boat', '8: boat', '8: boat']","[8, 8, 8]","[0.6812556, 0.48664337, 0.36513698]","[[8.77, 185.17, 146.24, 73.81], [6.11, 165.79, 89.22, 44.27], [132.22, 195.26, 53.84, 30.07]]"
4395,/home/pi/sambashare/BacArbeit/cocoval2017/000000506310.jpg,3.169279465000727,"['39: bottle', '72: refrigerator', '39: bottle', '39: bottle', '39: bottle', '39: bottle', '39: bottle']","[39, 72, 39, 39, 39, 39, 39]","[0.91258657, 0.8899672, 0.78389466, 0.75415313, 0.7537965, 0.4455897, 0.25841585]","[[1, 274.6, 89.59, 143.06], [235.92, 115.56, 173.01, 224.22], [43.57, 248.87, 74.38, 119.82], [1, 79.16, 36.97, 160.61], [32.76, 86.48, 51.75, 135.35], [95.33, 377.07, 57.56, 47.91], [1, 1, 61.22, 29.26]]"
4396,/home/pi/sambashare/BacArbeit/cocoval2017/000000377588.jpg,3.1953790719999233,"['0: person', '0: person', '0: person', '0: person', '35: baseball glove', '0: person', '0: person', '34: baseball bat', '0: person', '35: baseball glove', '35: baseball glove', '35: baseball glove']","[0, 0, 0, 0, 35, 0, 0, 34, 0, 35, 35, 35]","[0.93262684, 0.8880432, 0.8866149, 0.8686098, 0.8675997, 0.8332681, 0.75297976, 0.74598134, 0.525984, 0.40124184, 0.35223198, 0.27292785]","[[76.9, 204.2, 48.15, 69.92], [297.65, 202.03, 50.58, 111.77], [488.54, 73.4, 20.85, 48.96], [315.2, 172.28, 55.48, 61.88], [296.12, 257.02, 13.92, 16.76], [223.11, 362.5, 49.09, 64.39], [232.64, 211.84, 74.04, 24.44], [229.21, 348.68, 16.94, 58.58], [185.81, 421.05, 17.4, 5.88], [361.57, 205.96, 12.81, 6.0], [500.49, 98.95, 6.62, 7.23], [232.63, 219.92, 18.8, 15.42]]"
4397,/home/pi/sambashare/BacArbeit/cocoval2017/000000100428.jpg,3.1883027859985305,"['0: person', '27: tie', '0: person']","[0, 27, 0]","[0.7136713, 0.4991384, 0.3814958]","[[179.37, 102.49, 437.65, 384.51], [188.2, 223.36, 290.79, 68.57], [119.76, 91.97, 243.66, 395.08]]"
4398,/home/pi/sambashare/BacArbeit/cocoval2017/000000179898.jpg,3.1996445919994585,"['0: person', '0: person', '56: chair', '0: person', '56: chair', '0: person', '0: person', '0: person', '56: chair', '0: person', '60: dining table', '60: dining table', '0: person', '52: hot dog', '24: backpack', '60: dining table', '56: chair', '73: book', '52: hot dog', '24: backpack']","[0, 0, 56, 0, 56, 0, 0, 0, 56, 0, 60, 60, 0, 52, 24, 60, 56, 73, 52, 24]","[0.8948972, 0.8136743, 0.81205577, 0.7472362, 0.73825705, 0.68552256, 0.6846438, 0.6755489, 0.66672367, 0.5972733, 0.5672341, 0.56009144, 0.552765, 0.5023962, 0.44940853, 0.4349641, 0.4233159, 0.28399137, 0.27836266, 0.27092132]","[[1, 204.52, 126.15, 249.87], [475.31, 179.41, 164.45, 300.59], [36.44, 119.97, 66.76, 26.31], [88.53, 24.32, 395.82, 455.68], [119.67, 152.87, 84.45, 70.75], [362.04, 117.71, 91.68, 106.41], [435.53, 149.47, 84.55, 145.84], [94.36, 195.08, 86.0, 103.95], [1, 180.91, 83.19, 102.34], [520.69, 135.82, 70.97, 125.97], [1, 126.94, 218.11, 70.72], [1, 91.44, 55.16, 58.01], [1, 331.9, 60.08, 144.61], [92.0, 231.8, 347.78, 180.84], [377.49, 37.52, 45.16, 50.37], [1, 143.0, 110.21, 79.44], [125.0, 99.59, 45.26, 41.41], [603.68, 68.45, 34.06, 60.1], [278.63, 229.61, 144.45, 180.23], [394.95, 36.21, 35.94, 38.6]]"
4399,/home/pi/sambashare/BacArbeit/cocoval2017/000000231169.jpg,3.184069086000818,"['6: train', '6: train']","[6, 6]","[0.8301758, 0.49106508]","[[149.61, 105.21, 272.07, 306.86], [429.39, 140.77, 209.86, 152.41]]"
4400,/home/pi/sambashare/BacArbeit/cocoval2017/000000067534.jpg,3.1872040500002186,['59: bed'],[59],[0.52071184],"[[1.5, 18.08, 289.3, 621.92]]"
4401,/home/pi/sambashare/BacArbeit/cocoval2017/000000122606.jpg,3.1942993070006196,"['5: bus', '0: person']","[5, 0]","[0.8636141, 0.40132314]","[[81.27, 9.03, 442.73, 458.04], [361.04, 154.72, 67.33, 78.13]]"
4402,/home/pi/sambashare/BacArbeit/cocoval2017/000000565962.jpg,3.176982697999847,"['15: cat', '75: vase']","[15, 75]","[0.8005693, 0.47056225]","[[150.91, 65.06, 326.66, 252.03], [14.51, 131.86, 152.75, 190.14]]"
4403,/home/pi/sambashare/BacArbeit/cocoval2017/000000355610.jpg,3.180148403998828,"['77: teddy bear', '77: teddy bear']","[77, 77]","[0.82128274, 0.7737479]","[[279.3, 101.57, 321.78, 323.98], [6.52, 57.89, 357.61, 365.27]]"
4404,/home/pi/sambashare/BacArbeit/cocoval2017/000000107554.jpg,3.172666438000306,[],[],[],[]
4405,/home/pi/sambashare/BacArbeit/cocoval2017/000000076261.jpg,3.174715148001269,"['14: bird', '33: kite']","[14, 33]","[0.768027, 0.66600263]","[[369.29, 178.29, 51.77, 65.7], [239.64, 340.6, 63.6, 48.46]]"
4406,/home/pi/sambashare/BacArbeit/cocoval2017/000000412240.jpg,3.1911159370010864,['16: dog'],[16],[0.61280036],"[[140.92, 50.63, 218.21, 243.11]]"
4407,/home/pi/sambashare/BacArbeit/cocoval2017/000000304560.jpg,3.1795874029994593,['15: cat'],[15],[0.8645771],"[[85.21, 101.5, 371.6, 320.6]]"
4408,/home/pi/sambashare/BacArbeit/cocoval2017/000000029393.jpg,3.1854922009988513,['16: dog'],[16],[0.9501035],"[[169.85, 156.25, 193.33, 182.27]]"
4409,/home/pi/sambashare/BacArbeit/cocoval2017/000000022396.jpg,3.1925384040005156,"['4: airplane', '29: frisbee']","[4, 29]","[0.9521093, 0.27770582]","[[325.69, 46.31, 279.1, 111.97], [98.19, 355.55, 93.42, 96.87]]"
4410,/home/pi/sambashare/BacArbeit/cocoval2017/000000267191.jpg,3.2045482190005714,"['20: elephant', '0: person', '20: elephant', '0: person', '24: backpack', '20: elephant']","[20, 0, 20, 0, 24, 20]","[0.89650434, 0.8863683, 0.8465208, 0.8200015, 0.41598588, 0.25233558]","[[11.74, 37.16, 626.49, 440.55], [1, 228.2, 136.55, 124.85], [1, 294.35, 234.86, 184.67], [523.63, 54.96, 116.07, 183.79], [121.95, 237.56, 29.04, 34.58], [218.09, 332.71, 130.01, 146.67]]"
4411,/home/pi/sambashare/BacArbeit/cocoval2017/000000245102.jpg,3.186895128999822,[],[],[],[]
4412,/home/pi/sambashare/BacArbeit/cocoval2017/000000484404.jpg,3.210135604998868,"['5: bus', '5: bus', '56: chair', '0: person', '0: person', '0: person', '56: chair', '56: chair']","[5, 5, 56, 0, 0, 0, 56, 56]","[0.9322335, 0.7101134, 0.6313067, 0.62066704, 0.5093411, 0.4353729, 0.32734886, 0.2864734]","[[1, 194.17, 211.28, 101.56], [486.53, 209.89, 58.6, 37.19], [103.13, 315.93, 471.23, 163.12], [296.72, 289.36, 49.01, 28.71], [293.28, 280.82, 31.12, 35.43], [310.34, 274.17, 26.73, 18.18], [611.97, 410.61, 27.83, 68.8], [344.51, 273.69, 33.63, 42.44]]"
4413,/home/pi/sambashare/BacArbeit/cocoval2017/000000108244.jpg,3.189059902999361,"['15: cat', '41: cup', '73: book']","[15, 41, 73]","[0.872952, 0.53653985, 0.30345502]","[[185.3, 156.12, 352.18, 199.04], [170.49, 1, 57.85, 52.81], [487.69, 137.21, 152.31, 69.32]]"
4414,/home/pi/sambashare/BacArbeit/cocoval2017/000000397639.jpg,3.19937545600078,"['18: sheep', '18: sheep']","[18, 18]","[0.93882215, 0.9361079]","[[236.52, 180.72, 145.77, 216.02], [386.88, 257.12, 91.12, 148.8]]"
4415,/home/pi/sambashare/BacArbeit/cocoval2017/000000311950.jpg,3.1842962599985185,"['33: kite', '33: kite', '33: kite', '33: kite']","[33, 33, 33, 33]","[0.82232237, 0.33062604, 0.3269729, 0.26064253]","[[154.85, 176.31, 143.1, 280.13], [422.3, 80.95, 17.07, 19.23], [439.42, 49.19, 8.46, 14.14], [388.71, 42.24, 17.88, 15.08]]"
4416,/home/pi/sambashare/BacArbeit/cocoval2017/000000215259.jpg,3.187089004999507,"['0: person', '0: person', '65: remote', '65: remote', '62: tv', '65: remote']","[0, 0, 65, 65, 62, 65]","[0.9346166, 0.92768246, 0.5936441, 0.5629368, 0.35952768, 0.2870503]","[[177.24, 96.18, 108.03, 355.03], [26.87, 77.74, 189.29, 366.65], [201.82, 161.18, 14.01, 17.14], [148.36, 145.73, 33.44, 18.22], [279.02, 88.94, 56.76, 219.95], [271.32, 159.51, 14.77, 8.59]]"
4417,/home/pi/sambashare/BacArbeit/cocoval2017/000000241326.jpg,3.1835201979993144,"['15: cat', '16: dog', '57: couch', '60: dining table']","[15, 16, 57, 60]","[0.92681867, 0.90921366, 0.6308012, 0.35635316]","[[24.98, 85.19, 153.42, 144.1], [327.62, 237.97, 140.52, 136.3], [3.55, 5.34, 361.64, 368.91], [396.04, 132.71, 103.23, 110.89]]"
4418,/home/pi/sambashare/BacArbeit/cocoval2017/000000074209.jpg,3.174786685000072,"['74: clock', '39: bottle', '45: bowl', '39: bottle', '39: bottle', '71: sink', '71: sink', '72: refrigerator']","[74, 39, 45, 39, 39, 71, 71, 72]","[0.8549148, 0.751278, 0.6171038, 0.6037128, 0.5654882, 0.47391495, 0.43874457, 0.2796725]","[[547.02, 137.1, 41.88, 46.09], [171.02, 197.5, 10.3, 25.45], [496.11, 235.14, 79.08, 23.35], [161.69, 193.93, 9.25, 29.53], [417.0, 238.25, 10.83, 37.22], [242.88, 266.71, 78.71, 24.7], [209.38, 257.54, 167.82, 37.11], [1, 72.11, 112.82, 218.36]]"
4419,/home/pi/sambashare/BacArbeit/cocoval2017/000000079565.jpg,3.1871239920001244,"['23: giraffe', '23: giraffe']","[23, 23]","[0.947827, 0.9364084]","[[222.56, 94.27, 181.39, 230.97], [127.34, 148.81, 93.61, 172.46]]"
4420,/home/pi/sambashare/BacArbeit/cocoval2017/000000564280.jpg,3.177688116000354,"['65: remote', '63: laptop', '16: dog', '65: remote']","[65, 63, 16, 65]","[0.6854041, 0.60589993, 0.54569465, 0.36587974]","[[310.91, 303.27, 132.96, 43.16], [83.21, 271.21, 450.28, 138.98], [2.87, 9.4, 637.13, 368.94], [331.25, 274.92, 133.08, 35.72]]"
4421,/home/pi/sambashare/BacArbeit/cocoval2017/000000559707.jpg,3.183220404998792,"['42: fork', '50: broccoli', '50: broccoli', '50: broccoli', '50: broccoli']","[42, 50, 50, 50, 50]","[0.89618313, 0.8652178, 0.826599, 0.6730824, 0.44671574]","[[196.65, 42.15, 279.33, 117.57], [82.84, 392.49, 203.59, 210.91], [246.66, 237.89, 230.92, 242.77], [157.42, 60.65, 174.19, 172.49], [1, 250.2, 93.84, 118.21]]"
4422,/home/pi/sambashare/BacArbeit/cocoval2017/000000227399.jpg,3.1764509870008624,"['0: person', '0: person', '0: person', '0: person', '1: bicycle', '0: person', '0: person', '6: train', '0: person', '24: backpack', '0: person', '0: person', '0: person', '0: person', '3: motorcycle', '0: person', '0: person', '0: person', '0: person', '0: person', '26: handbag']","[0, 0, 0, 0, 1, 0, 0, 6, 0, 24, 0, 0, 0, 0, 3, 0, 0, 0, 0, 0, 26]","[0.91317123, 0.89341897, 0.8897637, 0.8391384, 0.81029683, 0.770846, 0.7555996, 0.7546173, 0.7394834, 0.70550245, 0.69823307, 0.6573096, 0.61601454, 0.5997696, 0.5846513, 0.5738169, 0.5556812, 0.5225163, 0.44250596, 0.2828392, 0.2519196]","[[138.9, 200.64, 69.57, 146.3], [78.3, 201.28, 44.5, 116.24], [9.62, 189.5, 77.8, 145.3], [491.83, 180.83, 39.36, 106.77], [14.65, 256.83, 70.76, 139.29], [1, 233.75, 17.18, 117.11], [458.15, 172.01, 37.1, 121.84], [183.62, 128.01, 275.16, 257.19], [390.14, 174.37, 38.33, 70.43], [89.45, 220.25, 24.13, 36.42], [579.11, 157.52, 33.54, 38.37], [128.46, 223.74, 14.46, 32.53], [118.22, 222.55, 11.1, 33.93], [413.76, 175.4, 20.57, 51.99], [532.0, 244.44, 107.59, 108.98], [50.39, 204.33, 30.12, 57.78], [428.19, 177.79, 30.92, 70.08], [622.82, 158.88, 17.09, 77.13], [555.43, 198.36, 84.28, 89.66], [560.89, 182.2, 44.76, 40.03], [460.53, 194.72, 33.44, 54.73]]"
4423,/home/pi/sambashare/BacArbeit/cocoval2017/000000024610.jpg,3.173569029999271,"['56: chair', '63: laptop', '39: bottle', '24: backpack', '57: couch', '57: couch', '73: book', '41: cup', '73: book', '73: book']","[56, 63, 39, 24, 57, 57, 73, 41, 73, 73]","[0.930777, 0.9196651, 0.7719315, 0.65987754, 0.6147994, 0.43797833, 0.38258567, 0.33897406, 0.29336333, 0.28970942]","[[61.27, 283.06, 161.01, 195.47], [24.9, 246.52, 117.65, 74.27], [11.18, 262.75, 25.54, 64.88], [516.17, 303.7, 90.8, 99.73], [458.97, 317.88, 180.47, 161.13], [562.59, 364.57, 76.96, 114.61], [287.58, 332.18, 27.78, 40.74], [1, 302.24, 12.01, 24.95], [374.33, 327.34, 10.02, 33.79], [310.77, 330.63, 13.89, 42.98]]"
4424,/home/pi/sambashare/BacArbeit/cocoval2017/000000064359.jpg,3.1841257289997884,"['22: zebra', '23: giraffe', '22: zebra', '23: giraffe', '22: zebra', '23: giraffe', '23: giraffe', '14: bird']","[22, 23, 22, 23, 22, 23, 23, 14]","[0.95004874, 0.94306713, 0.9355501, 0.90503633, 0.89921075, 0.88118315, 0.7487934, 0.43556792]","[[367.36, 153.32, 132.24, 98.16], [109.53, 2.68, 105.63, 151.16], [216.9, 113.86, 131.08, 126.67], [273.48, 17.5, 126.62, 128.66], [143.97, 123.88, 92.72, 80.87], [459.93, 25.45, 39.96, 136.78], [195.46, 1, 122.91, 134.91], [65.0, 168.4, 7.18, 9.54]]"
4425,/home/pi/sambashare/BacArbeit/cocoval2017/000000283412.jpg,3.1767588759994396,"['41: cup', '16: dog', '18: sheep']","[41, 16, 18]","[0.901442, 0.58094215, 0.3062996]","[[1, 284.71, 134.39, 141.72], [2.37, 31.67, 445.08, 386.85], [27.83, 1, 412.58, 116.68]]"
4426,/home/pi/sambashare/BacArbeit/cocoval2017/000000171757.jpg,3.1927728640002897,"['0: person', '0: person', '14: bird', '65: remote']","[0, 0, 14, 65]","[0.9271073, 0.83950204, 0.36329642, 0.3178969]","[[52.31, 134.25, 261.23, 344.31], [393.96, 140.71, 148.13, 338.5], [1, 18.25, 54.48, 30.36], [3.78, 176.52, 35.88, 42.1]]"
4427,/home/pi/sambashare/BacArbeit/cocoval2017/000000228771.jpg,3.1826635629986413,[],[],[],[]
4428,/home/pi/sambashare/BacArbeit/cocoval2017/000000229111.jpg,3.1832205669998075,"['65: remote', '65: remote', '0: person']","[65, 65, 0]","[0.91025233, 0.8624158, 0.7076767]","[[31.62, 137.75, 86.35, 260.19], [106.17, 146.99, 67.11, 207.65], [12.39, 5.89, 361.12, 493.15]]"
4429,/home/pi/sambashare/BacArbeit/cocoval2017/000000148662.jpg,3.175048193001203,"['0: person', '16: dog']","[0, 16]","[0.5791672, 0.44458964]","[[5.99, 1.48, 631.35, 475.1], [1.29, 1.14, 135.12, 245.49]]"
4430,/home/pi/sambashare/BacArbeit/cocoval2017/000000501368.jpg,3.1848494070000015,['0: person'],[0],[0.3615662],"[[123.38, 4.35, 250.43, 490.42]]"
4431,/home/pi/sambashare/BacArbeit/cocoval2017/000000257370.jpg,3.177007212998433,"['62: tv', '0: person', '58: potted plant', '0: person', '65: remote', '65: remote', '65: remote', '24: backpack']","[62, 0, 58, 0, 65, 65, 65, 24]","[0.9080537, 0.88111275, 0.84322405, 0.7861127, 0.7381332, 0.55701, 0.40784007, 0.31814775]","[[275.29, 157.83, 341.34, 179.18], [1, 53.09, 184.91, 425.04], [529.54, 87.86, 53.48, 48.73], [493.52, 49.22, 146.24, 430.78], [582.05, 57.4, 57.45, 22.87], [113.64, 177.94, 21.2, 51.17], [113.52, 174.44, 16.55, 16.94], [470.48, 448.35, 109.42, 31.57]]"
4432,/home/pi/sambashare/BacArbeit/cocoval2017/000000240767.jpg,3.1810709990004398,[],[],[],[]
4433,/home/pi/sambashare/BacArbeit/cocoval2017/000000097022.jpg,3.176381680999839,"['68: microwave', '39: bottle', '70: toaster', '71: sink', '16: dog', '41: cup', '44: spoon']","[68, 39, 70, 71, 16, 41, 44]","[0.9295398, 0.7092135, 0.5979273, 0.505726, 0.2664838, 0.26314652, 0.25206247]","[[515.28, 199.28, 97.17, 54.22], [336.86, 227.78, 12.1, 23.6], [414.55, 218.85, 46.3, 33.65], [253.91, 251.46, 89.31, 11.09], [1, 373.28, 10.93, 54.14], [229.2, 235.82, 22.88, 16.68], [357.55, 204.46, 13.52, 29.21]]"
4434,/home/pi/sambashare/BacArbeit/cocoval2017/000000506933.jpg,3.188479828999334,"['67: cell phone', '66: keyboard', '0: person']","[67, 66, 0]","[0.90315235, 0.6270759, 0.5491832]","[[70.79, 187.37, 139.22, 228.32], [513.59, 33.55, 101.38, 82.44], [2.52, 4.27, 635.96, 474.29]]"
4435,/home/pi/sambashare/BacArbeit/cocoval2017/000000314182.jpg,3.1725496660001227,"['45: bowl', '45: bowl', '45: bowl', '45: bowl']","[45, 45, 45, 45]","[0.9124284, 0.9005306, 0.857244, 0.8059769]","[[169.64, 99.95, 205.31, 223.92], [35.02, 268.57, 259.7, 229.77], [99.19, 44.2, 159.83, 119.41], [1, 122.79, 176.57, 197.38]]"
4436,/home/pi/sambashare/BacArbeit/cocoval2017/000000458325.jpg,3.1874844990015845,"['2: car', '0: person', '2: car', '2: car', '2: car', '2: car', '2: car', '2: car', '36: skateboard', '2: car', '0: person', '0: person', '9: traffic light', '0: person', '2: car', '9: traffic light', '0: person', '9: traffic light', '2: car', '2: car', '2: car', '1: bicycle', '0: person', '2: car', '0: person', '2: car', '0: person']","[2, 0, 2, 2, 2, 2, 2, 2, 36, 2, 0, 0, 9, 0, 2, 9, 0, 9, 2, 2, 2, 1, 0, 2, 0, 2, 0]","[0.93449837, 0.9233831, 0.9159512, 0.88118374, 0.87092805, 0.86544573, 0.8463382, 0.8076851, 0.79053336, 0.7893833, 0.74681646, 0.7464607, 0.73256177, 0.707522, 0.68787986, 0.6640932, 0.66281205, 0.63906044, 0.5575086, 0.51902914, 0.5029345, 0.45464945, 0.39706603, 0.34986776, 0.3267761, 0.29893014, 0.28642765]","[[1, 164.61, 180.66, 166.25], [295.59, 159.74, 70.25, 181.17], [483.84, 198.99, 156.16, 142.46], [5.86, 211.08, 126.28, 181.59], [445.17, 189.16, 139.48, 118.22], [1, 213.93, 69.72, 211.18], [546.37, 211.2, 92.75, 179.92], [376.6, 197.0, 45.73, 67.54], [310.06, 332.21, 26.02, 16.26], [421.64, 192.01, 64.92, 97.08], [255.22, 187.85, 20.54, 49.75], [585.45, 175.96, 28.69, 24.3], [152.11, 67.79, 18.92, 26.06], [270.42, 184.74, 25.7, 51.94], [160.64, 184.38, 44.76, 70.78], [355.6, 62.83, 13.62, 25.69], [208.24, 181.71, 20.91, 56.34], [342.47, 61.05, 14.04, 26.68], [408.14, 190.01, 54.66, 83.4], [188.22, 183.38, 25.82, 50.68], [352.79, 184.57, 67.34, 24.82], [228.92, 210.12, 29.44, 30.2], [234.31, 186.98, 19.67, 31.44], [310.82, 176.15, 48.24, 13.81], [481.64, 183.72, 8.73, 9.33], [354.9, 195.4, 47.98, 61.59], [433.88, 177.67, 10.65, 12.91]]"
4437,/home/pi/sambashare/BacArbeit/cocoval2017/000000500049.jpg,3.166424443001233,"['4: airplane', '0: person', '0: person', '0: person']","[4, 0, 0, 0]","[0.861512, 0.5244289, 0.46217176, 0.4175055]","[[1, 80.7, 486.48, 179.72], [508.61, 343.44, 4.2, 6.96], [626.54, 348.19, 4.96, 7.22], [396.2, 339.55, 4.3, 6.73]]"
4438,/home/pi/sambashare/BacArbeit/cocoval2017/000000161642.jpg,3.1829595350009185,['74: clock'],[74],[0.82062316],"[[143.5, 182.33, 141.64, 147.59]]"
4439,/home/pi/sambashare/BacArbeit/cocoval2017/000000209747.jpg,3.190718254998501,"['15: cat', '71: sink', '79: toothbrush']","[15, 71, 79]","[0.7162011, 0.6061815, 0.34790328]","[[173.7, 52.93, 164.5, 231.05], [5.24, 147.15, 494.76, 196.29], [50.71, 167.7, 133.37, 60.78]]"
4440,/home/pi/sambashare/BacArbeit/cocoval2017/000000486438.jpg,3.1831080399988423,"['54: donut', '54: donut', '47: apple', '54: donut', '54: donut', '54: donut', '54: donut']","[54, 54, 47, 54, 54, 54, 54]","[0.8891156, 0.8129652, 0.6345515, 0.6180934, 0.48027912, 0.33241227, 0.30860242]","[[119.79, 306.9, 222.99, 119.85], [26.83, 250.97, 202.48, 126.05], [206.42, 171.93, 175.81, 104.97], [342.02, 314.19, 231.14, 112.78], [354.18, 189.5, 204.3, 108.66], [256.86, 272.99, 145.61, 95.88], [443.79, 263.53, 183.18, 113.63]]"
4441,/home/pi/sambashare/BacArbeit/cocoval2017/000000055299.jpg,3.190127162999488,"['14: bird', '13: bench', '14: bird']","[14, 13, 14]","[0.88301474, 0.4635478, 0.3006024]","[[430.61, 215.17, 43.47, 114.95], [79.19, 258.73, 25.01, 14.91], [613.27, 234.75, 12.77, 7.14]]"
4442,/home/pi/sambashare/BacArbeit/cocoval2017/000000286507.jpg,3.1905130430004647,['6: train'],[6],[0.82240826],"[[97.77, 150.22, 508.73, 147.82]]"
4443,/home/pi/sambashare/BacArbeit/cocoval2017/000000032941.jpg,3.183889919999274,"['2: car', '2: car', '2: car', '9: traffic light', '0: person', '7: truck', '7: truck', '0: person', '2: car', '9: traffic light', '0: person', '2: car', '9: traffic light']","[2, 2, 2, 9, 0, 7, 7, 0, 2, 9, 0, 2, 9]","[0.90596694, 0.8910586, 0.82795316, 0.8156325, 0.7863976, 0.7852311, 0.7756844, 0.68877846, 0.64422834, 0.54416054, 0.517786, 0.43924317, 0.28121534]","[[316.69, 194.83, 32.82, 28.87], [265.2, 194.46, 35.6, 31.44], [179.86, 192.17, 26.45, 23.36], [206.61, 126.68, 9.79, 30.73], [100.43, 191.94, 8.79, 28.12], [267.65, 169.54, 34.82, 39.59], [316.57, 168.36, 26.67, 35.62], [409.14, 189.74, 7.17, 30.07], [302.61, 189.15, 12.54, 17.58], [26.56, 156.15, 12.72, 23.04], [51.0, 192.35, 11.68, 34.31], [261.19, 191.76, 8.02, 19.51], [224.28, 145.44, 8.81, 30.57]]"
4444,/home/pi/sambashare/BacArbeit/cocoval2017/000000108495.jpg,3.1852649100001145,"['0: person', '36: skateboard']","[0, 36]","[0.7689525, 0.40233487]","[[73.47, 2.38, 258.07, 493.05], [103.84, 372.83, 78.3, 71.59]]"
4445,/home/pi/sambashare/BacArbeit/cocoval2017/000000229358.jpg,3.1816312270002527,"['71: sink', '41: cup', '0: person', '79: toothbrush', '27: tie', '79: toothbrush', '79: toothbrush', '39: bottle', '0: person']","[71, 41, 0, 79, 27, 79, 79, 39, 0]","[0.8581951, 0.82403135, 0.7920428, 0.73040456, 0.5619067, 0.348915, 0.32545495, 0.30205238, 0.2727347]","[[301.08, 360.06, 254.55, 62.94], [450.38, 323.48, 31.24, 38.09], [270.22, 95.12, 98.66, 145.68], [369.71, 280.75, 14.91, 51.18], [296.96, 171.69, 15.54, 69.93], [223.54, 63.09, 15.72, 60.69], [243.92, 78.1, 14.12, 40.5], [143.93, 81.05, 22.05, 40.7], [454.63, 1.06, 181.9, 421.94]]"
4446,/home/pi/sambashare/BacArbeit/cocoval2017/000000288062.jpg,3.1836637079995853,"['61: toilet', '45: bowl', '61: toilet', '15: cat']","[61, 45, 61, 15]","[0.58408076, 0.47566947, 0.36387846, 0.32966778]","[[98.78, 96.09, 273.66, 508.28], [373.43, 441.18, 72.19, 79.2], [117.7, 331.54, 241.6, 258.34], [24.71, 598.96, 50.03, 40.63]]"
4447,/home/pi/sambashare/BacArbeit/cocoval2017/000000010583.jpg,3.171810636000373,"['43: knife', '55: cake', '41: cup']","[43, 55, 41]","[0.75351226, 0.7305863, 0.6868756]","[[478.82, 192.04, 132.17, 82.96], [95.25, 67.52, 398.48, 420.27], [1, 14.09, 33.89, 234.69]]"
4448,/home/pi/sambashare/BacArbeit/cocoval2017/000000277020.jpg,3.191458429000704,"['0: person', '41: cup', '0: person', '27: tie', '0: person', '41: cup', '63: laptop', '27: tie', '0: person', '41: cup']","[0, 41, 0, 27, 0, 41, 63, 27, 0, 41]","[0.9015986, 0.8854017, 0.85834414, 0.84564036, 0.8452564, 0.77080196, 0.5971528, 0.5880684, 0.4843688, 0.46600047]","[[345.96, 129.06, 118.04, 148.25], [385.24, 248.96, 29.46, 36.99], [1, 9.29, 244.22, 348.72], [281.16, 187.63, 22.75, 87.76], [186.91, 83.81, 159.83, 274.62], [368.44, 258.87, 18.46, 23.65], [144.54, 330.26, 141.92, 29.6], [423.19, 206.34, 16.33, 32.33], [444.02, 101.7, 194.19, 257.75], [369.13, 252.72, 34.06, 32.22]]"
4449,/home/pi/sambashare/BacArbeit/cocoval2017/000000528705.jpg,3.1830751759989653,"['0: person', '77: teddy bear']","[0, 77]","[0.7247727, 0.5586096]","[[330.96, 481.19, 94.26, 158.09], [23.23, 166.87, 324.75, 410.87]]"
4450,/home/pi/sambashare/BacArbeit/cocoval2017/000000402615.jpg,3.184742298999481,"['0: person', '38: tennis racket', '0: person', '0: person', '0: person', '19: cow', '0: person']","[0, 38, 0, 0, 0, 19, 0]","[0.90759414, 0.84747005, 0.6470131, 0.47055084, 0.40073386, 0.37466174, 0.25174224]","[[508.41, 179.27, 60.51, 114.16], [475.95, 211.73, 38.99, 19.43], [184.27, 152.83, 12.37, 31.0], [222.79, 151.2, 10.83, 21.67], [473.96, 159.86, 17.24, 26.72], [108.77, 287.67, 28.12, 33.53], [615.94, 138.55, 23.12, 25.8]]"
4451,/home/pi/sambashare/BacArbeit/cocoval2017/000000036494.jpg,3.1760312669994164,"['56: chair', '0: person', '0: person', '74: clock', '56: chair', '0: person', '56: chair', '0: person', '0: person', '0: person', '0: person', '0: person', '56: chair', '56: chair', '56: chair', '0: person', '0: person', '0: person', '0: person', '0: person', '0: person', '0: person']","[56, 0, 0, 74, 56, 0, 56, 0, 0, 0, 0, 0, 56, 56, 56, 0, 0, 0, 0, 0, 0, 0]","[0.7356958, 0.71781445, 0.71457404, 0.70765764, 0.6793106, 0.6381488, 0.6323115, 0.61210215, 0.59226215, 0.56700253, 0.55888706, 0.555384, 0.52644956, 0.503021, 0.5012439, 0.49734673, 0.4359971, 0.3744257, 0.32009086, 0.3095265, 0.26195556, 0.2588175]","[[209.13, 373.15, 56.23, 49.82], [315.7, 307.27, 62.16, 63.39], [371.55, 292.38, 49.02, 71.22], [386.34, 64.34, 148.9, 192.07], [367.46, 388.04, 47.32, 35.09], [336.68, 346.8, 59.48, 76.16], [272.73, 387.74, 57.92, 35.4], [105.34, 221.56, 38.21, 61.44], [287.3, 273.69, 41.01, 45.28], [419.79, 282.46, 52.17, 63.4], [242.52, 254.13, 47.04, 63.58], [273.94, 318.02, 43.65, 66.95], [35.32, 359.07, 67.45, 63.65], [417.7, 373.41, 44.74, 49.7], [259.81, 344.96, 29.33, 71.56], [181.44, 267.24, 37.63, 111.66], [10.04, 310.55, 32.7, 112.79], [499.83, 301.63, 48.26, 59.33], [222.87, 275.4, 44.75, 105.77], [201.06, 248.15, 43.8, 34.54], [393.88, 325.66, 68.12, 82.96], [210.13, 268.3, 24.73, 42.51]]"
4452,/home/pi/sambashare/BacArbeit/cocoval2017/000000402783.jpg,3.1927926339994883,"['27: tie', '51: carrot']","[27, 51]","[0.36615485, 0.287276]","[[269.37, 161.66, 148.5, 124.34], [243.82, 269.19, 175.24, 172.79]]"
4453,/home/pi/sambashare/BacArbeit/cocoval2017/000000160666.jpg,3.1914889450017654,"['79: toothbrush', '52: hot dog']","[79, 52]","[0.7741107, 0.4280962]","[[2.61, 239.91, 616.72, 176.78], [11.05, 78.43, 623.77, 189.03]]"
4454,/home/pi/sambashare/BacArbeit/cocoval2017/000000447789.jpg,3.1785380840010475,[],[],[],[]
4455,/home/pi/sambashare/BacArbeit/cocoval2017/000000189436.jpg,3.1697280169992155,"['77: teddy bear', '56: chair']","[77, 56]","[0.6350279, 0.39123917]","[[1, 60.12, 385.88, 541.95], [409.74, 198.93, 70.26, 41.25]]"
4456,/home/pi/sambashare/BacArbeit/cocoval2017/000000552902.jpg,3.1859941060010897,['22: zebra'],[22],[0.95648104],"[[130.46, 107.02, 332.62, 202.33]]"
4457,/home/pi/sambashare/BacArbeit/cocoval2017/000000238039.jpg,3.1929030649989727,"['18: sheep', '25: umbrella']","[18, 25]","[0.9385882, 0.5506012]","[[122.09, 315.36, 197.07, 219.76], [1, 1, 116.16, 84.69]]"
4458,/home/pi/sambashare/BacArbeit/cocoval2017/000000455555.jpg,3.176305859000422,"['0: person', '0: person', '36: skateboard', '16: dog']","[0, 0, 36, 16]","[0.9339278, 0.8992348, 0.86362845, 0.33668333]","[[462.16, 47.46, 163.75, 192.94], [108.94, 99.84, 350.1, 380.12], [154.1, 405.75, 156.04, 128.69], [1, 187.19, 20.25, 14.6]]"
4459,/home/pi/sambashare/BacArbeit/cocoval2017/000000181499.jpg,3.189623082000253,"['63: laptop', '64: mouse']","[63, 64]","[0.72267795, 0.5989972]","[[237.88, 2.78, 402.05, 502.08], [234.86, 371.39, 196.2, 140.85]]"
4460,/home/pi/sambashare/BacArbeit/cocoval2017/000000368982.jpg,3.1896333630011213,"['76: scissors', '39: bottle', '25: umbrella']","[76, 39, 25]","[0.75395936, 0.40796652, 0.2783701]","[[29.76, 195.27, 520.74, 239.69], [417.24, 1, 221.72, 477.01], [178.23, 1, 369.36, 157.93]]"
4461,/home/pi/sambashare/BacArbeit/cocoval2017/000000360393.jpg,3.190099815999929,"['40: wine glass', '55: cake', '41: cup', '65: remote', '45: bowl']","[40, 55, 41, 65, 45]","[0.82347256, 0.6582244, 0.5028804, 0.32728866, 0.2628836]","[[498.93, 265.99, 139.81, 160.1], [32.51, 58.16, 604.25, 334.75], [483.19, 1, 86.22, 23.77], [1.73, 1, 324.38, 114.84], [573.69, 1, 65.82, 192.83]]"
4462,/home/pi/sambashare/BacArbeit/cocoval2017/000000132329.jpg,3.1855680259996006,"['39: bottle', '39: bottle', '39: bottle', '39: bottle', '72: refrigerator']","[39, 39, 39, 39, 72]","[0.9434913, 0.9301572, 0.9193894, 0.91701704, 0.4726719]","[[217.06, 31.78, 50.39, 184.22], [267.52, 31.76, 53.8, 186.24], [108.04, 83.02, 52.26, 131.39], [160.65, 31.85, 51.65, 182.29], [1, 1, 413.56, 625.73]]"
4463,/home/pi/sambashare/BacArbeit/cocoval2017/000000132408.jpg,3.171290661000967,"['17: horse', '0: person', '17: horse', '17: horse', '0: person', '0: person']","[17, 0, 17, 17, 0, 0]","[0.94426566, 0.9299967, 0.92268705, 0.78232425, 0.71295553, 0.45631775]","[[126.35, 255.76, 107.98, 219.35], [31.11, 295.37, 65.26, 142.68], [231.33, 239.06, 116.97, 243.69], [364.11, 313.21, 36.93, 71.09], [420.54, 321.49, 8.32, 65.72], [394.65, 304.14, 21.9, 57.71]]"
4464,/home/pi/sambashare/BacArbeit/cocoval2017/000000369675.jpg,3.1841222519997245,"['6: train', '0: person', '56: chair', '0: person']","[6, 0, 56, 0]","[0.74684024, 0.3632826, 0.3536175, 0.2712527]","[[1, 102.49, 635.55, 284.49], [325.81, 167.52, 21.46, 56.62], [414.44, 191.54, 23.61, 24.2], [444.41, 174.61, 12.16, 32.74]]"
4465,/home/pi/sambashare/BacArbeit/cocoval2017/000000310072.jpg,3.1837530809989403,"['2: car', '2: car', '2: car', '13: bench', '2: car']","[2, 2, 2, 13, 2]","[0.947302, 0.94617534, 0.91567665, 0.79433405, 0.3951787]","[[227.2, 1, 252.91, 67.6], [1, 1, 134.11, 68.15], [169.47, 1, 68.4, 36.14], [114.6, 87.29, 424.6, 226.79], [632.72, 3.12, 7.09, 21.58]]"
4466,/home/pi/sambashare/BacArbeit/cocoval2017/000000437110.jpg,3.1840664640003524,['74: clock'],[74],[0.88161075],"[[228.87, 232.31, 19.93, 19.28]]"
4467,/home/pi/sambashare/BacArbeit/cocoval2017/000000131379.jpg,3.183193596998535,[],[],[],[]
4468,/home/pi/sambashare/BacArbeit/cocoval2017/000000489339.jpg,3.1937428150013147,['37: surfboard'],[37],[0.9146382],"[[27.0, 300.43, 399.0, 337.41]]"
4469,/home/pi/sambashare/BacArbeit/cocoval2017/000000035770.jpg,3.195574295001279,"['74: clock', '55: cake', '68: microwave']","[74, 55, 68]","[0.72516876, 0.515019, 0.43172088]","[[172.66, 462.58, 188.39, 176.84], [1, 383.11, 126.83, 255.6], [4.92, 13.65, 473.93, 378.05]]"
4470,/home/pi/sambashare/BacArbeit/cocoval2017/000000244019.jpg,3.1847592379999696,['10: fire hydrant'],[10],[0.8883314],"[[266.05, 112.2, 77.75, 252.88]]"
4471,/home/pi/sambashare/BacArbeit/cocoval2017/000000136633.jpg,3.176328405001186,"['0: person', '0: person', '0: person', '0: person', '25: umbrella', '0: person', '45: bowl', '0: person', '0: person', '25: umbrella', '0: person']","[0, 0, 0, 0, 25, 0, 45, 0, 0, 25, 0]","[0.9477106, 0.7325141, 0.61824477, 0.5318842, 0.5265728, 0.51069444, 0.45543393, 0.44027478, 0.34107107, 0.29634842, 0.27896008]","[[11.41, 251.43, 75.46, 218.35], [117.45, 253.49, 19.99, 51.82], [1, 262.21, 9.93, 167.08], [135.73, 252.96, 13.21, 46.43], [122.83, 205.6, 95.13, 32.12], [67.5, 270.24, 33.14, 136.12], [213.28, 479.36, 91.8, 65.89], [7.6, 254.46, 25.11, 86.07], [155.04, 258.82, 11.54, 30.66], [53.63, 1.83, 373.37, 476.32], [180.89, 255.08, 7.67, 28.09]]"
4472,/home/pi/sambashare/BacArbeit/cocoval2017/000000371529.jpg,3.185137456999655,"['61: toilet', '0: person', '61: toilet']","[61, 0, 61]","[0.9269704, 0.812805, 0.5281513]","[[212.32, 164.32, 277.53, 432.85], [32.14, 48.95, 285.1, 533.18], [1, 200.7, 55.09, 256.02]]"
4473,/home/pi/sambashare/BacArbeit/cocoval2017/000000377814.jpg,3.181525583999246,"['54: donut', '54: donut', '54: donut', '54: donut', '54: donut', '54: donut']","[54, 54, 54, 54, 54, 54]","[0.9630193, 0.9519617, 0.9517472, 0.9484433, 0.9266787, 0.710171]","[[1, 2.32, 236.15, 206.74], [312.12, 159.0, 234.35, 244.63], [44.86, 185.76, 283.19, 293.05], [483.58, 131.24, 156.14, 190.3], [231.27, 1, 192.79, 185.45], [392.99, 1, 158.03, 154.49]]"
4474,/home/pi/sambashare/BacArbeit/cocoval2017/000000562561.jpg,3.186498285998823,"['16: dog', '17: horse', '25: umbrella']","[16, 17, 25]","[0.8220416, 0.7759821, 0.2715132]","[[85.53, 174.62, 169.55, 237.58], [140.14, 60.29, 462.68, 417.43], [197.09, 156.82, 119.91, 108.52]]"
4475,/home/pi/sambashare/BacArbeit/cocoval2017/000000468505.jpg,3.1764260930012824,"['0: person', '41: cup', '41: cup', '39: bottle', '39: bottle', '48: sandwich', '39: bottle', '43: knife', '60: dining table', '44: spoon', '42: fork']","[0, 41, 41, 39, 39, 48, 39, 43, 60, 44, 42]","[0.9461333, 0.85503286, 0.8421847, 0.68150365, 0.67820644, 0.5960109, 0.59421223, 0.521372, 0.45983407, 0.3824166, 0.31007144]","[[117.85, 57.23, 321.79, 192.02], [263.69, 196.54, 26.95, 35.01], [247.16, 237.72, 31.39, 59.72], [239.41, 211.12, 26.95, 62.5], [318.93, 210.71, 20.45, 69.42], [168.42, 222.34, 46.55, 23.29], [329.19, 229.47, 22.57, 60.4], [366.18, 293.55, 49.27, 22.57], [140.72, 214.04, 335.71, 232.89], [164.44, 286.72, 21.94, 29.33], [255.18, 301.77, 40.4, 38.81]]"
4476,/home/pi/sambashare/BacArbeit/cocoval2017/000000061268.jpg,3.1793850249996467,"['0: person', '9: traffic light', '9: traffic light']","[0, 9, 9]","[0.925545, 0.46945655, 0.27115706]","[[55.22, 275.21, 25.18, 59.87], [545.05, 198.21, 20.04, 37.47], [545.17, 198.6, 18.96, 17.06]]"
4477,/home/pi/sambashare/BacArbeit/cocoval2017/000000140987.jpg,3.186618527999599,"['41: cup', '41: cup', '0: person', '41: cup', '0: person', '0: person', '56: chair', '60: dining table', '41: cup', '58: potted plant', '43: knife', '0: person', '60: dining table', '0: person', '60: dining table', '58: potted plant', '56: chair', '0: person', '56: chair']","[41, 41, 0, 41, 0, 0, 56, 60, 41, 58, 43, 0, 60, 0, 60, 58, 56, 0, 56]","[0.9292902, 0.89506954, 0.73541623, 0.73394203, 0.72954416, 0.69548166, 0.66885614, 0.6462106, 0.58123636, 0.578432, 0.5689807, 0.55763555, 0.48459056, 0.47867176, 0.41966423, 0.4083771, 0.36498094, 0.32345673, 0.3117404]","[[282.99, 464.69, 140.95, 173.64], [384.87, 340.84, 39.92, 128.83], [1, 33.72, 67.8, 203.6], [17.09, 219.14, 30.04, 39.32], [50.52, 140.01, 319.33, 299.43], [133.91, 99.66, 70.69, 47.44], [1, 434.13, 23.55, 37.07], [1, 237.0, 78.15, 61.35], [281.65, 195.48, 32.49, 37.71], [355.89, 33.93, 68.73, 107.7], [1, 561.19, 109.6, 78.76], [63.84, 123.59, 88.15, 173.0], [1, 412.63, 418.84, 225.27], [309.24, 108.43, 93.76, 134.41], [266.43, 187.4, 158.57, 94.98], [234.89, 56.6, 73.66, 101.23], [274.07, 313.32, 104.63, 107.16], [290.83, 109.7, 55.77, 106.14], [47.22, 175.98, 36.05, 65.38]]"
4478,/home/pi/sambashare/BacArbeit/cocoval2017/000000298396.jpg,3.1848529309991136,"['56: chair', '45: bowl', '60: dining table', '74: clock', '69: oven', '45: bowl', '71: sink', '70: toaster', '55: cake', '71: sink', '56: chair', '41: cup']","[56, 45, 60, 74, 69, 45, 71, 70, 55, 71, 56, 41]","[0.8843856, 0.8818407, 0.8807101, 0.7676345, 0.7672036, 0.5722897, 0.5567908, 0.52715224, 0.4783683, 0.33824477, 0.30920908, 0.28527144]","[[308.1, 326.52, 55.3, 67.88], [353.42, 388.48, 117.77, 74.96], [231.86, 310.91, 389.17, 168.12], [31.05, 1, 61.99, 42.37], [453.38, 150.41, 110.69, 118.84], [182.99, 233.63, 48.4, 19.66], [95.49, 273.37, 106.44, 20.69], [347.04, 212.26, 52.84, 25.41], [496.49, 376.96, 65.96, 26.43], [60.71, 289.44, 77.37, 24.83], [602.85, 363.69, 37.03, 115.45], [319.62, 221.25, 14.31, 17.83]]"
4479,/home/pi/sambashare/BacArbeit/cocoval2017/000000081988.jpg,3.1689672989996325,"['0: person', '0: person', '37: surfboard', '0: person', '0: person', '37: surfboard', '37: surfboard', '0: person']","[0, 0, 37, 0, 0, 37, 37, 0]","[0.93536556, 0.92545784, 0.839995, 0.8263628, 0.5358956, 0.5132417, 0.41649717, 0.3775069]","[[46.81, 283.19, 113.7, 109.41], [269.45, 127.77, 242.17, 245.61], [181.78, 378.62, 85.89, 17.73], [304.33, 275.01, 105.14, 121.18], [471.76, 314.77, 107.78, 85.46], [314.96, 374.13, 115.82, 25.09], [70.0, 381.29, 101.51, 14.34], [185.71, 292.69, 64.4, 91.93]]"
4480,/home/pi/sambashare/BacArbeit/cocoval2017/000000311394.jpg,3.174374917000023,"['79: toothbrush', '0: person']","[79, 0]","[0.8834137, 0.59331256]","[[156.72, 204.34, 50.38, 290.13], [3.31, 1, 475.61, 639]]"
4481,/home/pi/sambashare/BacArbeit/cocoval2017/000000033638.jpg,3.184506985000553,"['0: person', '45: bowl', '69: oven', '45: bowl', '39: bottle', '45: bowl', '0: person', '45: bowl', '44: spoon']","[0, 45, 69, 45, 39, 45, 0, 45, 44]","[0.94413495, 0.7886367, 0.57516277, 0.4781968, 0.41363722, 0.37568334, 0.33226457, 0.31705374, 0.28928497]","[[62.47, 243.12, 140.72, 266.98], [213.15, 318.27, 22.27, 12.67], [123.15, 318.33, 285.88, 283.33], [24.06, 112.51, 48.36, 31.45], [257.55, 200.62, 9.29, 33.67], [171.15, 346.38, 35.55, 19.07], [289.4, 202.09, 25.69, 33.7], [243.38, 237.07, 12.83, 9.5], [368.53, 384.23, 30.81, 24.03]]"
4482,/home/pi/sambashare/BacArbeit/cocoval2017/000000129135.jpg,3.1893078190005326,"['13: bench', '6: train', '38: tennis racket']","[13, 6, 38]","[0.94703925, 0.7505336, 0.4312224]","[[300.23, 364.77, 249.29, 100.74], [1.97, 164.13, 635.53, 187.42], [469.8, 17.93, 29.95, 26.75]]"
4483,/home/pi/sambashare/BacArbeit/cocoval2017/000000364557.jpg,3.1891328290003003,"['0: person', '0: person', '37: surfboard', '37: surfboard', '0: person']","[0, 0, 37, 37, 0]","[0.8827737, 0.8749023, 0.84497535, 0.77202046, 0.32959485]","[[190.97, 147.72, 62.31, 138.41], [275.24, 158.7, 45.51, 130.67], [308.99, 192.18, 24.39, 40.09], [186.93, 183.59, 45.4, 48.6], [392.35, 161.85, 7.09, 6.43]]"
4484,/home/pi/sambashare/BacArbeit/cocoval2017/000000076417.jpg,3.1833191139994597,"['9: traffic light', '9: traffic light', '16: dog', '2: car']","[9, 9, 16, 2]","[0.8862551, 0.87666523, 0.78608495, 0.6699966]","[[442.15, 28.5, 59.8, 126.47], [9.17, 1.4, 59.43, 129.38], [274.63, 141.09, 149.89, 172.85], [184.09, 151.17, 455.91, 326.07]]"
4485,/home/pi/sambashare/BacArbeit/cocoval2017/000000246968.jpg,3.1747764030005783,"['0: person', '68: microwave', '41: cup', '39: bottle', '40: wine glass', '69: oven', '71: sink', '39: bottle', '41: cup', '41: cup', '75: vase', '58: potted plant', '39: bottle', '61: toilet', '39: bottle', '39: bottle', '39: bottle', '39: bottle']","[0, 68, 41, 39, 40, 69, 71, 39, 41, 41, 75, 58, 39, 61, 39, 39, 39, 39]","[0.928591, 0.83089495, 0.8271443, 0.7976807, 0.7003355, 0.6356684, 0.59781367, 0.55163944, 0.53200364, 0.49959737, 0.49477422, 0.45919386, 0.45657742, 0.40586376, 0.39458236, 0.36709693, 0.34013098, 0.26119283]","[[181.7, 134.88, 120.34, 177.77], [297.38, 157.61, 84.17, 54.8], [143.85, 302.69, 25.17, 31.15], [399.15, 241.06, 26.53, 74.49], [67.42, 281.76, 24.83, 51.92], [298.13, 213.26, 80.91, 87.51], [122.97, 271.37, 45.42, 35.72], [422.43, 242.6, 19.83, 55.78], [323.55, 303.89, 20.61, 17.08], [304.2, 306.6, 15.74, 16.99], [4.39, 299.43, 43.57, 42.42], [1, 189.57, 53.04, 126.2], [124.4, 219.98, 16.15, 48.66], [323.48, 388.04, 152.12, 39.83], [88.89, 268.3, 36.74, 74.94], [128.78, 218.1, 13.71, 32.5], [146.88, 193.93, 21.41, 48.74], [438.72, 241.92, 15.69, 49.6]]"
4486,/home/pi/sambashare/BacArbeit/cocoval2017/000000066231.jpg,3.1729272289994697,"['0: person', '0: person', '0: person', '45: bowl', '45: bowl', '45: bowl', '39: bottle', '0: person', '41: cup', '39: bottle', '39: bottle', '71: sink', '45: bowl', '39: bottle', '45: bowl', '0: person', '39: bottle', '45: bowl', '71: sink']","[0, 0, 0, 45, 45, 45, 39, 0, 41, 39, 39, 71, 45, 39, 45, 0, 39, 45, 71]","[0.88909966, 0.8602502, 0.8487226, 0.8299033, 0.80220276, 0.7277308, 0.6960724, 0.6954944, 0.6472311, 0.58093965, 0.56087744, 0.52555406, 0.45837367, 0.43806964, 0.37342587, 0.32884893, 0.31047902, 0.30183503, 0.26352015]","[[330.1, 134.56, 117.11, 289.64], [1, 197.37, 69.17, 211.63], [147.72, 145.54, 51.83, 112.96], [285.28, 276.13, 44.2, 16.23], [281.21, 291.98, 60.02, 14.72], [326.39, 280.71, 32.58, 11.63], [86.88, 280.89, 14.92, 40.35], [452.61, 154.61, 45.52, 156.07], [1, 376.5, 26.75, 48.05], [177.5, 248.67, 12.75, 21.13], [211.96, 240.42, 15.09, 29.88], [91.2, 328.98, 203.23, 52.91], [174.93, 268.14, 57.36, 11.34], [559.59, 381.35, 32.41, 45.06], [291.39, 266.57, 28.04, 10.97], [298.46, 145.25, 38.6, 67.37], [587.63, 371.4, 19.57, 34.26], [282.3, 278.68, 56.2, 25.68], [499.84, 197.23, 139.58, 16.76]]"
4487,/home/pi/sambashare/BacArbeit/cocoval2017/000000289059.jpg,3.180617400999836,"['38: tennis racket', '0: person', '0: person', '62: tv']","[38, 0, 0, 62]","[0.87071645, 0.8660594, 0.68975836, 0.4677955]","[[348.13, 276.3, 201.06, 136.57], [11.6, 42.29, 376.85, 435.83], [347.1, 3.08, 166.51, 374.67], [1, 159.93, 160.77, 131.84]]"
4488,/home/pi/sambashare/BacArbeit/cocoval2017/000000373353.jpg,3.188206632999936,"['2: car', '2: car', '2: car', '5: bus', '2: car', '2: car', '0: person', '2: car', '0: person', '0: person', '0: person', '2: car', '0: person', '2: car', '0: person', '2: car', '2: car', '24: backpack', '2: car', '2: car', '2: car', '2: car', '0: person', '2: car', '2: car']","[2, 2, 2, 5, 2, 2, 0, 2, 0, 0, 0, 2, 0, 2, 0, 2, 2, 24, 2, 2, 2, 2, 0, 2, 2]","[0.9185057, 0.90205073, 0.8935711, 0.8851156, 0.88218963, 0.87647754, 0.8448763, 0.8052418, 0.78817147, 0.7547077, 0.74341285, 0.7416257, 0.69641405, 0.6948122, 0.6454075, 0.64310116, 0.6299705, 0.61863816, 0.6173493, 0.56973714, 0.56890434, 0.45268607, 0.4009681, 0.34377933, 0.33246848]","[[558.86, 316.62, 60.71, 56.32], [1, 296.98, 99.53, 86.25], [608.25, 311.96, 31.45, 72.6], [269.09, 215.75, 98.09, 139.95], [92.1, 294.31, 61.76, 68.28], [146.72, 296.45, 34.95, 55.87], [519.46, 313.12, 44.05, 84.7], [174.15, 297.84, 32.48, 44.19], [444.88, 306.91, 59.73, 118.59], [290.45, 304.64, 63.54, 110.4], [395.55, 305.71, 14.51, 25.6], [231.46, 307.05, 23.6, 18.11], [252.47, 303.74, 12.59, 27.14], [1, 325.98, 25.67, 69.41], [426.38, 312.34, 39.76, 105.89], [513.47, 313.56, 59.77, 42.29], [497.7, 308.21, 38.81, 28.33], [492.21, 322.97, 19.83, 29.6], [425.51, 305.93, 33.91, 28.73], [412.35, 302.0, 28.44, 28.68], [208.65, 298.66, 24.26, 35.91], [194.0, 297.28, 21.08, 41.49], [263.62, 304.75, 7.89, 21.46], [378.89, 303.15, 15.88, 21.24], [507.64, 311.96, 30.3, 41.31]]"
4489,/home/pi/sambashare/BacArbeit/cocoval2017/000000185472.jpg,3.191950940999959,"['0: person', '6: train', '1: bicycle', '0: person', '77: teddy bear', '26: handbag']","[0, 6, 1, 0, 77, 26]","[0.90025365, 0.8921283, 0.7932494, 0.790224, 0.7219892, 0.43859285]","[[459.69, 165.12, 94.09, 189.64], [371.47, 119.29, 120.73, 110.87], [424.79, 238.73, 62.21, 128.69], [583.82, 138.7, 55.93, 127.39], [596.28, 346.42, 43.4, 132.25], [589.46, 218.43, 45.3, 27.41]]"
4490,/home/pi/sambashare/BacArbeit/cocoval2017/000000472678.jpg,3.1851158819990815,"['64: mouse', '39: bottle', '56: chair', '62: tv', '73: book', '62: tv', '67: cell phone', '66: keyboard']","[64, 39, 56, 62, 73, 62, 67, 66]","[0.8523485, 0.8205498, 0.76255935, 0.64345807, 0.6213653, 0.60912526, 0.51223636, 0.3690836]","[[494.67, 375.96, 40.55, 26.1], [125.74, 287.08, 30.96, 82.61], [592.78, 365.73, 46.65, 113.6], [304.03, 156.91, 170.17, 136.43], [238.7, 356.47, 96.63, 39.1], [138.62, 147.38, 179.71, 143.7], [224.19, 372.32, 35.61, 15.89], [561.81, 350.5, 52.14, 42.44]]"
4491,/home/pi/sambashare/BacArbeit/cocoval2017/000000501243.jpg,3.1920884539995313,"['22: zebra', '22: zebra']","[22, 22]","[0.9419677, 0.6682117]","[[300.67, 133.46, 277.92, 239.85], [58.67, 100.96, 305.87, 260.85]]"
4492,/home/pi/sambashare/BacArbeit/cocoval2017/000000113589.jpg,3.1816037189983035,"['46: banana', '45: bowl']","[46, 45]","[0.5905614, 0.27575004]","[[366.75, 61.32, 272.95, 311.68], [41.23, 6.05, 335.89, 470.77]]"
4493,/home/pi/sambashare/BacArbeit/cocoval2017/000000311928.jpg,3.177168606000123,"['0: person', '34: baseball bat', '32: sports ball', '19: cow']","[0, 34, 32, 19]","[0.90764004, 0.9056111, 0.89570355, 0.2815582]","[[78.85, 38.19, 177.88, 357.44], [177.47, 259.51, 376.34, 80.64], [594.18, 206.94, 45.59, 46.9], [363.79, 1, 118.6, 42.61]]"
4494,/home/pi/sambashare/BacArbeit/cocoval2017/000000495732.jpg,3.1822760899995046,"['0: person', '0: person', '65: remote', '0: person', '58: potted plant', '65: remote', '57: couch']","[0, 0, 65, 0, 58, 65, 57]","[0.9486546, 0.93416804, 0.5938878, 0.5879234, 0.51586324, 0.26378354, 0.2629138]","[[195.71, 136.57, 230.72, 419.29], [1, 48.71, 150.6, 586.0], [58.4, 336.41, 18.87, 19.88], [127.15, 343.49, 66.89, 168.65], [359.17, 347.24, 40.07, 99.49], [193.43, 167.2, 31.3, 13.04], [81.78, 349.36, 263.77, 147.17]]"
4495,/home/pi/sambashare/BacArbeit/cocoval2017/000000480944.jpg,3.1879134480004723,"['2: car', '9: traffic light', '7: truck', '2: car', '2: car', '9: traffic light', '9: traffic light', '7: truck', '2: car', '9: traffic light', '2: car', '2: car', '2: car']","[2, 9, 7, 2, 2, 9, 9, 7, 2, 9, 2, 2, 2]","[0.9158702, 0.8911705, 0.8716138, 0.86955637, 0.8588132, 0.79773575, 0.7531129, 0.7525508, 0.70864236, 0.67700166, 0.5750632, 0.29381797, 0.27362296]","[[21.53, 355.23, 102.13, 42.92], [342.86, 45.55, 57.14, 199.93], [220.8, 329.96, 79.4, 52.54], [129.69, 349.83, 96.03, 44.35], [255.02, 343.18, 59.69, 41.69], [299.82, 192.32, 15.36, 36.56], [226.22, 205.37, 14.67, 47.96], [421.82, 340.59, 29.58, 29.29], [463.27, 350.5, 15.37, 16.31], [212.29, 203.92, 14.29, 34.27], [306.12, 334.09, 28.65, 17.96], [407.05, 354.15, 7.45, 16.96], [327.31, 333.8, 25.45, 17.2]]"
4496,/home/pi/sambashare/BacArbeit/cocoval2017/000000441586.jpg,3.184024632000728,"['1: bicycle', '1: bicycle', '0: person', '0: person', '7: truck', '0: person', '74: clock', '7: truck', '11: stop sign', '1: bicycle', '0: person', '0: person', '0: person', '3: motorcycle', '0: person']","[1, 1, 0, 0, 7, 0, 74, 7, 11, 1, 0, 0, 0, 3, 0]","[0.88917226, 0.8794259, 0.83936244, 0.83025306, 0.7573954, 0.6773495, 0.66031045, 0.50299746, 0.49925187, 0.49335766, 0.37759706, 0.36694875, 0.3006906, 0.28934315, 0.27452698]","[[534.25, 158.4, 72.93, 44.38], [27.3, 144.61, 206.3, 142.99], [307.43, 16.04, 103.2, 251.76], [251.57, 116.35, 19.08, 48.62], [94.02, 112.49, 41.02, 40.14], [1, 94.06, 97.34, 28.24], [1, 345.03, 90.13, 79.31], [160.29, 114.97, 46.97, 41.18], [524.94, 74.08, 23.94, 23.3], [387.52, 138.5, 42.92, 86.7], [144.77, 116.55, 6.52, 8.2], [215.15, 120.18, 5.35, 8.02], [441.68, 134.08, 10.82, 19.64], [274.29, 140.09, 215.61, 267.28], [101.78, 117.35, 12.57, 11.87]]"
4497,/home/pi/sambashare/BacArbeit/cocoval2017/000000375469.jpg,3.1765565289988444,['22: zebra'],[22],[0.3422674],"[[4.04, 31.32, 450.94, 144.35]]"
4498,/home/pi/sambashare/BacArbeit/cocoval2017/000000331817.jpg,3.1941013490013574,"['45: bowl', '40: wine glass', '45: bowl', '45: bowl', '40: wine glass', '44: spoon', '44: spoon', '0: person', '45: bowl', '41: cup', '58: potted plant']","[45, 40, 45, 45, 40, 44, 44, 0, 45, 41, 58]","[0.91849715, 0.8926446, 0.88936865, 0.84527445, 0.78194225, 0.75582373, 0.52394694, 0.513849, 0.49522123, 0.44574997, 0.29018626]","[[49.28, 137.6, 213.78, 108.7], [274.29, 337.48, 162.5, 127.34], [308.31, 182.21, 167.05, 118.24], [255.14, 192.72, 73.59, 69.14], [424.29, 209.53, 111.46, 270.47], [294.84, 176.4, 37.73, 48.62], [76.19, 184.42, 265.74, 178.75], [317.43, 88.21, 320.98, 151.88], [42.25, 245.4, 315.36, 185.48], [471.35, 175.54, 86.42, 196.68], [18.35, 75.11, 81.12, 80.49]]"
4499,/home/pi/sambashare/BacArbeit/cocoval2017/000000112110.jpg,3.198038741998971,"['0: person', '28: suitcase']","[0, 28]","[0.93444294, 0.9210262]","[[211.02, 1, 227.18, 301.24], [217.5, 284.58, 166.79, 77.65]]"
4500,/home/pi/sambashare/BacArbeit/cocoval2017/000000271457.jpg,3.194405447000463,['13: bench'],[13],[0.8679942],"[[168.61, 208.61, 328.08, 123.17]]"
4501,/home/pi/sambashare/BacArbeit/cocoval2017/000000473015.jpg,3.182783066000411,"['14: bird', '21: bear']","[14, 21]","[0.8769562, 0.4416165]","[[211.02, 152.28, 70.41, 39.13], [14.69, 378.82, 131.36, 47.82]]"
4502,/home/pi/sambashare/BacArbeit/cocoval2017/000000285349.jpg,3.1979714929984766,['75: vase'],[75],[0.67046654],"[[24.9, 45.96, 408.41, 328.55]]"
4503,/home/pi/sambashare/BacArbeit/cocoval2017/000000020553.jpg,3.1922696120000182,"['39: bottle', '41: cup', '39: bottle', '39: bottle', '58: potted plant', '77: teddy bear', '39: bottle']","[39, 41, 39, 39, 58, 77, 39]","[0.8216365, 0.69355524, 0.6018945, 0.57563674, 0.42671686, 0.3238971, 0.28042054]","[[390.82, 134.37, 17.98, 57.23], [361.59, 165.81, 21.98, 27.39], [362.07, 131.71, 21.72, 59.78], [334.81, 133.71, 18.11, 55.17], [392.11, 112.08, 38.71, 72.73], [172.07, 62.99, 126.93, 107.36], [405.81, 136.1, 12.66, 52.73]]"
4504,/home/pi/sambashare/BacArbeit/cocoval2017/000000012639.jpg,3.183370416998514,"['0: person', '0: person', '0: person', '35: baseball glove', '0: person', '0: person', '0: person', '0: person', '0: person', '0: person', '34: baseball bat', '0: person', '0: person', '0: person', '56: chair', '13: bench', '0: person', '0: person', '56: chair', '0: person', '34: baseball bat', '0: person', '0: person']","[0, 0, 0, 35, 0, 0, 0, 0, 0, 0, 34, 0, 0, 0, 56, 13, 0, 0, 56, 0, 34, 0, 0]","[0.9467012, 0.9331768, 0.9252594, 0.83476436, 0.8168944, 0.79117775, 0.779287, 0.75752544, 0.7570609, 0.74468845, 0.6735246, 0.6506194, 0.58292896, 0.57129, 0.5694935, 0.5529729, 0.54574287, 0.4857659, 0.470523, 0.42187923, 0.3822442, 0.36164913, 0.31965747]","[[197.14, 201.91, 119.61, 314.11], [411.9, 125.87, 52.12, 169.71], [18.96, 311.17, 157.72, 241.89], [129.81, 348.04, 56.8, 51.56], [307.37, 133.52, 24.77, 83.86], [271.49, 148.59, 11.31, 34.69], [170.3, 166.82, 34.25, 59.93], [325.72, 172.91, 33.21, 46.4], [285.34, 143.13, 13.35, 39.54], [289.08, 167.24, 22.4, 57.34], [223.78, 193.2, 26.16, 70.29], [67.23, 173.15, 33.97, 59.95], [99.95, 193.65, 39.15, 56.41], [120.95, 189.97, 56.04, 52.37], [395.86, 180.62, 19.37, 24.09], [331.66, 155.05, 16.07, 10.77], [148.11, 182.55, 35.83, 49.36], [38.92, 174.17, 35.98, 62.96], [323.0, 192.82, 22.08, 27.13], [93.03, 177.07, 21.0, 31.41], [235.65, 193.78, 14.15, 48.16], [23.12, 200.88, 44.15, 49.66], [275.7, 193.6, 13.86, 11.81]]"
4505,/home/pi/sambashare/BacArbeit/cocoval2017/000000248752.jpg,3.196650771998975,"['0: person', '34: baseball bat', '34: baseball bat']","[0, 34, 34]","[0.90686536, 0.8177467, 0.41083613]","[[129.04, 80.79, 275.75, 293.32], [221.72, 92.29, 190.82, 88.63], [91.88, 13.66, 131.58, 186.93]]"
4506,/home/pi/sambashare/BacArbeit/cocoval2017/000000564127.jpg,3.184288526999808,"['61: toilet', '15: cat', '71: sink']","[61, 15, 71]","[0.9241714, 0.54311246, 0.3225741]","[[112.67, 215.22, 195.79, 351.25], [407.76, 12.68, 20.04, 48.43], [402.64, 262.99, 25.06, 90.3]]"
4507,/home/pi/sambashare/BacArbeit/cocoval2017/000000257169.jpg,3.1852051980004035,['61: toilet'],[61],[0.77802503],"[[273.43, 459.8, 205.74, 178.82]]"
4508,/home/pi/sambashare/BacArbeit/cocoval2017/000000450439.jpg,3.188037546000487,"['33: kite', '33: kite']","[33, 33]","[0.89462304, 0.85801065]","[[259.16, 22.97, 221.34, 168.26], [18.13, 161.4, 132.6, 61.5]]"
4509,/home/pi/sambashare/BacArbeit/cocoval2017/000000274219.jpg,3.1829847389999486,"['27: tie', '0: person']","[27, 0]","[0.8344682, 0.65383774]","[[177.01, 327.23, 80.61, 40.75], [1, 1.85, 463, 636.71]]"
4510,/home/pi/sambashare/BacArbeit/cocoval2017/000000174123.jpg,3.1919628949999606,"['42: fork', '0: person', '0: person', '55: cake']","[42, 0, 0, 55]","[0.9313761, 0.3506237, 0.32475895, 0.27896076]","[[52.62, 112.85, 123.23, 269.2], [117.1, 346.18, 145.86, 52.25], [346.82, 1, 151.96, 36.26], [6.79, 5.61, 491.44, 392.68]]"
4511,/home/pi/sambashare/BacArbeit/cocoval2017/000000261535.jpg,3.183054146998984,"['0: person', '38: tennis racket', '32: sports ball', '32: sports ball', '32: sports ball', '32: sports ball', '32: sports ball', '0: person']","[0, 38, 32, 32, 32, 32, 32, 0]","[0.94700545, 0.8970829, 0.7369126, 0.7254984, 0.5729986, 0.5067497, 0.4715022, 0.46233904]","[[198.51, 119.66, 130.34, 436.11], [305.86, 336.29, 71.14, 154.63], [395.78, 496.01, 20.03, 16.9], [131.86, 579.39, 16.66, 16.68], [76.34, 534.14, 20.43, 20.24], [45.58, 555.6, 26.29, 19.66], [1, 546.18, 21.82, 19.16], [47.69, 163.84, 60.8, 81.9]]"
4512,/home/pi/sambashare/BacArbeit/cocoval2017/000000201072.jpg,3.185733002001143,"['0: person', '0: person', '0: person', '0: person', '38: tennis racket', '0: person', '0: person', '0: person']","[0, 0, 0, 0, 38, 0, 0, 0]","[0.84920615, 0.83727264, 0.79801273, 0.6089685, 0.579081, 0.5445055, 0.36935085, 0.2829703]","[[48.19, 16.61, 40.59, 53.45], [234.33, 6.47, 67.73, 71.25], [85.5, 16.18, 311.43, 583.59], [82.67, 22.89, 46.8, 48.83], [25.72, 200.93, 89.01, 103.14], [292.81, 1, 56.59, 76.84], [122.97, 33.11, 29.23, 38.33], [325.79, 3.69, 80.82, 78.02]]"
4513,/home/pi/sambashare/BacArbeit/cocoval2017/000000232684.jpg,3.192058864999126,"['63: laptop', '66: keyboard', '0: person', '27: tie']","[63, 66, 0, 27]","[0.8940484, 0.35559383, 0.32174388, 0.3108193]","[[37.44, 169.48, 271.8, 223.49], [140.56, 257.57, 134.01, 79.65], [300.86, 5.47, 335.66, 415.0], [429.36, 132.68, 55.73, 133.15]]"
4514,/home/pi/sambashare/BacArbeit/cocoval2017/000000096427.jpg,3.1973786439994,"['0: person', '0: person', '38: tennis racket', '38: tennis racket', '38: tennis racket', '0: person']","[0, 0, 38, 38, 38, 0]","[0.90692717, 0.8789903, 0.7515236, 0.4569838, 0.270469, 0.26698032]","[[1, 43.46, 86.34, 381.42], [242.87, 93.44, 154.6, 333.56], [107.13, 136.0, 174.29, 107.54], [51.33, 136.14, 150.18, 104.9], [73.98, 186.51, 121.94, 52.64], [293.48, 1, 59.13, 130.26]]"
4515,/home/pi/sambashare/BacArbeit/cocoval2017/000000259625.jpg,3.1762233800000104,"['19: cow', '19: cow', '17: horse']","[19, 19, 17]","[0.8810379, 0.3954367, 0.3569696]","[[145.27, 164.64, 237.14, 137.21], [151.34, 84.8, 37.36, 17.14], [362.59, 176.91, 208.24, 81.02]]"
4516,/home/pi/sambashare/BacArbeit/cocoval2017/000000192699.jpg,3.1818251660006354,"['0: person', '0: person', '26: handbag', '1: bicycle']","[0, 0, 26, 1]","[0.93783987, 0.839909, 0.45312926, 0.3532355]","[[1, 202.62, 316.92, 253.38], [290.89, 41.01, 234.91, 412.66], [504.76, 289.83, 134.82, 165.3], [108.43, 389.88, 194.94, 66.87]]"
4517,/home/pi/sambashare/BacArbeit/cocoval2017/000000198960.jpg,3.178054224999869,"['18: sheep', '19: cow', '18: sheep']","[18, 19, 18]","[0.9414731, 0.9171392, 0.8913524]","[[270.28, 212.43, 234.79, 155.21], [72.76, 173.83, 214.73, 183.94], [384.94, 192.5, 196.09, 148.88]]"
4518,/home/pi/sambashare/BacArbeit/cocoval2017/000000512985.jpg,3.1707549990005646,"['37: surfboard', '0: person']","[37, 0]","[0.8978817, 0.78276813]","[[391.17, 174.87, 171.23, 61.83], [429.05, 129.86, 65.43, 197.55]]"
4519,/home/pi/sambashare/BacArbeit/cocoval2017/000000322352.jpg,3.1913561269993806,"['56: chair', '56: chair', '56: chair', '58: potted plant', '58: potted plant', '56: chair', '75: vase', '56: chair', '75: vase', '56: chair', '60: dining table', '60: dining table', '40: wine glass', '75: vase', '60: dining table']","[56, 56, 56, 58, 58, 56, 75, 56, 75, 56, 60, 60, 40, 75, 60]","[0.88334316, 0.8444569, 0.83010006, 0.80354035, 0.73701173, 0.7050871, 0.6238244, 0.6224947, 0.44600472, 0.41983014, 0.41006166, 0.38826635, 0.3011074, 0.27053478, 0.25537857]","[[151.07, 181.73, 98.36, 171.83], [54.83, 63.41, 78.35, 156.65], [210.65, 124.05, 49.6, 26.52], [374.67, 91.51, 58.79, 60.38], [433.41, 126.3, 66.59, 84.96], [105.12, 140.12, 29.28, 55.53], [461.72, 181.77, 32.83, 30.58], [276.78, 139.32, 80.17, 183.29], [393.47, 132.13, 21.16, 20.74], [429.62, 204.47, 69.07, 114.88], [380.54, 144.97, 75.13, 123.92], [112.2, 147.55, 181.5, 68.96], [418.92, 126.79, 32.49, 31.49], [151.98, 65.78, 23.57, 25.62], [108.86, 144.29, 188.54, 191.13]]"
4520,/home/pi/sambashare/BacArbeit/cocoval2017/000000345261.jpg,3.190300305999699,"['23: giraffe', '23: giraffe']","[23, 23]","[0.9530506, 0.9518107]","[[333.16, 332.73, 105.34, 242.8], [134.4, 333.9, 108.31, 236.03]]"
4521,/home/pi/sambashare/BacArbeit/cocoval2017/000000561009.jpg,3.1881806169985794,['14: bird'],[14],[0.9132469],"[[240.52, 154.82, 159.44, 272.18]]"
4522,/home/pi/sambashare/BacArbeit/cocoval2017/000000508917.jpg,3.1792109409998375,"['6: train', '0: person', '0: person', '0: person', '28: suitcase', '0: person', '13: bench', '26: handbag', '26: handbag']","[6, 0, 0, 0, 28, 0, 13, 26, 26]","[0.94016695, 0.8695399, 0.83509564, 0.67785615, 0.63027704, 0.35789427, 0.34961998, 0.28786597, 0.2857938]","[[177.82, 139.57, 276.64, 147.3], [521.28, 187.93, 29.44, 88.44], [24.72, 177.61, 36.71, 90.33], [67.32, 189.04, 31.44, 65.57], [596.33, 231.82, 20.5, 39.32], [594.23, 189.05, 32.0, 74.56], [104.09, 212.34, 34.62, 29.79], [79.54, 212.32, 16.08, 15.92], [628.22, 230.27, 11.52, 18.7]]"
4523,/home/pi/sambashare/BacArbeit/cocoval2017/000000098520.jpg,3.176317748000656,"['4: airplane', '7: truck', '7: truck', '7: truck']","[4, 7, 7, 7]","[0.889883, 0.65575916, 0.3943478, 0.30226845]","[[93.09, 131.5, 530.88, 151.42], [1, 300.21, 23.44, 51.65], [1, 352.77, 62.98, 92.78], [84.62, 259.75, 100.53, 26.17]]"
4524,/home/pi/sambashare/BacArbeit/cocoval2017/000000190923.jpg,3.1757493499990233,"['0: person', '0: person', '0: person', '0: person', '26: handbag', '0: person', '0: person', '0: person', '9: traffic light', '0: person', '0: person', '0: person', '0: person', '2: car', '1: bicycle', '0: person', '36: skateboard', '9: traffic light', '0: person', '0: person', '0: person', '0: person']","[0, 0, 0, 0, 26, 0, 0, 0, 9, 0, 0, 0, 0, 2, 1, 0, 36, 9, 0, 0, 0, 0]","[0.9021942, 0.8017253, 0.7138112, 0.6404091, 0.6009248, 0.59701794, 0.55478513, 0.5415516, 0.5062048, 0.4900624, 0.43862554, 0.42693907, 0.40891823, 0.3694259, 0.33358383, 0.3046838, 0.29709256, 0.28930023, 0.27100593, 0.26249412, 0.25348902, 0.2513663]","[[1, 218.99, 29.46, 182.24], [328.18, 298.91, 46.37, 200.92], [303.38, 289.83, 8.81, 33.53], [317.91, 293.91, 10.56, 34.13], [305.61, 351.7, 63.82, 109.46], [214.64, 272.45, 6.83, 26.51], [163.6, 258.91, 7.97, 24.7], [297.06, 290.84, 7.95, 33.13], [279.49, 1, 52.15, 109.47], [330.7, 294.84, 11.75, 32.58], [292.18, 286.92, 8.69, 38.04], [202.35, 269.97, 7.17, 24.5], [273.24, 283.0, 6.27, 31.37], [53.66, 241.91, 5.99, 9.48], [220.58, 285.74, 9.46, 18.0], [138.46, 253.82, 8.17, 20.49], [1, 374.96, 9.15, 27.14], [262.17, 109.61, 52.17, 59.67], [87.81, 240.56, 5.71, 18.58], [206.56, 271.61, 7.47, 27.06], [128.92, 251.13, 9.67, 20.62], [214.79, 278.43, 11.91, 23.96]]"
4525,/home/pi/sambashare/BacArbeit/cocoval2017/000000078266.jpg,3.175669016000029,"['74: clock', '74: clock', '58: potted plant', '71: sink', '75: vase', '71: sink', '71: sink']","[74, 74, 58, 71, 75, 71, 71]","[0.4903813, 0.4350585, 0.42113733, 0.3753393, 0.35033613, 0.33000585, 0.29413667]","[[507.65, 113.58, 13.83, 13.43], [526.77, 113.36, 15.12, 13.97], [231.04, 177.33, 44.83, 36.64], [15.92, 194.93, 154.73, 32.14], [229.48, 199.91, 15.99, 17.19], [1, 258.49, 123.46, 55.03], [167.25, 208.34, 121.76, 34.22]]"
4526,/home/pi/sambashare/BacArbeit/cocoval2017/000000324258.jpg,3.184901054000875,"['57: couch', '0: person', '39: bottle', '39: bottle', '63: laptop', '65: remote', '39: bottle', '65: remote', '65: remote', '65: remote']","[57, 0, 39, 39, 63, 65, 39, 65, 65, 65]","[0.8706747, 0.85443825, 0.84138554, 0.8369875, 0.81120974, 0.66403234, 0.5866664, 0.4154387, 0.32418028, 0.26222712]","[[482.64, 243.37, 157.26, 138.38], [174.48, 51.08, 407.05, 427.59], [623.71, 287.33, 16.07, 44.96], [158.86, 347.97, 15.76, 44.2], [297.7, 299.85, 74.3, 43.31], [496.97, 74.3, 41.04, 59.66], [285.98, 304.55, 13.55, 33.19], [562.66, 165.34, 18.42, 13.74], [118.49, 367.35, 24.57, 16.68], [520.6, 68.28, 22.81, 24.21]]"
4527,/home/pi/sambashare/BacArbeit/cocoval2017/000000202445.jpg,3.1791688859993883,"['15: cat', '59: bed']","[15, 59]","[0.6359058, 0.5777077]","[[161.76, 316.55, 423.11, 209.27], [20.16, 152.74, 576.14, 446.33]]"
4528,/home/pi/sambashare/BacArbeit/cocoval2017/000000044279.jpg,3.1733299019997503,"['0: person', '0: person', '44: spoon', '44: spoon', '45: bowl', '45: bowl']","[0, 0, 44, 44, 45, 45]","[0.91630214, 0.9013404, 0.82724667, 0.62369525, 0.36282533, 0.34877923]","[[284.11, 66.74, 287.13, 356.89], [156.35, 120.07, 142.35, 304.49], [448.91, 394.04, 66.01, 30.96], [484.14, 409.12, 69.99, 15.88], [449.25, 359.74, 58.5, 23.8], [549.9, 242.17, 89.96, 101.0]]"
4529,/home/pi/sambashare/BacArbeit/cocoval2017/000000379476.jpg,3.180169343999296,"['40: wine glass', '40: wine glass', '40: wine glass', '40: wine glass', '40: wine glass', '40: wine glass', '40: wine glass', '56: chair', '60: dining table', '56: chair', '56: chair', '26: handbag']","[40, 40, 40, 40, 40, 40, 40, 56, 60, 56, 56, 26]","[0.880514, 0.875382, 0.8707215, 0.8610442, 0.83817244, 0.7941356, 0.5461792, 0.46159446, 0.38808253, 0.37559158, 0.3405197, 0.33581415]","[[265.02, 396.51, 75.96, 202.36], [28.67, 298.38, 29.9, 77.95], [50.08, 294.23, 31.21, 78.15], [233.82, 324.8, 47.99, 117.5], [213.77, 408.08, 89.42, 231.02], [270.75, 326.22, 37.93, 107.6], [250.11, 295.63, 30.45, 30.56], [442.11, 407.04, 42.65, 179.47], [1, 227.92, 481.72, 405.29], [1, 301.27, 21.87, 55.19], [426.75, 300.37, 58.11, 148.07], [390.71, 334.42, 47.24, 88.46]]"
4530,/home/pi/sambashare/BacArbeit/cocoval2017/000000189752.jpg,3.166034698999283,"['41: cup', '43: knife', '55: cake', '0: person', '44: spoon', '45: bowl', '60: dining table', '41: cup', '0: person', '45: bowl']","[41, 43, 55, 0, 44, 45, 60, 41, 0, 45]","[0.91463333, 0.88897103, 0.79595435, 0.6060205, 0.5415463, 0.50037384, 0.33808336, 0.3259772, 0.30321866, 0.2558161]","[[501.58, 62.34, 118.41, 162.61], [78.21, 351.57, 422.74, 86.7], [347.3, 217.35, 292.29, 147.98], [92.53, 2.01, 545.93, 241.61], [238.91, 63.13, 77.37, 164.82], [1, 223.13, 279.01, 244.63], [1, 107.41, 153.45, 47.5], [44.07, 61.52, 32.64, 60.89], [1, 1, 34.46, 109.16], [299.35, 194.73, 139.43, 53.0]]"
4531,/home/pi/sambashare/BacArbeit/cocoval2017/000000178618.jpg,3.1799896960001206,"['20: elephant', '20: elephant']","[20, 20]","[0.94329137, 0.45897806]","[[243.46, 240.16, 172.15, 183.15], [206.05, 285.09, 31.63, 34.44]]"
4532,/home/pi/sambashare/BacArbeit/cocoval2017/000000544306.jpg,3.198990111999592,"['74: clock', '74: clock']","[74, 74]","[0.90844965, 0.890522]","[[437.83, 409.8, 61.71, 83.46], [328.55, 409.4, 56.32, 83.14]]"
4533,/home/pi/sambashare/BacArbeit/cocoval2017/000000017031.jpg,3.1888154080006643,"['23: giraffe', '0: person']","[23, 0]","[0.9448518, 0.7084231]","[[79.48, 38.59, 281.39, 294.44], [371.42, 229.33, 127.78, 103.99]]"
4534,/home/pi/sambashare/BacArbeit/cocoval2017/000000110211.jpg,3.186319264001213,"['22: zebra', '22: zebra', '22: zebra', '22: zebra']","[22, 22, 22, 22]","[0.9469875, 0.94413376, 0.87868625, 0.84708065]","[[1, 131.18, 179.17, 196.52], [155.7, 133.2, 161.16, 129.24], [541.77, 160.18, 83.69, 93.56], [531.13, 179.67, 49.42, 67.47]]"
4535,/home/pi/sambashare/BacArbeit/cocoval2017/000000457848.jpg,3.1696006519996445,"['3: motorcycle', '3: motorcycle', '0: person', '0: person', '0: person']","[3, 3, 0, 0, 0]","[0.683001, 0.523165, 0.47261512, 0.3387307, 0.2785917]","[[185.25, 66.05, 409.81, 359.54], [118.97, 76.34, 248.42, 263.98], [316.89, 1, 50.67, 124.86], [544.42, 187.19, 94.74, 238.41], [411.64, 1, 66.88, 108.43]]"
4536,/home/pi/sambashare/BacArbeit/cocoval2017/000000538067.jpg,3.1858763490017736,"['0: person', '0: person', '0: person', '0: person', '33: kite', '0: person', '0: person']","[0, 0, 0, 0, 33, 0, 0]","[0.8023094, 0.78448164, 0.70549524, 0.6272916, 0.6210929, 0.5436296, 0.31191275]","[[68.83, 310.33, 28.04, 35.89], [451.56, 214.65, 17.89, 55.7], [45.9, 316.26, 24.41, 28.06], [101.11, 306.18, 38.35, 34.26], [232.29, 35.36, 22.14, 15.21], [81.94, 278.98, 12.79, 41.35], [62.72, 313.64, 11.44, 21.68]]"
4537,/home/pi/sambashare/BacArbeit/cocoval2017/000000013729.jpg,3.183777693000593,"['0: person', '0: person', '38: tennis racket', '0: person', '39: bottle', '59: bed', '39: bottle', '65: remote', '57: couch', '65: remote', '24: backpack', '26: handbag', '63: laptop', '0: person']","[0, 0, 38, 0, 39, 59, 39, 65, 57, 65, 24, 26, 63, 0]","[0.9391835, 0.92316353, 0.9225195, 0.88158077, 0.8447696, 0.824625, 0.80766594, 0.7595771, 0.6562012, 0.5448687, 0.5188041, 0.5052055, 0.37360644, 0.33260968]","[[72.19, 88.83, 190.47, 382.62], [360.58, 56.71, 128.22, 374.39], [565.52, 433.45, 74.15, 46.34], [252.1, 66.21, 86.03, 303.0], [517.37, 241.64, 13.4, 43.33], [470.69, 364.9, 168.81, 114.37], [539.69, 245.39, 13.1, 41.79], [373.21, 141.74, 25.22, 25.32], [190.48, 192.44, 206.02, 176.1], [231.8, 267.84, 36.58, 12.93], [536.09, 329.47, 61.96, 72.28], [1, 399.95, 87.78, 79.85], [1, 168.75, 10.42, 31.89], [149.49, 77.82, 75.04, 198.73]]"
4538,/home/pi/sambashare/BacArbeit/cocoval2017/000000579655.jpg,3.1861411730023974,"['41: cup', '0: person', '67: cell phone', '41: cup', '41: cup', '41: cup', '41: cup', '41: cup', '41: cup', '41: cup']","[41, 0, 67, 41, 41, 41, 41, 41, 41, 41]","[0.7013981, 0.6360395, 0.62581193, 0.61915404, 0.6005345, 0.57527035, 0.5156963, 0.3138763, 0.28586423, 0.2836638]","[[60.48, 119.46, 51.03, 73.34], [172.57, 1, 467.43, 394.33], [278.4, 189.78, 54.91, 86.71], [106.42, 120.08, 64.09, 70.2], [156.65, 14.95, 96.63, 55.01], [179.56, 118.08, 50.94, 68.86], [11.47, 124.8, 49.03, 70.09], [226.61, 124.46, 40.86, 60.47], [37.0, 124.3, 29.48, 69.11], [111.36, 236.28, 40.03, 70.64]]"
4539,/home/pi/sambashare/BacArbeit/cocoval2017/000000448410.jpg,3.188949624000088,"['0: person', '0: person', '6: train', '0: person', '6: train', '0: person', '6: train', '0: person', '0: person', '0: person', '0: person', '0: person', '0: person', '0: person', '0: person', '74: clock', '24: backpack', '0: person', '0: person', '0: person', '0: person', '0: person']","[0, 0, 6, 0, 6, 0, 6, 0, 0, 0, 0, 0, 0, 0, 0, 74, 24, 0, 0, 0, 0, 0]","[0.7582015, 0.73540765, 0.7213227, 0.6957661, 0.68696123, 0.67854184, 0.67716956, 0.642858, 0.5889245, 0.5503036, 0.5205541, 0.49895746, 0.4660147, 0.46205324, 0.45214248, 0.44569135, 0.43841866, 0.3877225, 0.37232992, 0.3433165, 0.3292595, 0.29762208]","[[261.38, 67.68, 18.59, 34.38], [205.58, 133.76, 27.46, 61.27], [219.18, 51.33, 184.96, 315.94], [162.3, 137.84, 25.23, 64.69], [1, 45.11, 75.32, 66.05], [292.22, 29.34, 12.1, 30.84], [352.91, 1, 285.45, 436], [239.7, 67.93, 19.9, 46.85], [627.84, 92.28, 11.99, 66.34], [293.46, 15.31, 11.64, 18.74], [303.27, 31.86, 9.69, 23.13], [97.0, 205.55, 40.18, 141.57], [18.42, 234.97, 75.57, 82.28], [226.65, 70.84, 15.55, 46.39], [179.84, 133.02, 31.25, 70.69], [509.09, 234.71, 130.22, 200.15], [164.99, 146.35, 21.17, 21.14], [353.63, 184.55, 32.14, 29.41], [313.72, 11.43, 9.1, 25.58], [559.38, 81.85, 18.21, 32.62], [299.37, 188.99, 28.03, 25.78], [585.41, 95.89, 17.61, 34.11]]"
4540,/home/pi/sambashare/BacArbeit/cocoval2017/000000421834.jpg,3.176227411997388,"['14: bird', '14: bird']","[14, 14]","[0.8031261, 0.32712865]","[[346.01, 163.22, 71.99, 115.3], [96.84, 1.95, 255.12, 342.39]]"
4541,/home/pi/sambashare/BacArbeit/cocoval2017/000000189475.jpg,3.1892989770021813,"['0: person', '0: person', '41: cup', '0: person', '39: bottle', '41: cup', '56: chair', '41: cup', '0: person', '39: bottle', '41: cup', '39: bottle', '41: cup', '56: chair', '41: cup', '0: person', '0: person', '75: vase', '0: person', '0: person', '58: potted plant', '43: knife', '0: person', '41: cup', '60: dining table', '43: knife', '58: potted plant', '60: dining table']","[0, 0, 41, 0, 39, 41, 56, 41, 0, 39, 41, 39, 41, 56, 41, 0, 0, 75, 0, 0, 58, 43, 0, 41, 60, 43, 58, 60]","[0.9228568, 0.9067695, 0.8833577, 0.86666757, 0.86451536, 0.84254074, 0.8380427, 0.83448553, 0.8034157, 0.78258103, 0.74484175, 0.7408855, 0.6852891, 0.6715367, 0.6700657, 0.64324397, 0.6279351, 0.6133111, 0.58235323, 0.5798855, 0.5462512, 0.4796571, 0.44904408, 0.40106177, 0.38570163, 0.3275421, 0.327474, 0.277987]","[[225.31, 81.25, 129.85, 207.16], [3.29, 21.29, 217.25, 323.63], [406.71, 221.0, 38.18, 69.5], [402.16, 89.82, 97.84, 140.72], [158.4, 310.38, 33.4, 64.34], [454.68, 247.32, 45.14, 124.46], [338.04, 165.18, 59.01, 91.6], [358.17, 244.09, 43.87, 57.68], [355.04, 101.42, 59.57, 64.86], [118.5, 241.21, 40.56, 122.74], [23.24, 334.14, 40.39, 40.71], [61.21, 295.24, 46.52, 71.76], [110.77, 351.26, 43.73, 23.44], [196.29, 176.16, 38.0, 120.48], [165.25, 253.05, 40.11, 107.14], [406.79, 34.3, 92.2, 127.34], [236.07, 15.47, 80.97, 141.28], [207.45, 71.44, 35.62, 59.78], [306.94, 65.41, 47.69, 114.13], [172.18, 99.84, 47.84, 79.32], [355.65, 23.19, 70.76, 46.91], [330.02, 337.58, 86.49, 27.7], [1, 85.6, 52.36, 152.38], [374.06, 196.93, 40.64, 65.78], [3.08, 237.26, 494.62, 135.73], [334.66, 329.67, 56.39, 20.68], [172.53, 31.66, 79.68, 100.73], [348.29, 162.4, 61.54, 18.77]]"
4542,/home/pi/sambashare/BacArbeit/cocoval2017/000000466602.jpg,3.1811859139997978,"['0: person', '30: skis']","[0, 30]","[0.89861625, 0.34060857]","[[1, 57.43, 242.32, 579.0], [2.91, 403.47, 305.79, 236.53]]"
4543,/home/pi/sambashare/BacArbeit/cocoval2017/000000448256.jpg,3.1821472180017736,"['0: person', '0: person', '0: person', '7: truck', '0: person', '0: person', '0: person']","[0, 0, 0, 7, 0, 0, 0]","[0.89774793, 0.84324336, 0.727944, 0.52514553, 0.34818214, 0.2920188, 0.28302085]","[[64.73, 84.49, 111.64, 338.79], [421.97, 130.42, 70.82, 89.69], [269.73, 83.81, 221.42, 246.46], [238.34, 202.88, 399.81, 222.78], [440.47, 1, 199.2, 200.74], [547.76, 113.86, 90.44, 94.19], [580.28, 143.85, 56.9, 64.27]]"
4544,/home/pi/sambashare/BacArbeit/cocoval2017/000000523782.jpg,3.1832234790017537,"['7: truck', '14: bird', '14: bird', '16: dog']","[7, 14, 14, 16]","[0.8394364, 0.77723956, 0.56396866, 0.34219533]","[[207.78, 1.37, 429.31, 184.02], [259.09, 221.26, 69.04, 24.22], [12.48, 24.6, 617.77, 451.79], [1.9, 188.94, 42.08, 81.3]]"
4545,/home/pi/sambashare/BacArbeit/cocoval2017/000000521719.jpg,3.1827322770004685,"['25: umbrella', '33: kite', '8: boat', '33: kite', '33: kite', '33: kite', '33: kite']","[25, 33, 8, 33, 33, 33, 33]","[0.8589112, 0.49217123, 0.4833141, 0.40820676, 0.35628963, 0.3385439, 0.25593266]","[[155.03, 574.27, 175.6, 65.64], [286.16, 232.79, 129.66, 388.35], [406.52, 526.62, 20.06, 112.4], [61.69, 2.08, 110.92, 464.02], [133.62, 55.8, 88.29, 114.96], [1, 153.68, 55.74, 107.21], [192.25, 53.73, 140.05, 498.25]]"
4546,/home/pi/sambashare/BacArbeit/cocoval2017/000000279278.jpg,3.1843917820006027,"['16: dog', '3: motorcycle', '0: person', '0: person', '36: skateboard', '0: person', '1: bicycle', '24: backpack', '1: bicycle', '0: person', '1: bicycle', '26: handbag', '0: person', '1: bicycle', '0: person', '0: person', '1: bicycle']","[16, 3, 0, 0, 36, 0, 1, 24, 1, 0, 1, 26, 0, 1, 0, 0, 1]","[0.89830714, 0.88435024, 0.87163895, 0.825969, 0.76498944, 0.75860155, 0.73962855, 0.646405, 0.633788, 0.60265297, 0.5672871, 0.53924537, 0.46412256, 0.40356532, 0.39079797, 0.3701217, 0.33748984]","[[504.63, 169.32, 70.49, 71.93], [1.42, 260.01, 272.05, 168.43], [347.06, 1.89, 137.9, 319.3], [153.76, 1.23, 140.25, 288.58], [254.53, 173.35, 122.4, 118.54], [234.61, 1, 94.66, 242.95], [465.31, 13.29, 138.19, 136.92], [454.19, 55.99, 30.97, 67.4], [1, 61.04, 45.82, 109.34], [137.24, 1.9, 45.38, 198.78], [2.93, 7.55, 137.62, 151.44], [285.34, 47.13, 23.5, 77.97], [573.64, 9.23, 65.69, 417.77], [590.82, 81.62, 37.76, 67.67], [297.6, 1, 54.92, 167.45], [90.47, 1, 43.26, 40.93], [571.34, 28.78, 64.3, 178.75]]"
4547,/home/pi/sambashare/BacArbeit/cocoval2017/000000423123.jpg,3.189189143002295,"['24: backpack', '23: giraffe', '32: sports ball', '39: bottle', '0: person', '0: person', '0: person', '72: refrigerator', '0: person']","[24, 23, 32, 39, 0, 0, 0, 72, 0]","[0.8258401, 0.71482795, 0.7123743, 0.61014426, 0.56326133, 0.5324165, 0.52843225, 0.39650324, 0.29862776]","[[1, 82.07, 285.91, 171.59], [500.18, 226.21, 138.97, 198.66], [176.97, 412.43, 101.79, 13.27], [381.01, 253.9, 54.04, 63.48], [135.29, 95.36, 270.54, 255.29], [1, 1, 46.4, 135.72], [226.27, 48.76, 205.23, 201.21], [318.22, 156.15, 249.6, 268.9], [227.15, 50.22, 183.48, 78.15]]"
4548,/home/pi/sambashare/BacArbeit/cocoval2017/000000126216.jpg,3.197118763000617,"['20: elephant', '20: elephant', '20: elephant']","[20, 20, 20]","[0.839094, 0.8329999, 0.6551205]","[[294.03, 191.73, 75.3, 56.92], [443.83, 152.18, 101.72, 107.02], [152.96, 148.04, 147.21, 93.55]]"
4549,/home/pi/sambashare/BacArbeit/cocoval2017/000000091495.jpg,3.182303197001602,"['0: person', '0: person', '35: baseball glove', '0: person']","[0, 0, 35, 0]","[0.9611578, 0.9202163, 0.73336494, 0.6884651]","[[326.53, 218.72, 254.5, 194.06], [150.81, 48.7, 189.13, 327.27], [211.18, 144.36, 65.53, 54.17], [14.89, 109.32, 229.26, 315.03]]"
4550,/home/pi/sambashare/BacArbeit/cocoval2017/000000269196.jpg,3.1985142570010794,"['21: bear', '18: sheep', '18: sheep', '18: sheep', '18: sheep', '73: book', '19: cow', '18: sheep', '18: sheep', '18: sheep']","[21, 18, 18, 18, 18, 73, 19, 18, 18, 18]","[0.83386683, 0.76537734, 0.6930351, 0.67174584, 0.53027827, 0.49463952, 0.40535438, 0.3846759, 0.33807206, 0.2645175]","[[553.91, 269.49, 85.37, 156.67], [1.22, 279.14, 203.33, 147.41], [181.68, 115.44, 241.4, 146.01], [191.44, 149.68, 447.63, 276.65], [240.62, 358.4, 252.01, 68.34], [385.72, 207.61, 9.84, 28.14], [2.17, 48.83, 116.75, 54.28], [1, 48.73, 120.62, 138.53], [3.59, 138.45, 184.79, 120.7], [1.22, 137.36, 199.11, 259.88]]"
4551,/home/pi/sambashare/BacArbeit/cocoval2017/000000341058.jpg,3.184295674000168,"['56: chair', '25: umbrella', '39: bottle', '56: chair', '41: cup', '60: dining table', '56: chair', '25: umbrella']","[56, 25, 39, 56, 41, 60, 56, 25]","[0.708188, 0.65406257, 0.57946146, 0.55951947, 0.4296616, 0.41577026, 0.39106816, 0.36722985]","[[170.91, 560.14, 156.62, 79.6], [86.17, 230.51, 272.64, 301.88], [201.15, 489.84, 15.91, 38.76], [279.95, 506.21, 76.81, 34.65], [182.08, 506.16, 16.78, 44.44], [311.77, 538.98, 47.23, 42.52], [319.49, 580.84, 39.19, 58.76], [84.3, 234.33, 274.7, 122.35]]"
4552,/home/pi/sambashare/BacArbeit/cocoval2017/000000571857.jpg,3.182426272000157,"['0: person', '39: bottle', '4: airplane', '4: airplane', '39: bottle', '39: bottle', '0: person']","[0, 39, 4, 4, 39, 39, 0]","[0.81527793, 0.70365065, 0.66666996, 0.52796775, 0.5006786, 0.32967708, 0.27880433]","[[166.7, 221.32, 38.39, 76.65], [388.08, 269.34, 9.03, 18.63], [1, 190.3, 85.66, 35.09], [2.45, 160.9, 507.61, 114.28], [414.82, 269.23, 8.38, 18.07], [399.54, 268.37, 13.58, 18.96], [420.67, 198.92, 6.6, 10.12]]"
4553,/home/pi/sambashare/BacArbeit/cocoval2017/000000327592.jpg,3.1818384880025405,"['55: cake', '67: cell phone', '0: person', '42: fork']","[55, 67, 0, 42]","[0.8804815, 0.58368707, 0.53890765, 0.4562286]","[[231.77, 190.72, 141.83, 46.83], [402.38, 292.43, 46.88, 39.24], [27.64, 1, 535.26, 360], [137.88, 148.47, 73.46, 48.06]]"
4554,/home/pi/sambashare/BacArbeit/cocoval2017/000000569273.jpg,3.205619337997632,"['10: fire hydrant', '0: person', '0: person', '0: person', '0: person', '0: person']","[10, 0, 0, 0, 0, 0]","[0.9162353, 0.8069897, 0.77962655, 0.75662285, 0.57530665, 0.3703084]","[[406.86, 113.77, 164.49, 361.35], [53.93, 120.71, 29.42, 30.3], [34.4, 101.28, 30.23, 43.33], [217.23, 84.81, 46.03, 67.86], [154.44, 80.25, 44.14, 55.24], [14.3, 116.72, 18.68, 19.96]]"
4555,/home/pi/sambashare/BacArbeit/cocoval2017/000000071877.jpg,3.191679502997431,"['0: person', '36: skateboard']","[0, 36]","[0.96260756, 0.9140044]","[[85.1, 44.22, 262.73, 279.39], [193.41, 220.74, 165.94, 105.78]]"
4556,/home/pi/sambashare/BacArbeit/cocoval2017/000000069356.jpg,3.181264826998813,"['0: person', '0: person', '0: person', '0: person', '0: person', '46: banana', '46: banana', '0: person']","[0, 0, 0, 0, 0, 46, 46, 0]","[0.92201334, 0.9023574, 0.8664972, 0.62315184, 0.46305254, 0.45744592, 0.37996066, 0.26434582]","[[413.68, 133.21, 111.92, 323.88], [563.64, 114.71, 69.48, 260.16], [74.04, 106.45, 102.58, 386.89], [626.01, 152.88, 13.71, 111.99], [436.77, 164.31, 20.76, 22.82], [285.67, 335.21, 75.38, 40.6], [282.19, 313.78, 58.2, 31.64], [559.45, 156.2, 17.48, 44.11]]"
4557,/home/pi/sambashare/BacArbeit/cocoval2017/000000494913.jpg,3.1955980919992726,"['57: couch', '62: tv', '74: clock', '0: person', '57: couch', '15: cat', '56: chair', '65: remote', '56: chair']","[57, 62, 74, 0, 57, 15, 56, 65, 56]","[0.9243593, 0.85186833, 0.712296, 0.5769549, 0.5665845, 0.36246726, 0.33670232, 0.31106538, 0.2538261]","[[1.6, 288.31, 276.32, 138.93], [234.17, 91.34, 91.63, 78.12], [325.97, 90.1, 15.17, 18.76], [521.28, 229.4, 114.63, 101.03], [531.85, 319.88, 107.76, 106.54], [498.83, 256.41, 37.58, 19.79], [479.83, 181.13, 41.86, 65.92], [473.16, 269.53, 17.16, 6.96], [535.23, 389.94, 102.99, 37.29]]"
4558,/home/pi/sambashare/BacArbeit/cocoval2017/000000401991.jpg,3.1775729740002134,"['16: dog', '16: dog', '16: dog', '57: couch']","[16, 16, 16, 57]","[0.90838295, 0.71272933, 0.694804, 0.3679043]","[[25.91, 37.77, 190.27, 109.14], [190.41, 129.05, 255.22, 190.03], [418.7, 246.44, 159.62, 107.25], [1.1, 1.77, 638.9, 374.78]]"
4559,/home/pi/sambashare/BacArbeit/cocoval2017/000000248631.jpg,3.1842083919982542,"['64: mouse', '63: laptop']","[64, 63]","[0.89394236, 0.8783138]","[[461.3, 271.88, 159.14, 163.43], [7.13, 93.7, 420.14, 335.57]]"
4560,/home/pi/sambashare/BacArbeit/cocoval2017/000000449661.jpg,3.1889500550023513,[],[],[],[]
4561,/home/pi/sambashare/BacArbeit/cocoval2017/000000192191.jpg,3.1752575959981186,['69: oven'],[69],[0.7251563],"[[1, 54.8, 429.35, 574.79]]"
4562,/home/pi/sambashare/BacArbeit/cocoval2017/000000076468.jpg,3.1787603960001434,"['56: chair', '0: person', '56: chair', '0: person', '38: tennis racket', '0: person', '0: person', '0: person', '0: person', '0: person', '0: person', '0: person', '0: person', '0: person', '56: chair', '0: person', '56: chair', '0: person', '56: chair', '56: chair', '56: chair', '56: chair', '56: chair', '0: person']","[56, 0, 56, 0, 38, 0, 0, 0, 0, 0, 0, 0, 0, 0, 56, 0, 56, 0, 56, 56, 56, 56, 56, 0]","[0.8957717, 0.89130867, 0.88531345, 0.87759346, 0.7531165, 0.6016389, 0.51163656, 0.40859202, 0.3928637, 0.3770331, 0.37395346, 0.35808238, 0.3391706, 0.33374262, 0.3273681, 0.32482392, 0.31214327, 0.31088957, 0.2943862, 0.2881194, 0.28617015, 0.27330816, 0.26814488, 0.26406583]","[[442.42, 420.4, 84.18, 59.33], [293.65, 149.65, 68.78, 175.18], [541.86, 424.45, 97.92, 55.55], [209.42, 159.01, 87.82, 165.43], [245.74, 243.72, 29.35, 50.27], [444.48, 174.69, 27.96, 27.52], [1, 168.42, 33.92, 34.35], [38.88, 159.32, 27.85, 37.47], [392.93, 127.9, 30.13, 39.43], [512.04, 138.01, 30.17, 62.93], [120.15, 159.2, 27.45, 37.03], [418.29, 126.97, 32.43, 38.93], [149.37, 157.99, 28.89, 43.4], [467.96, 109.11, 30.8, 37.92], [133.89, 128.35, 25.17, 16.99], [588.54, 173.91, 34.17, 29.41], [394.74, 178.93, 28.03, 17.29], [470.65, 174.35, 34.88, 27.82], [278.88, 128.28, 24.9, 14.18], [112.56, 191.62, 28.55, 10.37], [418.17, 162.98, 26.0, 16.26], [470.78, 162.03, 26.22, 17.13], [58.54, 192.38, 28.0, 9.39], [68.95, 142.06, 31.71, 40.39]]"
4563,/home/pi/sambashare/BacArbeit/cocoval2017/000000359855.jpg,3.1923401929998363,['28: suitcase'],[28],[0.7503871],"[[134.92, 19.6, 424.58, 301.09]]"
4564,/home/pi/sambashare/BacArbeit/cocoval2017/000000394199.jpg,3.1919185999977344,"['0: person', '3: motorcycle']","[0, 3]","[0.81897277, 0.8114744]","[[311.5, 32.67, 326.3, 444.59], [60.07, 142.14, 305.29, 336.36]]"
4565,/home/pi/sambashare/BacArbeit/cocoval2017/000000509131.jpg,3.1874281319978763,"['46: banana', '75: vase']","[46, 75]","[0.45460925, 0.37061718]","[[372.11, 119.61, 111.08, 162.28], [501.56, 314.8, 56.01, 109.39]]"
4566,/home/pi/sambashare/BacArbeit/cocoval2017/000000110359.jpg,3.1932449910018477,['4: airplane'],[4],[0.9310277],"[[219.21, 145.97, 200.23, 235.29]]"
4567,/home/pi/sambashare/BacArbeit/cocoval2017/000000550939.jpg,3.178100851997442,['11: stop sign'],[11],[0.80964375],"[[114.17, 533.94, 302.3, 105.29]]"
4568,/home/pi/sambashare/BacArbeit/cocoval2017/000000011699.jpg,3.1831860580023204,"['28: suitcase', '0: person', '26: handbag', '0: person', '26: handbag', '26: handbag', '24: backpack']","[28, 0, 26, 0, 26, 26, 24]","[0.92438215, 0.8670752, 0.86019593, 0.72651196, 0.6657381, 0.46187052, 0.3229233]","[[1, 399.73, 278.6, 239.66], [60.4, 83.72, 160.55, 335.95], [1, 276.59, 77.54, 127.71], [1, 241.69, 54.53, 104.04], [256.49, 228.44, 111.57, 254.58], [315.52, 367.82, 49.61, 113.62], [105.98, 174.91, 111.82, 82.75]]"
4569,/home/pi/sambashare/BacArbeit/cocoval2017/000000070048.jpg,3.1931325609984924,"['41: cup', '45: bowl', '39: bottle', '45: bowl']","[41, 45, 39, 45]","[0.9432821, 0.9199699, 0.89176303, 0.31132472]","[[35.53, 204.31, 292.68, 228.08], [1, 42.91, 214.45, 168.35], [286.99, 1, 113.63, 199.35], [365.73, 178.57, 229.3, 198.86]]"
4570,/home/pi/sambashare/BacArbeit/cocoval2017/000000314541.jpg,3.181263015001605,['13: bench'],[13],[0.9518901],"[[216.49, 267.69, 248.85, 152.48]]"
4571,/home/pi/sambashare/BacArbeit/cocoval2017/000000095786.jpg,3.1838433649973013,"['41: cup', '75: vase', '75: vase']","[41, 75, 75]","[0.94825923, 0.8474457, 0.59680355]","[[232.44, 162.64, 226.64, 170.48], [1, 30.85, 233.79, 256.82], [202.27, 1, 243.26, 195.94]]"
4572,/home/pi/sambashare/BacArbeit/cocoval2017/000000180383.jpg,3.18482056799985,"['74: clock', '0: person', '0: person', '59: bed', '0: person']","[74, 0, 0, 59, 0]","[0.843178, 0.7259388, 0.6737458, 0.54675895, 0.35358658]","[[1, 323.69, 34.54, 63.03], [263.96, 77.16, 189.65, 168.67], [311.75, 98.65, 104.51, 80.12], [22.07, 38.17, 615.85, 380.97], [527.26, 195.92, 19.38, 40.07]]"
4573,/home/pi/sambashare/BacArbeit/cocoval2017/000000176847.jpg,3.1941191210025863,"['14: bird', '14: bird']","[14, 14]","[0.8593609, 0.40709424]","[[258.25, 215.06, 260.96, 149.6], [1, 1, 98.8, 69.29]]"
4574,/home/pi/sambashare/BacArbeit/cocoval2017/000000113354.jpg,3.1895523889979813,"['22: zebra', '22: zebra', '22: zebra']","[22, 22, 22]","[0.8171407, 0.8122476, 0.77973825]","[[263.8, 157.99, 139.02, 183.68], [1.51, 154.54, 266.31, 174.05], [396.7, 172.87, 81.89, 140.58]]"
4575,/home/pi/sambashare/BacArbeit/cocoval2017/000000337055.jpg,3.1819175749988062,"['28: suitcase', '0: person']","[28, 0]","[0.9056255, 0.75924087]","[[429.89, 274.29, 208.79, 151.77], [114.33, 1, 525.67, 425.72]]"
4576,/home/pi/sambashare/BacArbeit/cocoval2017/000000404805.jpg,3.179665326999384,"['0: person', '37: surfboard']","[0, 37]","[0.85404277, 0.723828]","[[217.32, 144.48, 184.15, 155.44], [225.65, 263.9, 137.1, 33.32]]"
4577,/home/pi/sambashare/BacArbeit/cocoval2017/000000197004.jpg,3.1689921529978164,['48: sandwich'],[48],[0.7527842],"[[72.04, 12.13, 541.19, 393.07]]"
4578,/home/pi/sambashare/BacArbeit/cocoval2017/000000058393.jpg,3.1730892439991294,"['13: bench', '0: person', '0: person', '0: person']","[13, 0, 0, 0]","[0.9254288, 0.7212198, 0.49381122, 0.48679653]","[[39.13, 239.44, 570.35, 224.84], [345.44, 165.75, 74.02, 75.23], [410.94, 182.15, 122.31, 234.11], [410.62, 183.14, 121.34, 58.73]]"
4579,/home/pi/sambashare/BacArbeit/cocoval2017/000000330369.jpg,3.186827991001337,"['8: boat', '14: bird']","[8, 14]","[0.8264827, 0.48298362]","[[90.78, 1.46, 335.91, 299.98], [419.74, 34.61, 17.09, 11.99]]"
4580,/home/pi/sambashare/BacArbeit/cocoval2017/000000369310.jpg,3.1703038699997705,"['0: person', '65: remote', '56: chair', '61: toilet', '56: chair', '24: backpack', '56: chair']","[0, 65, 56, 61, 56, 24, 56]","[0.885002, 0.7553962, 0.63375545, 0.6071277, 0.50950676, 0.38057753, 0.26015857]","[[25.11, 2.28, 222.01, 591.52], [191.1, 263.25, 61.65, 86.33], [278.6, 87.15, 96.48, 123.86], [53.23, 521.36, 206.59, 118.2], [187.95, 65.38, 63.18, 139.56], [40.68, 1, 168.14, 125.4], [206.73, 66.58, 86.97, 142.86]]"
4581,/home/pi/sambashare/BacArbeit/cocoval2017/000000293324.jpg,3.1826254070001596,"['4: airplane', '4: airplane', '5: bus', '7: truck', '7: truck', '7: truck', '4: airplane', '7: truck']","[4, 4, 5, 7, 7, 7, 4, 7]","[0.89745325, 0.81833595, 0.818086, 0.8034031, 0.7007277, 0.5970255, 0.45549434, 0.28386843]","[[82.94, 234.89, 325.3, 76.94], [353.42, 226.56, 220.28, 101.63], [26.73, 302.35, 116.41, 26.53], [228.72, 300.74, 78.5, 30.01], [165.36, 304.39, 66.7, 25.04], [587.47, 312.3, 51.94, 20.73], [30.14, 276.58, 33.41, 26.6], [536.65, 313.77, 46.98, 15.56]]"
4582,/home/pi/sambashare/BacArbeit/cocoval2017/000000273232.jpg,3.188040392000403,"['16: dog', '0: person', '33: kite', '33: kite', '4: airplane', '33: kite', '33: kite', '33: kite', '33: kite', '8: boat']","[16, 0, 33, 33, 4, 33, 33, 33, 33, 8]","[0.94956285, 0.9135065, 0.9099715, 0.90794975, 0.8332196, 0.8273618, 0.56213176, 0.54761815, 0.35415906, 0.2727875]","[[359.38, 277.17, 103.24, 86.02], [170.63, 175.0, 149.28, 205.47], [38.75, 40.49, 37.12, 23.58], [394.83, 35.86, 28.86, 32.83], [115.24, 68.52, 286.14, 196.23], [528.44, 173.12, 11.15, 17.32], [460.09, 197.31, 5.49, 7.61], [522.42, 208.84, 4.93, 8.73], [546.77, 209.14, 3.84, 5.81], [19.76, 224.89, 25.51, 10.14]]"
4583,/home/pi/sambashare/BacArbeit/cocoval2017/000000094871.jpg,3.17382653200184,"['18: sheep', '0: person', '18: sheep', '0: person', '18: sheep', '0: person', '0: person', '16: dog', '0: person', '26: handbag', '26: handbag']","[18, 0, 18, 0, 18, 0, 0, 16, 0, 26, 26]","[0.94374365, 0.94087714, 0.91940314, 0.9067952, 0.9064957, 0.878079, 0.65159947, 0.5302763, 0.50752884, 0.4025494, 0.36990812]","[[113.55, 410.14, 363.14, 227.81], [123.48, 2.62, 160.11, 381.24], [284.47, 122.8, 99.07, 238.76], [1, 1, 47.04, 159.03], [38.37, 130.89, 184.32, 251.38], [283.18, 1, 92.83, 181.95], [373.51, 79.03, 105.83, 464.39], [245.86, 207.49, 52.94, 123.19], [428.04, 153.51, 6.04, 12.13], [257.95, 116.68, 40.94, 100.08], [4.7, 1, 23.0, 29.74]]"
4584,/home/pi/sambashare/BacArbeit/cocoval2017/000000289229.jpg,3.1800798309996026,"['0: person', '27: tie']","[0, 27]","[0.8378665, 0.7523765]","[[46.19, 6.92, 292.23, 489.01], [160.0, 164.29, 30.75, 70.07]]"
4585,/home/pi/sambashare/BacArbeit/cocoval2017/000000073702.jpg,3.1903797630002373,"['0: person', '0: person', '25: umbrella', '24: backpack']","[0, 0, 25, 24]","[0.82935613, 0.6044033, 0.5091186, 0.4881188]","[[2.39, 150.8, 223.99, 487.95], [136.38, 158.07, 306.17, 481.93], [123.79, 151.59, 209.25, 75.56], [252.15, 265.32, 207.44, 313.09]]"
4586,/home/pi/sambashare/BacArbeit/cocoval2017/000000304291.jpg,3.1771922299994912,['17: horse'],[17],[0.9206214],"[[277.13, 102.37, 138.24, 272.22]]"
4587,/home/pi/sambashare/BacArbeit/cocoval2017/000000109055.jpg,3.1797624600003473,"['15: cat', '1: bicycle']","[15, 1]","[0.60691863, 0.4787044]","[[294.03, 104.55, 202.46, 338.38], [1, 2.13, 639, 412.33]]"
4588,/home/pi/sambashare/BacArbeit/cocoval2017/000000341973.jpg,3.179955001000053,"['0: person', '0: person', '54: donut', '44: spoon']","[0, 0, 54, 44]","[0.9081351, 0.78540933, 0.374346, 0.27167845]","[[227.42, 52.09, 272.1, 322.55], [52.31, 130.27, 296.5, 243.74], [285.17, 207.75, 66.45, 59.68], [202.64, 270.7, 70.11, 104.3]]"
4589,/home/pi/sambashare/BacArbeit/cocoval2017/000000383339.jpg,3.170640992000699,"['0: person', '33: kite']","[0, 33]","[0.7748254, 0.7310521]","[[250.51, 292.42, 20.87, 27.92], [350.16, 257.41, 7.04, 8.25]]"
4590,/home/pi/sambashare/BacArbeit/cocoval2017/000000417249.jpg,3.177736305002327,"['0: person', '0: person', '0: person', '0: person', '28: suitcase', '26: handbag', '28: suitcase', '28: suitcase', '28: suitcase', '58: potted plant']","[0, 0, 0, 0, 28, 26, 28, 28, 28, 58]","[0.94127935, 0.9104977, 0.8545528, 0.828146, 0.81480426, 0.7694504, 0.66982305, 0.60883963, 0.2711804, 0.2629442]","[[326.47, 216.92, 143.61, 328.66], [197.12, 249.98, 113.84, 244.5], [168.65, 239.89, 27.58, 55.99], [1, 216.02, 117.7, 164.38], [162.24, 387.68, 68.6, 109.34], [295.24, 338.83, 24.18, 52.76], [184.25, 263.32, 65.12, 52.65], [144.61, 294.61, 95.28, 79.0], [1, 455.74, 14.81, 61.69], [328.35, 245.6, 35.42, 32.48]]"
4591,/home/pi/sambashare/BacArbeit/cocoval2017/000000023937.jpg,3.1852598509976815,"['19: cow', '19: cow', '19: cow', '14: bird', '19: cow', '19: cow']","[19, 19, 19, 14, 19, 19]","[0.880168, 0.83287024, 0.6991307, 0.6087123, 0.40994707, 0.36139494]","[[193.76, 206.15, 129.09, 57.05], [129.86, 104.76, 161.36, 43.12], [282.74, 111.04, 114.62, 32.68], [83.21, 130.08, 17.99, 20.37], [327.11, 111.37, 129.35, 29.39], [206.18, 130.54, 65.0, 18.62]]"
4592,/home/pi/sambashare/BacArbeit/cocoval2017/000000439715.jpg,3.185963175001234,"['17: horse', '17: horse', '0: person', '0: person', '0: person', '0: person', '0: person', '17: horse', '25: umbrella', '17: horse', '0: person']","[17, 17, 0, 0, 0, 0, 0, 17, 25, 17, 0]","[0.95594114, 0.8974915, 0.79807264, 0.6595077, 0.6410968, 0.6236285, 0.6053994, 0.5582472, 0.46310458, 0.36774644, 0.33628455]","[[131.06, 241.23, 335.56, 238.77], [1, 278.04, 74.1, 200.67], [253.28, 158.83, 85.47, 238.05], [514.33, 279.84, 46.91, 62.25], [559.98, 272.93, 37.68, 87.83], [114.88, 265.4, 34.34, 129.61], [49.07, 274.3, 30.42, 68.32], [403.26, 273.27, 57.21, 62.45], [507.95, 265.83, 63.99, 20.29], [341.2, 269.01, 44.73, 31.31], [385.2, 272.68, 27.29, 31.18]]"
4593,/home/pi/sambashare/BacArbeit/cocoval2017/000000091500.jpg,3.1915207620004367,"['0: person', '0: person', '56: chair', '39: bottle', '39: bottle', '56: chair', '65: remote', '65: remote', '39: bottle', '56: chair', '41: cup', '60: dining table', '41: cup', '71: sink', '56: chair', '60: dining table']","[0, 0, 56, 39, 39, 56, 65, 65, 39, 56, 41, 60, 41, 71, 56, 60]","[0.91098803, 0.9091389, 0.9061566, 0.8768099, 0.788376, 0.760241, 0.72493917, 0.7017243, 0.6691773, 0.5665458, 0.54382175, 0.48416412, 0.43409818, 0.3912514, 0.26535824, 0.2622055]","[[1, 108.25, 283.09, 371.75], [101.44, 141.28, 414.97, 338.72], [519.36, 381.55, 119.78, 97.64], [508.31, 126.42, 19.59, 52.43], [470.08, 129.83, 21.04, 51.49], [294.34, 278.02, 246.98, 201.8], [68.31, 333.58, 43.12, 20.52], [292.98, 349.89, 41.99, 17.93], [458.73, 128.78, 16.8, 46.25], [570.7, 193.19, 69.27, 107.75], [575.84, 168.62, 35.47, 23.5], [461.12, 172.96, 178.88, 113.59], [490.14, 159.55, 17.64, 19.3], [245.03, 128.57, 46.88, 7.1], [49.34, 390.62, 40.0, 48.73], [1, 223.24, 142.88, 75.33]]"
4594,/home/pi/sambashare/BacArbeit/cocoval2017/000000117908.jpg,3.1834310929989442,"['15: cat', '39: bottle', '39: bottle', '0: person', '39: bottle', '39: bottle', '39: bottle', '39: bottle', '39: bottle']","[15, 39, 39, 0, 39, 39, 39, 39, 39]","[0.90365386, 0.86572796, 0.83761036, 0.69292474, 0.6260372, 0.5400872, 0.44824144, 0.4045819, 0.36850086]","[[358.47, 145.97, 140.84, 173.27], [317.71, 168.82, 34.71, 71.35], [285.45, 162.1, 36.96, 65.25], [2.4, 39.58, 217.05, 277.91], [264.98, 156.75, 31.2, 63.06], [213.88, 281.19, 21.97, 38.44], [18.45, 284.51, 28.09, 35.29], [255.35, 310.5, 18.57, 9.45], [222.82, 297.8, 21.8, 22.17]]"
4595,/home/pi/sambashare/BacArbeit/cocoval2017/000000435208.jpg,3.1879228700017848,"['56: chair', '0: person', '57: couch', '62: tv', '74: clock', '63: laptop', '66: keyboard', '73: book', '41: cup']","[56, 0, 57, 62, 74, 63, 66, 73, 41]","[0.890996, 0.8172969, 0.8028768, 0.75559294, 0.72076744, 0.6615061, 0.5612116, 0.33276546, 0.25077915]","[[139.2, 314.54, 118.35, 108.46], [17.27, 306.78, 133.26, 203.53], [1, 330.93, 197.06, 305.92], [338.72, 257.3, 58.05, 46.78], [314.16, 61.15, 28.18, 30.81], [165.51, 272.11, 75.61, 45.77], [337.24, 307.06, 62.19, 18.63], [1, 585.43, 113.94, 54.57], [15.09, 298.31, 18.77, 15.87]]"
4596,/home/pi/sambashare/BacArbeit/cocoval2017/000000039480.jpg,3.1761041509998904,"['38: tennis racket', '0: person', '0: person', '0: person']","[38, 0, 0, 0]","[0.93141913, 0.91358954, 0.7273212, 0.48989266]","[[281.93, 291.58, 139.89, 73.1], [247.51, 166.9, 97.83, 259.22], [582.39, 1, 57.08, 24.96], [120.0, 1, 109.12, 26.75]]"
4597,/home/pi/sambashare/BacArbeit/cocoval2017/000000410878.jpg,3.169291913000052,"['3: motorcycle', '13: bench', '26: handbag']","[3, 13, 26]","[0.7568704, 0.46650764, 0.28934368]","[[12.69, 30.37, 309.75, 392.68], [359.23, 117.45, 40.84, 12.83], [155.4, 151.29, 102.29, 109.17]]"
4598,/home/pi/sambashare/BacArbeit/cocoval2017/000000015597.jpg,3.17285205999724,"['0: person', '36: skateboard']","[0, 36]","[0.952242, 0.8655201]","[[8.51, 177.58, 196.48, 202.54], [110.62, 319.59, 87.23, 65.61]]"
4599,/home/pi/sambashare/BacArbeit/cocoval2017/000000252559.jpg,3.1757408140001644,"['0: person', '0: person', '0: person', '0: person', '0: person', '0: person', '0: person', '0: person', '0: person', '24: backpack', '0: person']","[0, 0, 0, 0, 0, 0, 0, 0, 0, 24, 0]","[0.94644827, 0.9078434, 0.8712452, 0.8697191, 0.81368154, 0.8081789, 0.8007298, 0.7894709, 0.71102667, 0.55969507, 0.26614422]","[[163.33, 472.88, 75.46, 166.86], [215.8, 452.18, 51.59, 180.74], [64.96, 456.98, 24.48, 79.99], [107.89, 460.15, 27.37, 69.95], [1, 457.62, 15.97, 69.84], [45.26, 458.45, 20.8, 69.02], [87.54, 462.1, 23.48, 75.92], [146.38, 489.28, 34.17, 147.17], [24.48, 459.17, 20.54, 68.31], [90.1, 473.01, 18.94, 27.88], [19.22, 458.89, 15.49, 64.57]]"
4600,/home/pi/sambashare/BacArbeit/cocoval2017/000000442746.jpg,3.1904496239985747,"['0: person', '2: car', '29: frisbee', '32: sports ball']","[0, 2, 29, 32]","[0.91476613, 0.8626125, 0.5787597, 0.42175883]","[[179.95, 108.37, 53.19, 122.09], [311.53, 130.76, 52.65, 20.34], [221.15, 132.85, 17.21, 7.9], [269.94, 207.17, 5.17, 6.49]]"
4601,/home/pi/sambashare/BacArbeit/cocoval2017/000000246454.jpg,3.1929587009981333,"['16: dog', '0: person', '26: handbag', '0: person']","[16, 0, 26, 0]","[0.93333864, 0.86060005, 0.82946134, 0.52197015]","[[2.05, 285.37, 310.27, 353.86], [265.83, 12.75, 280.75, 589.86], [440.97, 251.67, 150.26, 352.32], [1, 1, 96.36, 340.3]]"
4602,/home/pi/sambashare/BacArbeit/cocoval2017/000000577539.jpg,3.190177317002963,['45: bowl'],[45],[0.7376155],"[[1, 1, 457.23, 324.47]]"
4603,/home/pi/sambashare/BacArbeit/cocoval2017/000000028993.jpg,3.187050589000137,"['10: fire hydrant', '0: person', '0: person', '0: person', '10: fire hydrant', '0: person', '0: person']","[10, 0, 0, 0, 10, 0, 0]","[0.7507917, 0.65168566, 0.6499391, 0.6378645, 0.5266322, 0.5255652, 0.25282308]","[[187.66, 237.72, 75.37, 241.41], [63.57, 242.16, 10.17, 31.07], [31.53, 238.66, 11.85, 38.3], [135.34, 245.51, 10.6, 26.47], [223.69, 225.04, 226.78, 385.89], [146.08, 245.03, 9.64, 26.55], [97.55, 243.51, 9.75, 28.4]]"
4604,/home/pi/sambashare/BacArbeit/cocoval2017/000000189078.jpg,3.195681956000044,"['46: banana', '75: vase']","[46, 75]","[0.621105, 0.31093198]","[[18.28, 48.97, 179.04, 154.55], [252.75, 120.9, 102.3, 97.96]]"
4605,/home/pi/sambashare/BacArbeit/cocoval2017/000000234660.jpg,3.196259573000134,"['6: train', '6: train']","[6, 6]","[0.7728912, 0.68762773]","[[23.6, 93.96, 612.73, 225.92], [236.75, 104.4, 403.25, 371.75]]"
4606,/home/pi/sambashare/BacArbeit/cocoval2017/000000562197.jpg,3.199690034001833,"['50: broccoli', '50: broccoli', '50: broccoli', '0: person', '50: broccoli']","[50, 50, 50, 0, 50]","[0.67885125, 0.5003524, 0.31960663, 0.2903964, 0.26138017]","[[577.73, 19.76, 49.84, 98.97], [325.65, 18.14, 301.26, 289.57], [422.52, 157.16, 200.49, 149.41], [128.26, 202.92, 11.16, 15.22], [439.31, 12.39, 87.75, 72.7]]"
4607,/home/pi/sambashare/BacArbeit/cocoval2017/000000545594.jpg,3.1795903589991212,"['0: person', '0: person', '0: person', '0: person', '24: backpack', '0: person', '24: backpack', '0: person', '0: person']","[0, 0, 0, 0, 24, 0, 24, 0, 0]","[0.86455643, 0.7666529, 0.7628805, 0.7099868, 0.5740932, 0.40683103, 0.2875213, 0.2674946, 0.2580668]","[[527.79, 176.63, 111.59, 332.83], [284.28, 281.96, 108.41, 109.96], [422.66, 239.85, 169.53, 143.95], [349.21, 239.72, 90.52, 119.27], [2.9, 118.74, 209.24, 304.62], [251.59, 218.12, 55.75, 124.99], [520.84, 407.23, 118.34, 104.36], [285.5, 275.96, 46.6, 65.57], [2.34, 24.03, 302.86, 487.97]]"
4608,/home/pi/sambashare/BacArbeit/cocoval2017/000000537827.jpg,3.1854697839989967,"['0: person', '0: person', '35: baseball glove', '35: baseball glove', '34: baseball bat']","[0, 0, 35, 35, 34]","[0.9341266, 0.8948086, 0.8110829, 0.8077237, 0.7150771]","[[103.25, 165.35, 143.37, 233.67], [437.12, 116.09, 67.09, 240.78], [102.4, 303.01, 31.19, 26.99], [437.29, 239.01, 29.03, 36.65], [163.56, 361.34, 15.25, 38.29]]"
4609,/home/pi/sambashare/BacArbeit/cocoval2017/000000055150.jpg,3.1802830609995,"['2: car', '0: person', '28: suitcase', '2: car', '28: suitcase', '2: car', '2: car', '0: person', '2: car', '2: car', '28: suitcase', '2: car', '2: car', '2: car']","[2, 0, 28, 2, 28, 2, 2, 0, 2, 2, 28, 2, 2, 2]","[0.89248407, 0.86752415, 0.8176033, 0.7911953, 0.7892322, 0.76506513, 0.71907705, 0.6329082, 0.6169756, 0.5733425, 0.3140316, 0.30923477, 0.29213902, 0.28643668]","[[95.92, 126.03, 124.75, 115.52], [282.93, 113.21, 86.71, 117.15], [265.51, 274.56, 70.35, 64.05], [536.2, 223.07, 90.72, 72.4], [272.88, 201.6, 181.69, 74.01], [1, 42.54, 183.37, 380.58], [205.47, 139.41, 34.88, 67.61], [347.86, 127.67, 54.15, 73.71], [605.0, 217.58, 34.54, 87.73], [430.69, 5.59, 207.95, 415.68], [329.24, 242.95, 70.32, 90.23], [490.75, 218.12, 65.6, 67.83], [240.51, 148.89, 19.92, 35.39], [252.83, 94.72, 138.22, 106.07]]"
4610,/home/pi/sambashare/BacArbeit/cocoval2017/000000296657.jpg,3.177635003998148,"['0: person', '0: person', '0: person', '0: person', '0: person', '27: tie', '0: person']","[0, 0, 0, 0, 0, 27, 0]","[0.93176234, 0.92208564, 0.90573746, 0.8950755, 0.833945, 0.717094, 0.53887993]","[[435.8, 101.56, 159.62, 226.29], [57.15, 137.99, 136.33, 124.08], [342.64, 126.77, 85.95, 203.46], [153.87, 85.78, 192.1, 251.55], [151.83, 137.02, 89.97, 131.68], [277.6, 121.79, 22.96, 62.03], [281.91, 157.94, 58.15, 173.75]]"
4611,/home/pi/sambashare/BacArbeit/cocoval2017/000000099428.jpg,3.1870580180002435,"['67: cell phone', '28: suitcase', '28: suitcase']","[67, 28, 28]","[0.8805182, 0.7526424, 0.5473105]","[[34.3, 48.13, 546.22, 201.95], [32.49, 174.44, 552.27, 190.82], [65.65, 258.81, 565.12, 220.15]]"
4612,/home/pi/sambashare/BacArbeit/cocoval2017/000000078426.jpg,3.179213110001001,"['15: cat', '41: cup', '66: keyboard']","[15, 41, 66]","[0.8929097, 0.6980562, 0.53767973]","[[1, 56.39, 274.44, 265.57], [267.42, 74.77, 90.77, 92.88], [1, 285.06, 52.7, 48.1]]"
4613,/home/pi/sambashare/BacArbeit/cocoval2017/000000061471.jpg,3.1798012030012615,"['61: toilet', '16: dog', '39: bottle']","[61, 16, 39]","[0.7795852, 0.5484141, 0.41967836]","[[182.49, 1, 252.37, 219.74], [272.56, 199.5, 153.12, 279.59], [178.73, 66.53, 32.91, 93.86]]"
4614,/home/pi/sambashare/BacArbeit/cocoval2017/000000481386.jpg,3.179520092999155,"['0: person', '41: cup', '45: bowl', '58: potted plant', '45: bowl', '41: cup', '45: bowl', '45: bowl', '41: cup', '41: cup', '41: cup', '41: cup', '45: bowl', '45: bowl', '40: wine glass', '60: dining table', '45: bowl', '45: bowl', '45: bowl', '41: cup', '40: wine glass', '41: cup', '45: bowl', '41: cup', '39: bottle']","[0, 41, 45, 58, 45, 41, 45, 45, 41, 41, 41, 41, 45, 45, 40, 60, 45, 45, 45, 41, 40, 41, 45, 41, 39]","[0.8823783, 0.8117029, 0.79813457, 0.7977067, 0.62769413, 0.53695023, 0.52999586, 0.51424706, 0.48592752, 0.47155473, 0.46833026, 0.45415705, 0.44685528, 0.44674522, 0.43972495, 0.42308873, 0.40956566, 0.4060316, 0.40289974, 0.34455124, 0.3190381, 0.27621096, 0.2698265, 0.25858197, 0.25170583]","[[123.61, 91.93, 195.7, 492.67], [288.1, 135.55, 23.54, 24.94], [47.26, 226.78, 82.7, 48.87], [1, 10.58, 97.65, 136.36], [408.03, 268.26, 18.97, 29.01], [273.43, 145.37, 14.63, 15.18], [359.35, 118.9, 25.39, 13.97], [148.14, 33.81, 49.13, 38.72], [355.1, 135.58, 20.01, 23.01], [269.46, 89.53, 18.7, 20.25], [324.23, 75.59, 14.31, 31.39], [251.89, 90.93, 13.04, 20.82], [373.84, 278.36, 32.87, 19.31], [396.14, 251.59, 22.49, 30.33], [415.12, 70.03, 11.88, 31.05], [1, 275.65, 199.85, 357.89], [73.23, 205.26, 52.46, 15.52], [395.84, 143.35, 29.86, 13.85], [395.98, 124.76, 29.43, 12.03], [391.7, 84.44, 17.1, 18.45], [352.83, 71.24, 14.54, 33.77], [316.78, 140.33, 21.58, 20.0], [89.94, 194.59, 27.05, 12.0], [322.44, 178.53, 14.03, 15.01], [49.86, 399.02, 37.37, 55.06]]"
4615,/home/pi/sambashare/BacArbeit/cocoval2017/000000437331.jpg,3.1766257249983028,['0: person'],[0],[0.72831285],"[[253.75, 109.32, 98.93, 130.35]]"
4616,/home/pi/sambashare/BacArbeit/cocoval2017/000000016249.jpg,3.1712818529995275,"['0: person', '0: person', '0: person', '0: person', '13: bench', '26: handbag', '13: bench', '0: person', '13: bench', '13: bench']","[0, 0, 0, 0, 13, 26, 13, 0, 13, 13]","[0.92399347, 0.86291003, 0.8287924, 0.820487, 0.68250626, 0.56711745, 0.53401625, 0.41035447, 0.39465645, 0.27510333]","[[315.89, 103.98, 136.91, 175.35], [45.5, 118.65, 151.92, 229.96], [425.26, 102.76, 74.72, 152.3], [275.55, 38.97, 70.4, 125.02], [223.76, 203.8, 59.5, 105.39], [274.43, 106.41, 20.42, 28.77], [28.15, 201.07, 111.1, 148.25], [467.7, 100.6, 32.14, 46.07], [327.97, 178.94, 71.42, 98.98], [333.66, 186.66, 55.01, 37.02]]"
4617,/home/pi/sambashare/BacArbeit/cocoval2017/000000450686.jpg,3.1880788349990326,"['67: cell phone', '0: person']","[67, 0]","[0.9333566, 0.68464404]","[[165.34, 165.49, 191.61, 304.69], [31.78, 264.92, 354.26, 375.08]]"
4618,/home/pi/sambashare/BacArbeit/cocoval2017/000000322163.jpg,3.1848670819999825,"['39: bottle', '0: person', '39: bottle', '0: person', '0: person', '65: remote', '45: bowl', '0: person', '0: person', '55: cake', '69: oven', '69: oven', '58: potted plant', '56: chair', '69: oven', '41: cup', '39: bottle', '60: dining table', '73: book']","[39, 0, 39, 0, 0, 65, 45, 0, 0, 55, 69, 69, 58, 56, 69, 41, 39, 60, 73]","[0.92581624, 0.9246908, 0.9236399, 0.9066485, 0.85278606, 0.80259514, 0.8017475, 0.78486055, 0.7231102, 0.6666851, 0.6375938, 0.5234388, 0.5139999, 0.45957083, 0.4382931, 0.41929024, 0.36529106, 0.2792625, 0.27710477]","[[507.96, 283.01, 46.75, 81.24], [266.69, 57.61, 142.63, 269.74], [414.66, 304.06, 59.66, 133.74], [21.64, 64.27, 229.3, 350.15], [471.67, 186.2, 134.99, 113.72], [536.93, 349.46, 64.58, 27.36], [231.73, 385.94, 108.74, 65.56], [371.24, 90.14, 73.48, 125.84], [493.19, 160.86, 43.64, 58.02], [94.03, 349.42, 172.93, 113.23], [192.24, 211.23, 104.7, 125.96], [52.86, 100.59, 233.59, 112.75], [510.34, 46.01, 82.27, 68.16], [600.42, 186.43, 39.18, 131.92], [204.58, 107.55, 92.17, 104.79], [303.05, 321.04, 25.53, 56.08], [432.86, 191.6, 21.37, 35.31], [12.54, 278.54, 625.64, 200.19], [550.19, 288.53, 89.81, 54.16]]"
4619,/home/pi/sambashare/BacArbeit/cocoval2017/000000343453.jpg,3.192454041000019,"['0: person', '30: skis']","[0, 30]","[0.9341319, 0.8041047]","[[251.67, 62.31, 184.9, 414.91], [310.02, 404.09, 102.76, 75.91]]"
4620,/home/pi/sambashare/BacArbeit/cocoval2017/000000186938.jpg,3.181658173998585,"['14: bird', '14: bird']","[14, 14]","[0.90751344, 0.74758404]","[[224.56, 48.95, 381.44, 317.18], [48.34, 166.91, 175.47, 115.14]]"
4621,/home/pi/sambashare/BacArbeit/cocoval2017/000000084270.jpg,3.181473245000234,"['0: person', '0: person', '0: person', '0: person', '0: person', '0: person', '28: suitcase', '28: suitcase', '0: person', '0: person', '28: suitcase', '28: suitcase', '0: person', '0: person', '26: handbag', '0: person', '26: handbag', '0: person', '0: person', '0: person', '0: person', '0: person', '0: person', '24: backpack']","[0, 0, 0, 0, 0, 0, 28, 28, 0, 0, 28, 28, 0, 0, 26, 0, 26, 0, 0, 0, 0, 0, 0, 24]","[0.90130156, 0.8911109, 0.8626371, 0.85936207, 0.8058678, 0.77901185, 0.76656765, 0.75960994, 0.7590447, 0.75098383, 0.7485978, 0.7169867, 0.68250626, 0.6760297, 0.6638175, 0.58150506, 0.5804776, 0.55001545, 0.54599357, 0.45738083, 0.4393862, 0.30058712, 0.27755678, 0.26244715]","[[1, 243.5, 82.74, 198.82], [228.34, 257.48, 40.0, 98.91], [487.29, 257.24, 45.14, 114.03], [566.83, 261.81, 30.27, 58.36], [382.85, 264.07, 23.3, 60.63], [170.33, 268.37, 18.89, 47.6], [524.38, 322.13, 29.93, 55.53], [425.71, 332.67, 44.46, 24.77], [88.14, 258.54, 57.36, 135.03], [151.64, 267.0, 17.25, 51.32], [22.21, 378.42, 66.07, 101.52], [427.4, 352.71, 35.32, 40.31], [191.19, 266.93, 17.6, 44.1], [611.62, 264.9, 22.27, 61.24], [93.54, 276.98, 40.25, 61.54], [415.31, 265.62, 37.04, 87.42], [488.24, 271.05, 21.13, 59.11], [81.2, 265.46, 24.15, 62.05], [459.42, 264.31, 19.78, 46.8], [205.3, 264.58, 24.57, 37.7], [125.47, 263.89, 23.26, 88.39], [475.16, 263.12, 14.13, 44.54], [1, 265.67, 13.29, 33.26], [151.78, 275.02, 12.41, 19.17]]"
4622,/home/pi/sambashare/BacArbeit/cocoval2017/000000487583.jpg,3.195661874000507,"['41: cup', '61: toilet']","[41, 61]","[0.93129313, 0.8667844]","[[342.98, 165.7, 68.49, 76.79], [51.96, 258.23, 204.26, 276.96]]"
4623,/home/pi/sambashare/BacArbeit/cocoval2017/000000372203.jpg,3.1843498880007246,"['13: bench', '8: boat', '8: boat']","[13, 8, 8]","[0.9395318, 0.57798797, 0.41216105]","[[139.45, 217.91, 149.42, 98.13], [89.4, 194.41, 11.32, 5.96], [601.25, 192.47, 8.98, 6.43]]"
4624,/home/pi/sambashare/BacArbeit/cocoval2017/000000449432.jpg,3.1729331989990897,"['0: person', '0: person', '0: person', '5: bus', '28: suitcase', '0: person', '0: person', '0: person', '0: person', '0: person', '0: person', '24: backpack', '26: handbag', '0: person', '26: handbag', '0: person', '26: handbag', '24: backpack', '0: person', '0: person']","[0, 0, 0, 5, 28, 0, 0, 0, 0, 0, 0, 24, 26, 0, 26, 0, 26, 24, 0, 0]","[0.92834693, 0.8767394, 0.85541433, 0.82549685, 0.81979257, 0.8117292, 0.73453844, 0.7222532, 0.67287135, 0.66722333, 0.65726507, 0.60309595, 0.5080498, 0.48061126, 0.46062562, 0.4022849, 0.35433802, 0.3327241, 0.32575095, 0.31587052]","[[96.83, 178.71, 71.46, 134.37], [202.49, 185.33, 56.72, 165.86], [574.39, 181.66, 60.5, 124.29], [3.68, 103.29, 620.95, 188.08], [167.49, 273.56, 37.04, 33.27], [376.14, 176.61, 46.18, 145.4], [428.08, 176.78, 47.17, 147.19], [272.25, 188.44, 41.62, 154.15], [514.81, 190.62, 43.54, 111.32], [470.68, 183.52, 52.71, 121.6], [301.92, 184.82, 60.71, 173.01], [309.73, 209.27, 52.73, 81.85], [195.83, 270.17, 45.43, 52.98], [75.12, 168.27, 22.56, 19.11], [371.94, 269.64, 22.12, 38.13], [616.68, 191.71, 23.09, 101.13], [359.14, 235.24, 18.31, 33.29], [497.85, 202.99, 31.35, 46.12], [489.25, 183.78, 56.79, 119.82], [414.44, 178.34, 27.84, 139.52]]"
4625,/home/pi/sambashare/BacArbeit/cocoval2017/000000319100.jpg,3.1698954579987912,"['0: person', '0: person', '65: remote', '65: remote', '73: book', '73: book', '57: couch', '73: book', '39: bottle']","[0, 0, 65, 65, 73, 73, 57, 73, 39]","[0.9333847, 0.8967364, 0.74899447, 0.65196365, 0.5434862, 0.416268, 0.41493374, 0.40063572, 0.32561383]","[[239.25, 53.36, 200.3, 279.05], [76.76, 49.02, 218.43, 283.98], [263.57, 216.28, 32.82, 20.44], [351.59, 234.71, 23.87, 9.76], [464.91, 189.5, 35.03, 14.4], [471.47, 184.04, 28.18, 12.52], [1, 124.25, 452.32, 207.78], [469.53, 199.82, 30.47, 12.22], [437.14, 166.3, 13.08, 20.24]]"
4626,/home/pi/sambashare/BacArbeit/cocoval2017/000000492284.jpg,3.1953212339976744,"['15: cat', '0: person', '24: backpack', '24: backpack', '33: kite']","[15, 0, 24, 24, 33]","[0.9202864, 0.6921408, 0.53107977, 0.33419096, 0.26240477]","[[231.98, 160.07, 159.28, 92.61], [352.3, 9.57, 205.63, 469.15], [468.01, 92.88, 124.5, 176.16], [314.3, 131.13, 77.62, 35.32], [609.48, 1, 30.17, 31.61]]"
4627,/home/pi/sambashare/BacArbeit/cocoval2017/000000140076.jpg,3.1755804819986224,"['56: chair', '56: chair', '56: chair', '56: chair', '39: bottle', '60: dining table', '75: vase', '75: vase', '39: bottle', '56: chair', '39: bottle', '58: potted plant', '39: bottle']","[56, 56, 56, 56, 39, 60, 75, 75, 39, 56, 39, 58, 39]","[0.9173951, 0.91583306, 0.91547114, 0.83514464, 0.79943866, 0.78328055, 0.7827389, 0.7676669, 0.6301748, 0.53582966, 0.5169646, 0.35993713, 0.3346126]","[[365.41, 225.97, 64.56, 122.37], [16.74, 264.17, 94.79, 110.46], [420.87, 269.31, 78.68, 105.06], [82.29, 221.14, 57.91, 122.17], [43.79, 158.25, 14.34, 45.27], [102.74, 251.75, 315.76, 123.17], [252.24, 291.66, 25.7, 82.81], [235.98, 275.79, 34.55, 55.47], [1.14, 156.37, 15.49, 55.1], [222.04, 180.22, 81.93, 77.78], [30.67, 158.45, 14.6, 45.39], [201.82, 181.28, 103.26, 149.75], [2.17, 160.27, 29.57, 45.71]]"
4628,/home/pi/sambashare/BacArbeit/cocoval2017/000000168974.jpg,3.1925258839983144,"['67: cell phone', '63: laptop', '67: cell phone', '67: cell phone', '0: person', '65: remote']","[67, 63, 67, 67, 0, 65]","[0.6448284, 0.5653408, 0.54646826, 0.5118063, 0.4063725, 0.29806116]","[[169.19, 290.15, 70.63, 37.48], [303.28, 382.1, 71.41, 75.51], [109.38, 310.77, 79.26, 51.84], [109.41, 289.86, 129.44, 72.03], [84.9, 79.78, 240.83, 415.74], [94.64, 33.41, 89.56, 26.03]]"
4629,/home/pi/sambashare/BacArbeit/cocoval2017/000000402774.jpg,3.187768050000159,"['0: person', '25: umbrella', '26: handbag']","[0, 25, 26]","[0.94160515, 0.8055745, 0.51384974]","[[128.85, 156.0, 144.11, 466.58], [108.95, 19.58, 258.92, 158.87], [246.17, 303.72, 23.55, 62.75]]"
4630,/home/pi/sambashare/BacArbeit/cocoval2017/000000377113.jpg,3.1878802030005318,"['0: person', '30: skis', '0: person', '0: person', '0: person', '0: person', '31: snowboard']","[0, 30, 0, 0, 0, 0, 31]","[0.9438334, 0.8047662, 0.79678106, 0.789871, 0.6186104, 0.50162184, 0.48560834]","[[150.16, 70.67, 198.35, 310.15], [270.24, 354.95, 152.71, 37.05], [35.18, 1, 46.23, 102.56], [580.13, 1, 59.82, 145.56], [84.49, 1, 30.77, 66.87], [512.4, 1, 76.94, 142.01], [8.32, 1, 37.62, 61.5]]"
4631,/home/pi/sambashare/BacArbeit/cocoval2017/000000431693.jpg,3.181361349998042,"['0: person', '32: sports ball', '38: tennis racket', '38: tennis racket', '76: scissors']","[0, 32, 38, 38, 76]","[0.92741215, 0.8843808, 0.8390668, 0.6892842, 0.6744352]","[[163.58, 145.68, 306.4, 223.24], [116.45, 236.07, 14.04, 13.15], [109.17, 272.22, 76.34, 37.49], [103.42, 90.18, 26.14, 60.37], [137.9, 87.35, 25.96, 53.39]]"
4632,/home/pi/sambashare/BacArbeit/cocoval2017/000000507575.jpg,3.1812048419997154,"['63: laptop', '64: mouse', '67: cell phone', '62: tv', '66: keyboard', '73: book', '76: scissors']","[63, 64, 67, 62, 66, 73, 76]","[0.9236862, 0.8879917, 0.8652373, 0.8450571, 0.834989, 0.7362787, 0.29638258]","[[112.66, 31.8, 120.57, 110.94], [448.73, 295.76, 30.93, 30.84], [132.35, 316.45, 38.11, 29.52], [266.14, 21.35, 123.38, 99.44], [226.8, 259.83, 184.26, 37.17], [1, 338.64, 139.58, 93.98], [468.96, 119.16, 35.35, 23.2]]"
4633,/home/pi/sambashare/BacArbeit/cocoval2017/000000341681.jpg,3.182187159000023,"['0: person', '38: tennis racket', '32: sports ball']","[0, 38, 32]","[0.91537213, 0.84840417, 0.84356904]","[[209.1, 137.99, 217.35, 182.38], [408.74, 94.3, 58.15, 58.89], [539.62, 83.58, 16.63, 14.77]]"
4634,/home/pi/sambashare/BacArbeit/cocoval2017/000000455624.jpg,3.1875856050028233,"['3: motorcycle', '0: person', '0: person', '0: person', '0: person', '0: person', '0: person', '0: person', '0: person', '0: person', '0: person', '0: person', '0: person', '0: person', '0: person']","[3, 0, 0, 0, 0, 0, 0, 0, 0, 0, 0, 0, 0, 0, 0]","[0.90199035, 0.889931, 0.80968124, 0.80672294, 0.75286674, 0.70283896, 0.6225171, 0.62199163, 0.6148136, 0.6013498, 0.57209724, 0.5417939, 0.44250438, 0.43907654, 0.3775401]","[[179.6, 141.19, 333.67, 246.88], [273.18, 57.61, 197.18, 270.76], [580.74, 145.0, 49.37, 63.2], [188.34, 161.13, 34.27, 36.94], [494.94, 132.4, 49.72, 66.34], [63.13, 121.56, 55.72, 102.49], [517.25, 134.25, 45.67, 65.85], [614.73, 143.65, 25.25, 64.61], [136.33, 163.38, 42.27, 35.21], [445.65, 140.3, 51.4, 54.72], [42.39, 150.3, 37.29, 131.58], [419.75, 135.54, 30.31, 45.86], [2.07, 124.3, 40.58, 160.47], [107.28, 166.63, 21.94, 35.11], [391.19, 122.84, 22.71, 32.28]]"
4635,/home/pi/sambashare/BacArbeit/cocoval2017/000000566282.jpg,3.184505083998374,"['0: person', '2: car', '32: sports ball', '27: tie', '0: person', '0: person', '0: person', '0: person', '0: person', '0: person']","[0, 2, 32, 27, 0, 0, 0, 0, 0, 0]","[0.9460487, 0.9165496, 0.90833616, 0.8421565, 0.7421416, 0.7232521, 0.69505984, 0.69330966, 0.5889384, 0.5559464]","[[45.29, 37.91, 215.16, 338.47], [290.13, 170.59, 204.19, 68.76], [99.62, 323.12, 53.06, 52.21], [376.71, 58.24, 48.83, 75.47], [561.81, 184.5, 16.65, 40.87], [590.47, 187.8, 12.33, 37.21], [328.43, 1, 157.29, 345.81], [573.67, 185.63, 14.52, 39.22], [540.68, 189.69, 14.32, 35.64], [507.14, 192.63, 10.69, 22.9]]"
4636,/home/pi/sambashare/BacArbeit/cocoval2017/000000187236.jpg,3.206024848997913,"['15: cat', '15: cat', '56: chair', '59: bed']","[15, 15, 56, 59]","[0.9210057, 0.7105083, 0.38124654, 0.25831714]","[[1, 223.76, 412.69, 255.5], [242.9, 49.41, 314.79, 175.21], [1, 20.95, 72.27, 238.37], [1, 4.03, 639, 474.09]]"
4637,/home/pi/sambashare/BacArbeit/cocoval2017/000000445792.jpg,3.1773989319990505,"['0: person', '0: person', '58: potted plant']","[0, 0, 58]","[0.5178183, 0.29456902, 0.26134148]","[[176.13, 11.82, 323.27, 362.03], [27.31, 89.0, 214.44, 285.66], [1, 185.86, 28.59, 58.97]]"
4638,/home/pi/sambashare/BacArbeit/cocoval2017/000000519569.jpg,3.189833077001822,"['56: chair', '56: chair', '56: chair', '75: vase', '39: bottle', '58: potted plant', '69: oven', '40: wine glass', '40: wine glass', '69: oven']","[56, 56, 56, 75, 39, 58, 69, 40, 40, 69]","[0.9497375, 0.9331346, 0.9227409, 0.91538924, 0.88360065, 0.84463966, 0.78172195, 0.7139197, 0.46773502, 0.29349115]","[[124.62, 390.2, 123.04, 222.38], [357.83, 333.66, 67.98, 298.58], [1, 420.55, 84.52, 219.15], [89.25, 317.89, 28.25, 45.64], [140.91, 306.81, 12.9, 53.87], [46.9, 236.56, 72.21, 126.97], [250.98, 264.86, 37.3, 110.96], [155.37, 329.77, 14.68, 30.5], [151.8, 330.27, 9.85, 29.79], [251.5, 269.84, 36.41, 48.04]]"
4639,/home/pi/sambashare/BacArbeit/cocoval2017/000000188689.jpg,3.1839827069998137,"['8: boat', '8: boat', '14: bird']","[8, 8, 14]","[0.8656558, 0.4011567, 0.37395212]","[[38.42, 76.8, 266.24, 126.01], [25.99, 149.95, 26.91, 21.09], [215.33, 319.66, 30.95, 30.25]]"
4640,/home/pi/sambashare/BacArbeit/cocoval2017/000000267300.jpg,3.1877896469995903,"['45: bowl', '58: potted plant', '16: dog']","[45, 58, 16]","[0.8502959, 0.6438357, 0.59819394]","[[106.48, 286.56, 446.75, 138.84], [70.24, 1, 136.37, 207.74], [1, 34.98, 471.76, 331.43]]"
4641,/home/pi/sambashare/BacArbeit/cocoval2017/000000354072.jpg,3.1932247199983976,"['39: bottle', '71: sink', '58: potted plant']","[39, 71, 58]","[0.66310674, 0.57272536, 0.27909458]","[[50.87, 284.55, 19.34, 42.64], [85.13, 280.74, 98.36, 60.91], [1.98, 356.99, 355.44, 282.23]]"
4642,/home/pi/sambashare/BacArbeit/cocoval2017/000000116068.jpg,3.1867453810009465,"['0: person', '0: person', '33: kite', '0: person', '0: person']","[0, 0, 33, 0, 0]","[0.9331219, 0.91883755, 0.9169709, 0.47102463, 0.3107815]","[[1.58, 114.04, 84.45, 239.05], [230.96, 122.14, 84.48, 251.44], [64.63, 168.87, 181.38, 205.5], [113.5, 47.87, 102.21, 205.44], [6.51, 261.49, 7.22, 7.62]]"
4643,/home/pi/sambashare/BacArbeit/cocoval2017/000000016010.jpg,3.1759733360013342,"['22: zebra', '18: sheep', '18: sheep', '18: sheep']","[22, 18, 18, 18]","[0.9045764, 0.90238976, 0.81628615, 0.52306914]","[[358.56, 265.8, 88.72, 62.06], [2.37, 248.22, 83.31, 41.79], [67.75, 236.24, 23.16, 29.27], [1, 243.96, 14.6, 20.32]]"
4644,/home/pi/sambashare/BacArbeit/cocoval2017/000000329542.jpg,3.1823748870010604,"['55: cake', '55: cake', '60: dining table', '39: bottle', '15: cat']","[55, 55, 60, 39, 15]","[0.8548711, 0.7983582, 0.3317149, 0.30737007, 0.26755872]","[[275.31, 227.8, 129.46, 135.91], [122.86, 252.41, 137.56, 139.05], [1, 1, 611, 611], [1.15, 32.15, 103.88, 135.96], [31.71, 1.69, 270.89, 260.69]]"
4645,/home/pi/sambashare/BacArbeit/cocoval2017/000000546011.jpg,3.164578085001267,"['22: zebra', '22: zebra', '22: zebra']","[22, 22, 22]","[0.93473315, 0.9288546, 0.909414]","[[273.06, 114.79, 186.7, 169.04], [199.37, 111.95, 186.13, 169.32], [51.17, 111.05, 99.25, 171.31]]"
4646,/home/pi/sambashare/BacArbeit/cocoval2017/000000578922.jpg,3.1894199259986635,"['41: cup', '41: cup', '75: vase', '44: spoon', '40: wine glass', '45: bowl', '58: potted plant']","[41, 41, 75, 44, 40, 45, 58]","[0.9241529, 0.80693364, 0.802125, 0.5956478, 0.5431359, 0.5279248, 0.42853323]","[[316.63, 503.01, 110.41, 136.27], [375.18, 292.76, 76.08, 124.85], [176.52, 456.11, 128.21, 183.42], [526.76, 236.98, 32.7, 44.41], [422.62, 542.88, 103.79, 96.67], [471.71, 326.54, 117.96, 125.31], [1, 18.35, 593.12, 616.07]]"
4647,/home/pi/sambashare/BacArbeit/cocoval2017/000000574823.jpg,3.1920312800029933,"['0: person', '0: person', '0: person', '0: person', '0: person', '35: baseball glove', '32: sports ball']","[0, 0, 0, 0, 0, 35, 32]","[0.9468695, 0.86958665, 0.8254472, 0.73002976, 0.6431676, 0.36730683, 0.26346207]","[[68.7, 37.56, 254.76, 461.33], [317.47, 45.68, 56.93, 130.01], [69.64, 66.91, 46.04, 120.46], [29.41, 60.16, 54.84, 129.86], [329.1, 113.94, 45.78, 64.37], [54.53, 337.68, 88.78, 118.83], [262.92, 105.53, 11.94, 9.43]]"
4648,/home/pi/sambashare/BacArbeit/cocoval2017/000000503841.jpg,3.16830284399839,"['9: traffic light', '9: traffic light', '2: car']","[9, 9, 2]","[0.9214283, 0.9122017, 0.2763877]","[[208.4, 110.48, 69.7, 151.4], [478.14, 142.63, 62.61, 140.57], [74.38, 371.06, 26.91, 11.48]]"
4649,/home/pi/sambashare/BacArbeit/cocoval2017/000000333745.jpg,3.1836635539984854,"['0: person', '0: person', '25: umbrella', '26: handbag', '2: car', '56: chair', '5: bus']","[0, 0, 25, 26, 2, 56, 5]","[0.8942606, 0.8718652, 0.75910234, 0.4439001, 0.34781802, 0.30030704, 0.26282418]","[[60.75, 143.94, 128.26, 364.18], [282.41, 158.88, 143.74, 221.81], [1, 63.57, 92.92, 75.89], [159.09, 248.18, 21.62, 40.86], [310.87, 351.92, 115.36, 285.76], [264.77, 104.37, 68.18, 33.9], [1, 80.44, 284.02, 342.33]]"
4650,/home/pi/sambashare/BacArbeit/cocoval2017/000000298251.jpg,3.183693017002952,"['22: zebra', '14: bird', '22: zebra', '22: zebra', '14: bird']","[22, 14, 22, 22, 14]","[0.89848334, 0.78880286, 0.7651221, 0.5407435, 0.28352526]","[[69.42, 91.74, 68.09, 42.34], [256.51, 45.21, 39.75, 36.83], [415.5, 110.22, 52.29, 16.75], [519.74, 106.05, 42.49, 40.14], [183.28, 79.66, 21.74, 13.89]]"
4651,/home/pi/sambashare/BacArbeit/cocoval2017/000000284991.jpg,3.178612626998074,"['0: person', '56: chair']","[0, 56]","[0.38035426, 0.2963297]","[[23.34, 1.7, 615.44, 425.3], [81.49, 326.81, 215.39, 100.75]]"
4652,/home/pi/sambashare/BacArbeit/cocoval2017/000000165500.jpg,3.196911569000804,"['21: bear', '18: sheep', '18: sheep']","[21, 18, 18]","[0.8406734, 0.60754794, 0.37824735]","[[418.92, 260.85, 92.99, 46.1], [175.15, 252.28, 34.57, 28.18], [269.26, 256.31, 41.69, 28.99]]"
4653,/home/pi/sambashare/BacArbeit/cocoval2017/000000212453.jpg,3.171199582000554,"['61: toilet', '0: person', '0: person', '0: person', '0: person', '0: person', '0: person', '0: person', '0: person', '0: person', '0: person', '0: person', '0: person', '38: tennis racket', '0: person', '0: person', '0: person', '0: person', '0: person', '0: person', '0: person', '0: person', '0: person', '0: person', '0: person', '0: person']","[61, 0, 0, 0, 0, 0, 0, 0, 0, 0, 0, 0, 0, 38, 0, 0, 0, 0, 0, 0, 0, 0, 0, 0, 0, 0]","[0.94045883, 0.62665945, 0.62051344, 0.5320345, 0.5137625, 0.5136328, 0.48786986, 0.48777467, 0.4655385, 0.46238688, 0.4328418, 0.43034744, 0.39660496, 0.39597723, 0.39452353, 0.38177338, 0.37987345, 0.37810394, 0.37669984, 0.36614546, 0.36549574, 0.33374357, 0.32179627, 0.29308525, 0.28514317, 0.25856197]","[[196.98, 315.17, 263.7, 323.07], [70.44, 1, 65.83, 135.2], [202.26, 1, 55.83, 125.74], [1, 1, 66.26, 218.8], [202.94, 107.38, 55.23, 126.24], [146.79, 111.26, 57.68, 126.77], [260.36, 1, 51.53, 112.26], [139.86, 1, 59.45, 138.16], [83.7, 115.06, 60.8, 115.09], [9.1, 117.35, 71.44, 160.92], [308.86, 198.05, 38.17, 127.42], [390.41, 206.7, 41.6, 94.5], [357.52, 195.13, 34.55, 89.69], [1, 61.69, 45.81, 50.51], [259.67, 106.02, 49.76, 107.18], [262.16, 203.92, 42.79, 103.43], [350.92, 359.46, 44.45, 146.12], [209.72, 209.54, 47.39, 112.97], [28.07, 230.38, 63.76, 109.33], [95.2, 223.27, 57.04, 100.02], [424.54, 317.44, 43.37, 99.88], [153.58, 217.66, 53.12, 93.33], [310.17, 103.16, 43.55, 101.73], [312.48, 1, 47.17, 103.24], [398.11, 100.23, 44.14, 124.68], [353.15, 283.49, 33.19, 87.94]]"
4654,/home/pi/sambashare/BacArbeit/cocoval2017/000000270705.jpg,3.1924556470003154,['14: bird'],[14],[0.8350531],"[[137.8, 18.64, 232.46, 547.93]]"
4655,/home/pi/sambashare/BacArbeit/cocoval2017/000000187990.jpg,3.1861503920008545,"['0: person', '36: skateboard', '74: clock']","[0, 36, 74]","[0.76947, 0.7261941, 0.25082985]","[[180.22, 51.87, 195.31, 157.73], [336.21, 176.94, 39.77, 46.74], [1, 56.2, 22.67, 60.96]]"
4656,/home/pi/sambashare/BacArbeit/cocoval2017/000000517523.jpg,3.1687733179969655,['4: airplane'],[4],[0.85148275],"[[15.65, 34.72, 586.32, 179.56]]"
4657,/home/pi/sambashare/BacArbeit/cocoval2017/000000187249.jpg,3.1806032690001302,"['67: cell phone', '0: person', '0: person', '67: cell phone']","[67, 0, 0, 67]","[0.78464246, 0.6682522, 0.39090663, 0.31893402]","[[343.55, 180.0, 41.24, 45.08], [136.65, 126.85, 243.45, 192.02], [128.56, 65.51, 337.6, 324.2], [465.83, 1, 173.28, 476.17]]"
4658,/home/pi/sambashare/BacArbeit/cocoval2017/000000202001.jpg,3.1925918999986607,"['67: cell phone', '0: person', '57: couch', '27: tie']","[67, 0, 57, 27]","[0.6392624, 0.6309171, 0.5403871, 0.47450092]","[[43.36, 228.02, 41.78, 49.86], [15.47, 47.94, 441.63, 411.34], [424.46, 286.9, 74.74, 172.75], [210.86, 247.67, 92.26, 194.89]]"
4659,/home/pi/sambashare/BacArbeit/cocoval2017/000000391375.jpg,3.198971486002847,"['13: bench', '0: person']","[13, 0]","[0.9154357, 0.90552104]","[[143.87, 330.49, 362.82, 83.48], [240.8, 177.62, 159.77, 235.41]]"
4660,/home/pi/sambashare/BacArbeit/cocoval2017/000000415990.jpg,3.183259041998099,"['19: cow', '0: person', '19: cow', '19: cow', '19: cow', '0: person', '19: cow', '19: cow', '16: dog', '19: cow', '19: cow', '19: cow', '19: cow', '19: cow', '19: cow', '19: cow']","[19, 0, 19, 19, 19, 0, 19, 19, 16, 19, 19, 19, 19, 19, 19, 19]","[0.8525779, 0.85211545, 0.82543045, 0.8244007, 0.8088608, 0.78543293, 0.76746434, 0.76723945, 0.7435115, 0.64377326, 0.6212142, 0.5819325, 0.51093996, 0.45899287, 0.36763752, 0.29402846]","[[333.13, 172.78, 42.19, 57.21], [439.99, 157.62, 32.99, 88.8], [6.72, 168.12, 44.3, 53.16], [79.5, 170.68, 52.69, 56.08], [159.25, 172.95, 64.28, 57.55], [297.13, 159.76, 34.17, 72.36], [224.22, 173.5, 59.37, 57.15], [364.9, 173.97, 84.03, 57.52], [484.86, 276.85, 15.07, 93.19], [120.98, 172.41, 64.17, 50.11], [48.59, 169.56, 44.59, 24.55], [47.71, 190.69, 34.88, 34.0], [481.11, 180.36, 18.8, 41.73], [214.04, 193.83, 30.44, 35.93], [119.0, 190.56, 20.58, 31.92], [267.11, 174.12, 36.72, 56.25]]"
4661,/home/pi/sambashare/BacArbeit/cocoval2017/000000530099.jpg,3.1817533309986175,"['15: cat', '2: car']","[15, 2]","[0.7751755, 0.6033672]","[[160.56, 177.11, 272.43, 122.9], [104.24, 233.01, 394.17, 141.22]]"
4662,/home/pi/sambashare/BacArbeit/cocoval2017/000000380913.jpg,3.167536632001429,"['0: person', '0: person', '0: person', '26: handbag', '0: person', '26: handbag', '0: person', '26: handbag', '67: cell phone', '26: handbag', '13: bench', '26: handbag']","[0, 0, 0, 26, 0, 26, 0, 26, 67, 26, 13, 26]","[0.93921524, 0.89845705, 0.8495949, 0.8386125, 0.8104045, 0.7297638, 0.6849575, 0.6247838, 0.55149627, 0.53870046, 0.32875735, 0.25862074]","[[375.89, 155.47, 157.31, 272.53], [253.56, 169.6, 120.84, 258.4], [509.18, 189.5, 130.82, 238.5], [514.24, 304.68, 119.7, 41.1], [1, 153.74, 158.73, 273.08], [121.55, 257.65, 124.33, 78.94], [1, 145.82, 43.34, 206.66], [117.88, 184.76, 140.54, 225.67], [165.61, 253.01, 21.03, 9.55], [259.34, 309.51, 106.31, 48.05], [60.26, 266.02, 558.77, 158.16], [262.95, 312.46, 82.41, 26.3]]"
4663,/home/pi/sambashare/BacArbeit/cocoval2017/000000018837.jpg,3.178424083002028,"['7: truck', '0: person', '0: person', '5: bus', '2: car', '0: person', '0: person', '0: person']","[7, 0, 0, 5, 2, 0, 0, 0]","[0.85000455, 0.83216584, 0.76940614, 0.7280378, 0.64092267, 0.5954629, 0.46796232, 0.36812153]","[[19.08, 113.37, 581.26, 366.63], [318.07, 12.91, 141.57, 142.77], [291.4, 26.1, 51.62, 89.67], [1, 172.78, 44.49, 153.96], [585.64, 257.03, 39.64, 60.52], [370.55, 323.22, 74.4, 156.78], [17.87, 245.7, 16.61, 18.08], [11.24, 230.44, 27.49, 49.22]]"
4664,/home/pi/sambashare/BacArbeit/cocoval2017/000000237316.jpg,3.179049122998549,"['61: toilet', '71: sink']","[61, 71]","[0.8704152, 0.7466423]","[[46.47, 258.71, 117.53, 220.47], [159.21, 243.51, 103.5, 46.44]]"
4665,/home/pi/sambashare/BacArbeit/cocoval2017/000000294163.jpg,3.185529870999744,"['74: clock', '74: clock']","[74, 74]","[0.87132955, 0.68350327]","[[272.29, 482.43, 65.61, 69.89], [225.08, 507.23, 19.38, 55.15]]"
4666,/home/pi/sambashare/BacArbeit/cocoval2017/000000504589.jpg,3.1752385319996392,"['0: person', '0: person', '29: frisbee', '37: surfboard']","[0, 0, 29, 37]","[0.9533771, 0.92095053, 0.8991997, 0.35906792]","[[1, 360.05, 151.42, 278.86], [267.62, 366.87, 126.75, 229.89], [246.75, 267.38, 63.35, 24.84], [347.6, 498.67, 79.05, 14.62]]"
4667,/home/pi/sambashare/BacArbeit/cocoval2017/000000022705.jpg,3.184179468000366,"['40: wine glass', '0: person', '39: bottle', '45: bowl', '69: oven']","[40, 0, 39, 45, 69]","[0.8701634, 0.86682475, 0.844025, 0.7990091, 0.3375705]","[[177.81, 211.87, 22.96, 79.57], [139.2, 85.48, 225.25, 519.32], [81.36, 211.51, 22.34, 68.61], [23.18, 256.42, 30.37, 24.52], [25.73, 338.06, 51.37, 300.42]]"
4668,/home/pi/sambashare/BacArbeit/cocoval2017/000000383289.jpg,3.1914125149996835,"['0: person', '2: car', '2: car']","[0, 2, 2]","[0.8913685, 0.8368488, 0.53453046]","[[333.23, 38.66, 200.63, 310.13], [1, 165.36, 357.37, 272.82], [1.06, 145.65, 211.45, 42.5]]"
4669,/home/pi/sambashare/BacArbeit/cocoval2017/000000560266.jpg,3.195249762997264,"['21: bear', '21: bear']","[21, 21]","[0.92177224, 0.60493064]","[[295.13, 89.82, 343.97, 245.31], [73.41, 52.24, 247.6, 243.5]]"
4670,/home/pi/sambashare/BacArbeit/cocoval2017/000000186449.jpg,3.1850266249966808,"['0: person', '0: person', '0: person', '0: person', '0: person', '28: suitcase', '0: person', '24: backpack', '13: bench', '56: chair', '0: person', '0: person', '0: person', '0: person', '24: backpack']","[0, 0, 0, 0, 0, 28, 0, 24, 13, 56, 0, 0, 0, 0, 24]","[0.8528439, 0.81210804, 0.7359344, 0.696517, 0.58451176, 0.5736363, 0.5556624, 0.526447, 0.52244115, 0.48821428, 0.44773096, 0.44344506, 0.39907625, 0.2934104, 0.29021487]","[[118.48, 181.16, 260.24, 421.08], [1, 1.23, 31.78, 256.23], [366.39, 37.06, 69.49, 145.95], [320.44, 14.84, 65.37, 126.23], [195.1, 1, 50.09, 64.1], [32.13, 164.47, 58.46, 111.28], [217.28, 15.79, 85.34, 165.47], [69.68, 4.37, 86.46, 116.38], [266.34, 132.13, 168.72, 218.77], [272.0, 312.89, 98.15, 143.33], [58.48, 1, 185.23, 248.68], [299.4, 1, 52.22, 115.56], [15.31, 1, 66.93, 209.73], [268.46, 10.76, 37.46, 86.13], [27.81, 1.68, 54.11, 114.06]]"
4671,/home/pi/sambashare/BacArbeit/cocoval2017/000000146363.jpg,3.1799681359989336,"['56: chair', '25: umbrella', '13: bench', '0: person']","[56, 25, 13, 0]","[0.76980233, 0.7694619, 0.2897122, 0.25976107]","[[213.81, 222.02, 205.73, 88.29], [218.84, 84.1, 256.11, 146.32], [105.51, 310.88, 115.98, 63.63], [163.21, 101.74, 4.1, 4.31]]"
4672,/home/pi/sambashare/BacArbeit/cocoval2017/000000253433.jpg,3.184757104001619,"['77: teddy bear', '27: tie']","[77, 27]","[0.5196586, 0.49018908]","[[96.85, 7.0, 479.77, 456.51], [255.24, 158.39, 116.32, 64.2]]"
4673,/home/pi/sambashare/BacArbeit/cocoval2017/000000404678.jpg,3.170326463001402,"['0: person', '56: chair', '41: cup', '0: person', '40: wine glass', '40: wine glass', '0: person', '0: person', '40: wine glass', '40: wine glass', '0: person', '60: dining table', '56: chair', '40: wine glass', '40: wine glass', '56: chair', '40: wine glass', '40: wine glass', '26: handbag', '56: chair', '40: wine glass', '43: knife', '0: person']","[0, 56, 41, 0, 40, 40, 0, 0, 40, 40, 0, 60, 56, 40, 40, 56, 40, 40, 26, 56, 40, 43, 0]","[0.8954796, 0.8888497, 0.85762817, 0.85686195, 0.84910434, 0.8180204, 0.77878684, 0.7653688, 0.73399943, 0.7023223, 0.65652204, 0.654936, 0.6452363, 0.5854402, 0.5797627, 0.5387866, 0.45741457, 0.439953, 0.3821605, 0.3479992, 0.32564935, 0.31311068, 0.30217794]","[[57.69, 143.14, 224.08, 281.03], [380.07, 233.65, 160.19, 190.86], [289.37, 256.79, 30.51, 23.34], [375.01, 103.3, 103.14, 166.07], [361.89, 216.41, 28.12, 52.89], [321.37, 239.93, 33.19, 65.03], [256.7, 93.33, 64.33, 85.42], [402.5, 88.86, 57.84, 70.51], [347.45, 159.16, 16.82, 34.25], [302.31, 179.72, 19.69, 34.51], [145.45, 93.13, 147.11, 220.46], [210.68, 158.71, 273.33, 201.69], [605.2, 129.22, 34.64, 174.58], [309.79, 142.29, 11.78, 21.95], [273.51, 163.88, 20.25, 30.64], [445.45, 179.67, 55.0, 91.23], [339.61, 143.39, 16.83, 22.9], [314.28, 161.24, 16.86, 24.54], [139.41, 310.26, 44.56, 40.27], [469.38, 180.22, 31.36, 67.99], [235.24, 163.36, 20.95, 28.29], [395.56, 267.45, 50.4, 40.55], [361.31, 90.71, 35.63, 58.74]]"
4674,/home/pi/sambashare/BacArbeit/cocoval2017/000000088848.jpg,3.1845904140027415,"['10: fire hydrant', '10: fire hydrant', '0: person', '0: person', '0: person', '0: person', '0: person', '56: chair', '8: boat']","[10, 10, 0, 0, 0, 0, 0, 56, 8]","[0.947137, 0.9440984, 0.93822384, 0.9175351, 0.8884412, 0.88368213, 0.8638691, 0.52002764, 0.39116046]","[[131.65, 30.55, 114.89, 219.66], [411.64, 124.03, 83.58, 180.58], [149.42, 370.91, 84.04, 239.48], [407.57, 468.42, 66.72, 143.12], [516.4, 470.9, 74.53, 141.21], [465.71, 470.34, 54.32, 142.59], [566.05, 469.16, 47.84, 143.36], [324.94, 565.46, 51.56, 47.13], [323.24, 427.16, 285.05, 124.53]]"
4675,/home/pi/sambashare/BacArbeit/cocoval2017/000000005586.jpg,3.1978331840000465,"['0: person', '0: person', '38: tennis racket', '0: person', '0: person']","[0, 0, 38, 0, 0]","[0.83894026, 0.8363279, 0.6698547, 0.59524405, 0.56471074]","[[132.78, 170.79, 66.78, 54.28], [141.86, 67.77, 34.03, 90.16], [129.77, 92.7, 17.13, 11.32], [272.38, 71.76, 22.31, 40.28], [291.76, 61.21, 10.62, 41.38]]"
4676,/home/pi/sambashare/BacArbeit/cocoval2017/000000303713.jpg,3.1780216750012187,"['0: person', '0: person', '0: person', '0: person', '56: chair', '24: backpack', '0: person', '0: person', '0: person', '56: chair', '38: tennis racket', '56: chair', '0: person', '0: person', '56: chair', '56: chair', '0: person', '38: tennis racket', '0: person', '0: person', '25: umbrella']","[0, 0, 0, 0, 56, 24, 0, 0, 0, 56, 38, 56, 0, 0, 56, 56, 0, 38, 0, 0, 25]","[0.93798256, 0.79899144, 0.6724097, 0.589024, 0.5878923, 0.5808048, 0.579312, 0.5397651, 0.52526534, 0.47706324, 0.45031708, 0.43674865, 0.41860592, 0.36920905, 0.3183209, 0.30627447, 0.2895801, 0.27021977, 0.25891876, 0.25797427, 0.2560146]","[[94.39, 331.74, 162.76, 306.29], [55.56, 428.13, 64.21, 112.24], [247.05, 419.17, 102.66, 111.25], [1, 375.43, 36.94, 46.69], [47.69, 463.48, 27.23, 74.66], [11.37, 505.51, 45.48, 33.73], [21.45, 422.56, 30.52, 32.41], [63.31, 379.5, 34.24, 38.67], [1, 421.76, 19.14, 32.82], [235.01, 467.77, 37.26, 68.85], [92.05, 321.74, 16.26, 61.5], [22.0, 362.63, 25.41, 15.65], [342.32, 423.26, 49.47, 53.93], [234.36, 232.86, 28.75, 33.53], [52.01, 362.51, 25.31, 17.11], [327.03, 403.66, 23.72, 15.33], [216.13, 426.58, 30.3, 28.91], [78.85, 307.88, 30.15, 72.44], [122.95, 302.26, 33.05, 43.9], [326.21, 364.75, 33.35, 41.11], [1, 97.6, 9.07, 17.49]]"
4677,/home/pi/sambashare/BacArbeit/cocoval2017/000000414795.jpg,3.194202195998514,"['20: elephant', '0: person', '20: elephant', '0: person', '0: person', '0: person', '20: elephant', '20: elephant', '0: person', '20: elephant', '20: elephant', '20: elephant', '20: elephant', '0: person', '20: elephant', '20: elephant', '20: elephant', '20: elephant', '20: elephant', '20: elephant', '20: elephant', '20: elephant', '20: elephant', '20: elephant', '0: person', '20: elephant', '20: elephant', '20: elephant', '26: handbag', '20: elephant', '20: elephant', '20: elephant', '20: elephant', '20: elephant', '20: elephant', '0: person', '20: elephant', '20: elephant', '26: handbag', '20: elephant', '20: elephant']","[20, 0, 20, 0, 0, 0, 20, 20, 0, 20, 20, 20, 20, 0, 20, 20, 20, 20, 20, 20, 20, 20, 20, 20, 0, 20, 20, 20, 26, 20, 20, 20, 20, 20, 20, 0, 20, 20, 26, 20, 20]","[0.9303099, 0.91414475, 0.9128752, 0.90700537, 0.896044, 0.88899195, 0.8711549, 0.8702317, 0.8695938, 0.8418071, 0.8415771, 0.8278025, 0.8255539, 0.8190377, 0.8057989, 0.7666922, 0.7590598, 0.75766295, 0.73265487, 0.7105068, 0.70748764, 0.7043034, 0.69301635, 0.65347123, 0.6516299, 0.64854836, 0.64558214, 0.57767487, 0.56388724, 0.5042758, 0.4812248, 0.45753336, 0.45529675, 0.44512254, 0.41296387, 0.38939637, 0.3238451, 0.31035972, 0.3089646, 0.3043892, 0.26150793]","[[112.88, 82.88, 117.67, 93.04], [347.13, 368.57, 90.3, 110.62], [76.76, 265.23, 212.78, 103.95], [215.61, 340.0, 124.94, 139.76], [539.66, 401.91, 86.15, 77.65], [109.98, 413.55, 96.59, 66.26], [269.22, 309.4, 158.64, 98.53], [253.26, 238.96, 173.94, 88.58], [59.03, 412.85, 59.19, 66.77], [1, 355.12, 197.29, 94.35], [419.98, 390.05, 102.86, 73.89], [171.4, 211.49, 150.41, 56.43], [129.64, 193.28, 150.81, 77.52], [97.53, 147.17, 40.38, 69.49], [419.02, 292.64, 190.68, 113.19], [262.53, 60.67, 50.43, 55.82], [399.76, 276.81, 172.84, 60.78], [426.22, 136.1, 118.0, 57.36], [1, 327.95, 56.33, 42.26], [542.9, 31.14, 62.47, 61.89], [515.03, 312.41, 124.82, 144.86], [414.98, 98.83, 102.25, 42.68], [605.12, 217.97, 34.46, 51.98], [272.39, 33.96, 56.63, 40.16], [428.63, 452.48, 115.59, 27.36], [329.82, 219.05, 158.2, 70.74], [332.64, 95.96, 75.67, 53.89], [499.14, 242.96, 107.37, 42.8], [563.28, 457.06, 22.9, 22.39], [597.45, 122.77, 42.55, 38.76], [565.56, 265.85, 74.44, 51.61], [456.5, 208.51, 108.73, 72.9], [566.54, 199.28, 73.46, 54.35], [618.53, 153.32, 21.26, 38.18], [429.05, 46.77, 63.17, 46.42], [480.27, 458.06, 34.62, 21.8], [324.4, 56.09, 39.27, 48.56], [421.9, 15.41, 54.56, 37.31], [70.3, 454.97, 34.29, 25.01], [394.08, 79.36, 59.94, 41.02], [362.03, 66.8, 33.41, 37.62]]"
4678,/home/pi/sambashare/BacArbeit/cocoval2017/000000460229.jpg,3.1893217580000055,"['11: stop sign', '2: car']","[11, 2]","[0.9354566, 0.48148903]","[[54.34, 81.08, 226.96, 226.62], [223.13, 297.34, 159.65, 168.58]]"
4679,/home/pi/sambashare/BacArbeit/cocoval2017/000000183246.jpg,3.17574359700302,"['7: truck', '2: car', '9: traffic light', '9: traffic light', '9: traffic light', '9: traffic light', '9: traffic light', '2: car', '9: traffic light', '9: traffic light', '9: traffic light', '9: traffic light', '9: traffic light', '2: car', '9: traffic light', '2: car']","[7, 2, 9, 9, 9, 9, 9, 2, 9, 9, 9, 9, 9, 2, 9, 2]","[0.8892179, 0.8037947, 0.79460573, 0.7294556, 0.6599683, 0.65650606, 0.624187, 0.6140302, 0.5209444, 0.51057565, 0.44356394, 0.42526355, 0.3557586, 0.3518214, 0.32275614, 0.30220383]","[[159.88, 231.89, 119.37, 51.67], [324.06, 239.17, 46.95, 84.23], [322.81, 52.18, 14.63, 52.61], [210.51, 168.12, 9.63, 21.94], [236.73, 145.05, 15.34, 38.0], [257.16, 126.29, 12.97, 28.66], [343.75, 85.35, 13.44, 27.75], [287.33, 260.62, 19.46, 10.95], [220.58, 160.91, 12.3, 26.18], [361.77, 81.25, 10.17, 28.15], [256.9, 162.56, 7.62, 16.34], [266.89, 160.48, 7.97, 18.66], [175.48, 199.32, 5.86, 13.03], [390.02, 289.96, 39.61, 40.99], [257.64, 161.08, 16.12, 18.31], [275.77, 261.63, 12.28, 11.47]]"
4680,/home/pi/sambashare/BacArbeit/cocoval2017/000000513580.jpg,3.17096032200061,"['3: motorcycle', '0: person', '4: airplane']","[3, 0, 4]","[0.86299825, 0.829285, 0.75759786]","[[106.65, 309.39, 141.16, 87.99], [146.24, 282.94, 69.77, 91.78], [127.28, 114.32, 401.32, 207.0]]"
4681,/home/pi/sambashare/BacArbeit/cocoval2017/000000278749.jpg,3.1980308900019736,"['0: person', '0: person', '0: person', '0: person', '2: car', '2: car', '74: clock', '28: suitcase', '0: person', '0: person', '26: handbag', '0: person', '2: car', '2: car', '0: person', '0: person', '2: car']","[0, 0, 0, 0, 2, 2, 74, 28, 0, 0, 26, 0, 2, 2, 0, 0, 2]","[0.9139552, 0.8962311, 0.8756937, 0.85202354, 0.83931935, 0.78325033, 0.642404, 0.62493426, 0.6183937, 0.56619245, 0.5466004, 0.5371528, 0.51417553, 0.45761463, 0.38512492, 0.35358298, 0.31691754]","[[43.41, 98.48, 36.73, 114.31], [110.65, 100.06, 40.83, 89.38], [327.62, 122.4, 63.42, 184.35], [204.95, 106.34, 17.42, 39.72], [80.55, 109.57, 36.59, 17.41], [177.83, 111.61, 27.84, 23.11], [341.42, 1, 26.14, 10.72], [73.3, 148.71, 29.96, 43.31], [222.59, 109.65, 10.51, 23.26], [454.89, 96.11, 27.14, 73.51], [134.44, 114.03, 16.63, 27.24], [232.81, 112.17, 11.15, 28.91], [195.58, 109.6, 12.63, 6.2], [112.8, 106.75, 13.93, 13.84], [240.92, 107.7, 13.29, 32.64], [255.39, 107.19, 9.51, 18.84], [174.84, 107.95, 9.92, 12.17]]"
4682,/home/pi/sambashare/BacArbeit/cocoval2017/000000107339.jpg,3.1794496120019176,"['0: person', '0: person', '57: couch', '56: chair', '65: remote']","[0, 0, 57, 56, 65]","[0.8650786, 0.8041167, 0.5807069, 0.3936269, 0.34094846]","[[48.31, 82.36, 35.38, 54.45], [124.68, 18.14, 57.52, 91.3], [21.57, 72.12, 114.39, 49.78], [3.75, 85.55, 54.06, 52.39], [125.47, 51.07, 9.66, 4.24]]"
4683,/home/pi/sambashare/BacArbeit/cocoval2017/000000018833.jpg,3.1826566490017285,"['15: cat', '12: parking meter', '26: handbag']","[15, 12, 26]","[0.43340185, 0.4071399, 0.39885595]","[[190.64, 47.52, 306.59, 244.88], [398.77, 57.47, 240.26, 368.32], [1.3, 157.01, 410.94, 267.58]]"
4684,/home/pi/sambashare/BacArbeit/cocoval2017/000000119445.jpg,3.1875062250001065,"['0: person', '0: person', '0: person', '35: baseball glove', '32: sports ball', '34: baseball bat']","[0, 0, 0, 35, 32, 34]","[0.95899844, 0.8900873, 0.8771593, 0.8604279, 0.6896084, 0.6575664]","[[177.63, 176.89, 170.87, 210.98], [516.39, 231.22, 123.51, 171.41], [420.43, 264.39, 170.66, 131.88], [421.34, 280.57, 33.45, 30.76], [300.75, 91.53, 11.96, 11.66], [92.74, 239.79, 87.23, 10.78]]"
4685,/home/pi/sambashare/BacArbeit/cocoval2017/000000494634.jpg,3.1772752690012567,"['69: oven', '15: cat', '73: book', '40: wine glass', '40: wine glass', '45: bowl']","[69, 15, 73, 40, 40, 45]","[0.81, 0.6759122, 0.618679, 0.38657683, 0.26916778, 0.25218612]","[[212.89, 2.2, 68.01, 140.43], [1, 110.25, 479.98, 367.79], [291.48, 347.92, 347.8, 131.7], [397.54, 16.57, 18.67, 35.8], [419.47, 13.68, 18.26, 35.51], [348.87, 114.25, 25.71, 16.39]]"
4686,/home/pi/sambashare/BacArbeit/cocoval2017/000000505565.jpg,3.181063960000756,"['14: bird', '14: bird', '14: bird', '14: bird']","[14, 14, 14, 14]","[0.93531597, 0.90588397, 0.88560873, 0.36524162]","[[270.64, 92.84, 220.24, 255.24], [452.3, 50.76, 71.38, 110.03], [383.54, 100.61, 74.23, 108.95], [564.04, 19.0, 25.59, 50.79]]"
4687,/home/pi/sambashare/BacArbeit/cocoval2017/000000579070.jpg,3.1992296789976535,"['0: person', '41: cup', '0: person', '41: cup', '41: cup', '41: cup', '0: person', '41: cup', '41: cup', '41: cup', '41: cup', '41: cup', '41: cup', '39: bottle', '41: cup', '41: cup', '41: cup', '41: cup', '41: cup', '0: person', '60: dining table', '41: cup', '0: person', '41: cup', '39: bottle', '41: cup', '41: cup', '56: chair', '39: bottle', '60: dining table', '0: person', '60: dining table', '56: chair', '41: cup', '56: chair', '41: cup', '39: bottle']","[0, 41, 0, 41, 41, 41, 0, 41, 41, 41, 41, 41, 41, 39, 41, 41, 41, 41, 41, 0, 60, 41, 0, 41, 39, 41, 41, 56, 39, 60, 0, 60, 56, 41, 56, 41, 39]","[0.94428825, 0.93962896, 0.9254109, 0.9073262, 0.90231854, 0.89014846, 0.88696843, 0.88425285, 0.8595061, 0.83148026, 0.828268, 0.8232127, 0.82035196, 0.8090671, 0.7958115, 0.7935049, 0.7909363, 0.79020935, 0.7779478, 0.7699272, 0.76666313, 0.75764036, 0.7207444, 0.716805, 0.71184856, 0.6801557, 0.6413704, 0.5922898, 0.5884338, 0.5219319, 0.4870289, 0.4355538, 0.37784877, 0.3776978, 0.33577847, 0.31526124, 0.2794844]","[[104.07, 34.25, 185.92, 197.54], [457.4, 243.89, 46.18, 61.12], [278.69, 25.57, 194.07, 240.5], [3.99, 280.83, 31.03, 33.71], [368.24, 355.91, 49.55, 70.95], [35.54, 266.11, 29.2, 33.08], [1, 90.97, 79.44, 152.75], [58.33, 237.93, 38.71, 51.5], [76.36, 220.45, 35.14, 49.68], [400.77, 315.9, 29.41, 37.19], [221.73, 224.11, 69.77, 116.16], [145.16, 230.58, 23.84, 27.72], [284.82, 234.09, 24.41, 55.21], [177.28, 329.63, 40.67, 58.02], [329.95, 260.8, 25.41, 36.29], [167.3, 230.9, 23.62, 27.25], [489.22, 345.4, 69.62, 81.19], [3.86, 263.54, 29.85, 21.11], [150.43, 201.77, 21.85, 25.5], [494.43, 117.02, 144.65, 215.77], [5.39, 208.08, 558.51, 213.95], [436.4, 330.75, 31.5, 39.04], [1, 1, 102.75, 101.19], [193.55, 219.73, 21.76, 26.64], [198.85, 271.49, 35.2, 102.27], [252.78, 54.82, 19.21, 40.37], [379.72, 332.74, 30.77, 39.08], [466.65, 166.02, 31.3, 78.76], [300.0, 46.24, 22.51, 47.58], [225.72, 55.85, 122.17, 90.16], [434.12, 309.47, 204.49, 113.64], [1, 35.4, 45.96, 34.81], [74.65, 38.14, 85.31, 112.64], [230.26, 68.37, 24.65, 19.92], [485.83, 78.3, 116.52, 172.61], [275.4, 76.9, 30.42, 21.25], [322.54, 44.53, 23.14, 50.77]]"
4688,/home/pi/sambashare/BacArbeit/cocoval2017/000000294783.jpg,3.1876007329992717,"['57: couch', '73: book', '56: chair', '73: book', '73: book', '73: book', '73: book', '15: cat', '59: bed', '73: book', '73: book', '73: book']","[57, 73, 56, 73, 73, 73, 73, 15, 59, 73, 73, 73]","[0.7607753, 0.3507152, 0.32479414, 0.29605922, 0.29580772, 0.2910879, 0.2755559, 0.271996, 0.27175912, 0.2641206, 0.2629229, 0.2510682]","[[53.34, 295.66, 248.35, 131.95], [548.76, 218.45, 13.32, 22.87], [277.34, 252.25, 22.84, 23.86], [587.23, 287.06, 12.68, 22.53], [628.34, 187.93, 11.59, 21.54], [522.78, 245.75, 116.98, 32.07], [540.71, 281.25, 16.79, 22.41], [521.77, 310.6, 22.93, 16.01], [186.75, 229.6, 46.08, 29.93], [541.65, 219.17, 11.65, 21.79], [596.99, 290.53, 16.17, 20.32], [611.08, 291.26, 16.67, 21.77]]"
4689,/home/pi/sambashare/BacArbeit/cocoval2017/000000344795.jpg,3.1791948120007874,['69: oven'],[69],[0.25697717],"[[4.83, 11.74, 635.17, 314.18]]"
4690,/home/pi/sambashare/BacArbeit/cocoval2017/000000247806.jpg,3.1982551969995257,['74: clock'],[74],[0.840244],"[[336.36, 228.96, 46.22, 46.65]]"
4691,/home/pi/sambashare/BacArbeit/cocoval2017/000000468501.jpg,3.168682538998837,"['0: person', '0: person', '0: person', '36: skateboard', '57: couch', '57: couch', '57: couch']","[0, 0, 0, 36, 57, 57, 57]","[0.9174207, 0.7830142, 0.62324244, 0.4123674, 0.29816714, 0.27311763, 0.2572656]","[[126.76, 81.28, 133.06, 235.12], [356.21, 128.03, 143.31, 147.98], [216.42, 77.15, 112.63, 295.97], [385.41, 339.58, 92.33, 35.1], [373.23, 168.54, 120.26, 71.43], [437.56, 267.18, 62.44, 94.09], [414.34, 216.84, 85.37, 82.78]]"
4692,/home/pi/sambashare/BacArbeit/cocoval2017/000000148999.jpg,3.1715280820026237,"['17: horse', '0: person', '0: person', '0: person', '0: person', '0: person', '0: person', '0: person', '0: person', '0: person', '0: person', '0: person']","[17, 0, 0, 0, 0, 0, 0, 0, 0, 0, 0, 0]","[0.87435603, 0.62328166, 0.53807354, 0.4885584, 0.44261703, 0.4006372, 0.37265977, 0.36113352, 0.309373, 0.28522885, 0.2672987, 0.26474518]","[[29.23, 185.51, 143.89, 125.23], [448.1, 334.23, 13.77, 12.59], [420.14, 121.41, 70.94, 120.76], [496.44, 332.46, 10.14, 11.38], [473.2, 334.06, 12.91, 11.13], [337.6, 342.37, 14.33, 11.77], [435.78, 339.48, 6.92, 8.07], [507.93, 335.99, 8.92, 7.15], [406.81, 339.05, 12.35, 10.45], [326.49, 342.59, 12.42, 12.25], [314.19, 346.49, 10.25, 9.1], [527.44, 328.39, 11.41, 13.36]]"
4693,/home/pi/sambashare/BacArbeit/cocoval2017/000000053529.jpg,3.1864272140010144,"['0: person', '16: dog', '16: dog']","[0, 16, 16]","[0.40359285, 0.3594467, 0.31067374]","[[48.09, 68.89, 101.03, 203.11], [138.54, 163.2, 127.24, 115.03], [67.53, 158.55, 199.98, 174.31]]"
4694,/home/pi/sambashare/BacArbeit/cocoval2017/000000530820.jpg,3.187644382000144,"['38: tennis racket', '0: person']","[38, 0]","[0.7182249, 0.7073592]","[[280.92, 145.03, 144.59, 139.45], [253.64, 24.65, 184.63, 397.78]]"
4695,/home/pi/sambashare/BacArbeit/cocoval2017/000000474028.jpg,3.1802459710015683,"['0: person', '0: person', '0: person', '32: sports ball', '0: person', '0: person', '0: person', '0: person', '0: person', '0: person', '0: person', '0: person', '0: person', '29: frisbee', '32: sports ball']","[0, 0, 0, 32, 0, 0, 0, 0, 0, 0, 0, 0, 0, 29, 32]","[0.9502523, 0.9469294, 0.91889775, 0.9099227, 0.8973206, 0.89700747, 0.83605856, 0.8359217, 0.7974991, 0.76055723, 0.74133873, 0.7343064, 0.6680708, 0.53305805, 0.34690872]","[[405.13, 76.13, 193.41, 284.82], [128.08, 220.15, 189.29, 175.3], [590.2, 150.89, 48.32, 100.54], [135.58, 289.32, 51.99, 52.48], [19.71, 176.64, 37.6, 90.96], [235.19, 157.83, 38.15, 102.85], [220.45, 199.25, 14.05, 43.79], [75.58, 173.46, 37.76, 99.57], [536.48, 170.82, 21.71, 58.67], [106.23, 151.55, 44.81, 110.58], [1, 199.15, 10.08, 52.72], [501.3, 146.42, 41.58, 74.9], [140.66, 176.89, 35.69, 49.37], [22.67, 224.13, 7.36, 7.12], [577.39, 216.85, 8.95, 11.87]]"
4696,/home/pi/sambashare/BacArbeit/cocoval2017/000000048396.jpg,3.195559391999268,"['41: cup', '0: person', '55: cake', '0: person', '60: dining table']","[41, 0, 55, 0, 60]","[0.9229059, 0.86065763, 0.83926505, 0.83386743, 0.74646324]","[[528.71, 330.46, 57.47, 58.64], [121.6, 1, 243.19, 424.73], [377.16, 376.33, 111.93, 50.65], [410.86, 50.97, 188.79, 322.16], [278.7, 325.14, 361.24, 100.81]]"
4697,/home/pi/sambashare/BacArbeit/cocoval2017/000000084477.jpg,3.1853600700014795,"['56: chair', '25: umbrella', '0: person', '56: chair', '25: umbrella']","[56, 25, 0, 56, 25]","[0.83915806, 0.8245767, 0.69385624, 0.3326002, 0.28260535]","[[233.26, 241.26, 151.38, 151.35], [229.2, 36.5, 397.28, 334.43], [285.8, 215.89, 13.68, 25.4], [205.97, 284.46, 46.21, 88.81], [230.52, 35.81, 396.28, 150.27]]"
4698,/home/pi/sambashare/BacArbeit/cocoval2017/000000537506.jpg,3.1947445469995728,"['25: umbrella', '25: umbrella', '0: person', '0: person', '2: car', '25: umbrella', '26: handbag', '47: apple', '26: handbag', '47: apple', '0: person', '0: person']","[25, 25, 0, 0, 2, 25, 26, 47, 26, 47, 0, 0]","[0.9167111, 0.9120308, 0.8674652, 0.8049282, 0.7417071, 0.6736592, 0.5635409, 0.5633157, 0.3950018, 0.3403042, 0.29055473, 0.25654975]","[[1, 1, 171.43, 97.68], [180.84, 1, 167.69, 83.04], [28.28, 83.25, 128.16, 307.8], [222.32, 68.41, 102.36, 250.51], [121.52, 50.37, 131.14, 127.56], [321.75, 17.56, 103.45, 59.98], [1.55, 206.08, 63.27, 77.21], [373.92, 215.71, 144.9, 128.36], [222.69, 106.91, 41.22, 92.6], [439.79, 194.52, 106.15, 63.07], [504.02, 82.31, 89.04, 163.31], [371.04, 217.93, 228.64, 179.27]]"
4699,/home/pi/sambashare/BacArbeit/cocoval2017/000000292330.jpg,3.181246309999551,['16: dog'],[16],[0.95702165],"[[169.58, 30.71, 462.42, 292.19]]"
4700,/home/pi/sambashare/BacArbeit/cocoval2017/000000502910.jpg,3.176554674999352,['13: bench'],[13],[0.3113209],"[[145.51, 520.2, 172.82, 61.44]]"
4701,/home/pi/sambashare/BacArbeit/cocoval2017/000000179392.jpg,3.188324591003038,"['15: cat', '64: mouse', '67: cell phone', '28: suitcase', '63: laptop']","[15, 64, 67, 28, 63]","[0.70184493, 0.63221365, 0.5747763, 0.47755527, 0.4116733]","[[110.98, 55.52, 368.54, 512.92], [1, 300.99, 43.75, 112.26], [1, 295.1, 136.06, 200.69], [1, 393.36, 277.02, 244.84], [383.07, 423.04, 96.03, 140.82]]"
4702,/home/pi/sambashare/BacArbeit/cocoval2017/000000525322.jpg,3.1970015409970074,"['4: airplane', '4: airplane']","[4, 4]","[0.94765925, 0.904572]","[[231.82, 207.64, 212.29, 143.25], [115.83, 147.29, 240.46, 103.47]]"
4703,/home/pi/sambashare/BacArbeit/cocoval2017/000000361919.jpg,3.1866746099985903,"['0: person', '0: person', '0: person', '0: person', '0: person', '0: person', '0: person', '0: person', '0: person', '0: person', '0: person', '0: person', '0: person']","[0, 0, 0, 0, 0, 0, 0, 0, 0, 0, 0, 0, 0]","[0.9234221, 0.919354, 0.8976336, 0.8580458, 0.7892117, 0.7763111, 0.7335131, 0.6754423, 0.59229666, 0.5873277, 0.5801955, 0.46773013, 0.35829392]","[[377.71, 329.73, 62.9, 95.08], [462.41, 310.82, 75.54, 114.13], [609.88, 298.87, 29.99, 111.35], [193.19, 349.04, 15.5, 33.13], [438.26, 323.08, 28.56, 69.02], [175.68, 347.37, 13.44, 25.38], [1.03, 350.92, 15.25, 29.52], [115.07, 351.79, 7.05, 15.26], [145.47, 353.77, 14.43, 31.39], [92.21, 354.21, 16.32, 26.73], [162.8, 337.62, 6.1, 8.38], [148.14, 334.89, 4.74, 10.05], [109.12, 342.7, 5.47, 10.41]]"
4704,/home/pi/sambashare/BacArbeit/cocoval2017/000000004395.jpg,3.1834420779996435,"['27: tie', '0: person']","[27, 0]","[0.9238653, 0.58360195]","[[175.71, 270.77, 100.16, 369.23], [1, 2.32, 424, 634.04]]"
4705,/home/pi/sambashare/BacArbeit/cocoval2017/000000111951.jpg,3.183188502000121,"['71: sink', '71: sink', '61: toilet', '79: toothbrush', '41: cup']","[71, 71, 61, 79, 41]","[0.90639836, 0.8992984, 0.8939433, 0.54875857, 0.43115667]","[[40.83, 233.71, 116.14, 66.37], [218.86, 197.95, 70.74, 38.53], [448.28, 292.66, 191.6, 131.48], [219.57, 179.79, 17.07, 17.58], [203.37, 221.66, 29.82, 34.41]]"
4706,/home/pi/sambashare/BacArbeit/cocoval2017/000000570169.jpg,3.1725026029998844,"['77: teddy bear', '41: cup']","[77, 41]","[0.4908165, 0.46049213]","[[163.05, 4.9, 250.81, 313.44], [195.95, 290.78, 89.11, 160.63]]"
4707,/home/pi/sambashare/BacArbeit/cocoval2017/000000110449.jpg,3.1859510309986945,"['0: person', '0: person']","[0, 0]","[0.85936946, 0.76668084]","[[143.37, 12.98, 355.74, 342.11], [1, 16.55, 250.15, 321.22]]"
4708,/home/pi/sambashare/BacArbeit/cocoval2017/000000002153.jpg,3.182952580998972,"['0: person', '0: person', '0: person', '34: baseball bat', '0: person', '35: baseball glove', '35: baseball glove']","[0, 0, 0, 34, 0, 35, 35]","[0.9352979, 0.9178733, 0.8372724, 0.7927126, 0.64028966, 0.4437774, 0.30496815]","[[283.8, 276.68, 183.44, 170.28], [175.21, 1, 64.54, 118.11], [273.64, 300.56, 103.8, 138.67], [391.52, 184.32, 68.05, 42.56], [368.89, 206.91, 66.74, 130.33], [313.66, 299.3, 25.74, 30.68], [279.11, 355.41, 22.31, 22.21]]"
4709,/home/pi/sambashare/BacArbeit/cocoval2017/000000405970.jpg,3.1723411249986384,"['57: couch', '57: couch', '57: couch', '73: book', '62: tv', '58: potted plant']","[57, 57, 57, 73, 62, 58]","[0.9061291, 0.76989985, 0.6903736, 0.6842473, 0.5485471, 0.47492537]","[[501.62, 201.52, 137.59, 133.12], [1.43, 316.0, 162.43, 110.42], [579.83, 326.85, 59.5, 99.62], [350.79, 254.62, 44.41, 22.31], [165.26, 139.1, 110.64, 66.23], [8.11, 220.16, 70.13, 110.86]]"
4710,/home/pi/sambashare/BacArbeit/cocoval2017/000000405691.jpg,3.1888357130010263,"['40: wine glass', '40: wine glass', '39: bottle', '40: wine glass', '42: fork', '39: bottle', '42: fork', '41: cup', '45: bowl', '41: cup', '42: fork']","[40, 40, 39, 40, 42, 39, 42, 41, 45, 41, 42]","[0.9340845, 0.9090238, 0.85813254, 0.8379625, 0.8337082, 0.74754924, 0.6471936, 0.5805658, 0.4407976, 0.28425634, 0.25706568]","[[456.13, 227.29, 119.81, 199.71], [110.47, 57.24, 91.03, 207.81], [357.12, 11.08, 84.98, 306.35], [266.65, 140.77, 102.03, 238.21], [436.42, 379.21, 140.95, 47.43], [198.91, 21.11, 60.49, 204.08], [438.54, 406.82, 35.46, 20.03], [1, 174.37, 57.83, 79.53], [462.73, 42.02, 177.12, 138.41], [201.61, 388.76, 107.88, 38.24], [436.0, 379.76, 68.98, 43.83]]"
4711,/home/pi/sambashare/BacArbeit/cocoval2017/000000297085.jpg,3.189702751002187,"['62: tv', '15: cat', '0: person', '56: chair', '62: tv']","[62, 15, 0, 56, 62]","[0.6666476, 0.64853007, 0.33988583, 0.31498992, 0.29431903]","[[163.91, 169.0, 154.6, 106.47], [212.47, 92.14, 65.46, 129.19], [473.13, 209.28, 26.55, 76.76], [1, 341.67, 74.86, 33.12], [123.94, 17.14, 220.95, 132.87]]"
4712,/home/pi/sambashare/BacArbeit/cocoval2017/000000415238.jpg,3.1716962569989846,"['75: vase', '56: chair', '75: vase']","[75, 56, 75]","[0.8906926, 0.5924648, 0.50314283]","[[246.48, 220.98, 125.18, 135.06], [447.76, 276.71, 79.36, 67.0], [26.68, 303.73, 516.34, 169.91]]"
4713,/home/pi/sambashare/BacArbeit/cocoval2017/000000001818.jpg,3.1849387749971356,['22: zebra'],[22],[0.53583187],"[[3.16, 1, 632.14, 422.61]]"
4714,/home/pi/sambashare/BacArbeit/cocoval2017/000000334371.jpg,3.184473577999597,"['5: bus', '2: car', '5: bus', '0: person', '2: car', '5: bus', '5: bus', '9: traffic light', '9: traffic light', '9: traffic light', '13: bench']","[5, 2, 5, 0, 2, 5, 5, 9, 9, 9, 13]","[0.94060236, 0.9229188, 0.90420854, 0.9009154, 0.86572284, 0.82188123, 0.7795451, 0.75216407, 0.6726058, 0.46708068, 0.2561801]","[[233.66, 187.06, 191.38, 108.83], [539.1, 259.79, 56.97, 31.5], [416.16, 204.34, 96.1, 88.22], [171.05, 228.26, 27.73, 70.2], [47.87, 259.19, 120.25, 36.82], [508.63, 216.97, 38.15, 72.3], [15.77, 169.6, 102.48, 100.19], [98.51, 183.94, 19.1, 41.64], [235.74, 191.15, 17.57, 35.79], [143.03, 165.46, 11.51, 30.5], [16.02, 336.5, 34.73, 62.29]]"
4715,/home/pi/sambashare/BacArbeit/cocoval2017/000000455352.jpg,3.1758992090035463,"['74: clock', '74: clock']","[74, 74]","[0.8983601, 0.8588789]","[[301.82, 418.16, 99.32, 95.98], [310.73, 157.42, 72.14, 72.77]]"
4716,/home/pi/sambashare/BacArbeit/cocoval2017/000000149770.jpg,3.189628266998625,"['0: person', '37: surfboard']","[0, 37]","[0.93900126, 0.2570873]","[[64.56, 32.0, 81.43, 77.03], [65.89, 94.52, 80.08, 15.27]]"
4717,/home/pi/sambashare/BacArbeit/cocoval2017/000000192607.jpg,3.1853960680018645,"['2: car', '0: person']","[2, 0]","[0.9556434, 0.935029]","[[1, 211.23, 470.82, 210.14], [455.58, 222.11, 62.97, 162.58]]"
4718,/home/pi/sambashare/BacArbeit/cocoval2017/000000134856.jpg,3.194995302001189,"['17: horse', '17: horse', '17: horse', '0: person', '0: person', '0: person']","[17, 17, 17, 0, 0, 0]","[0.8219095, 0.77416855, 0.74600834, 0.52344656, 0.47026777, 0.46491778]","[[153.43, 380.84, 27.27, 21.43], [294.99, 380.7, 24.72, 21.81], [49.77, 379.22, 20.86, 21.55], [57.13, 371.78, 10.4, 19.82], [165.31, 375.64, 7.36, 12.2], [304.29, 374.44, 9.66, 17.54]]"
4719,/home/pi/sambashare/BacArbeit/cocoval2017/000000083113.jpg,3.1881275929990807,"['20: elephant', '20: elephant']","[20, 20]","[0.9497569, 0.81907177]","[[455.49, 125.09, 165.78, 196.52], [243.99, 196.33, 149.07, 77.47]]"
4720,/home/pi/sambashare/BacArbeit/cocoval2017/000000402473.jpg,3.194414528999914,"['15: cat', '15: cat']","[15, 15]","[0.8361138, 0.6486922]","[[229.06, 89.47, 410.94, 385.91], [1, 172.77, 442.52, 306.17]]"
4721,/home/pi/sambashare/BacArbeit/cocoval2017/000000171382.jpg,3.1851810500011197,"['2: car', '0: person', '0: person', '36: skateboard', '0: person', '0: person', '2: car', '2: car', '2: car', '0: person', '0: person', '26: handbag', '0: person', '0: person', '0: person', '9: traffic light', '9: traffic light', '25: umbrella', '9: traffic light', '0: person', '0: person', '2: car', '7: truck', '2: car', '0: person', '9: traffic light']","[2, 0, 0, 36, 0, 0, 2, 2, 2, 0, 0, 26, 0, 0, 0, 9, 9, 25, 9, 0, 0, 2, 7, 2, 0, 9]","[0.91885024, 0.9177696, 0.8946769, 0.88497573, 0.85822403, 0.82245255, 0.8097633, 0.79614645, 0.7772787, 0.7559798, 0.7494877, 0.7390153, 0.73333365, 0.57991093, 0.5739928, 0.4654379, 0.42823634, 0.40402764, 0.36819413, 0.34877488, 0.31128535, 0.28434572, 0.28174314, 0.2644556, 0.26350215, 0.26116914]","[[260.4, 184.37, 181.43, 65.32], [485.64, 131.49, 72.18, 177.5], [100.64, 13.31, 208.0, 259.39], [134.04, 223.62, 116.96, 146.44], [437.75, 151.12, 48.82, 131.78], [363.1, 144.52, 61.78, 139.76], [1, 174.46, 270.54, 102.56], [544.07, 184.6, 33.68, 26.5], [576.38, 190.57, 22.66, 23.3], [12.29, 150.63, 35.46, 131.29], [229.1, 187.02, 18.4, 31.01], [452.6, 169.9, 30.68, 52.64], [254.4, 180.69, 18.17, 41.24], [116.46, 161.59, 102.42, 117.37], [615.88, 192.76, 11.43, 18.62], [559.72, 164.73, 4.49, 8.69], [464.0, 64.89, 31.49, 34.45], [250.09, 146.96, 62.52, 33.38], [596.72, 152.13, 5.63, 9.4], [607.68, 191.86, 9.09, 16.53], [624.34, 295.07, 15.39, 12.64], [597.54, 192.09, 14.15, 15.22], [39.58, 149.12, 89.63, 28.66], [3.94, 169.24, 121.53, 110.05], [623.83, 202.15, 16.04, 105.43], [505.07, 66.38, 36.14, 32.87]]"
4722,/home/pi/sambashare/BacArbeit/cocoval2017/000000469828.jpg,3.1792373300013423,"['0: person', '10: fire hydrant']","[0, 10]","[0.8764937, 0.34729913]","[[132.59, 252.65, 76.91, 73.61], [464.57, 280.13, 25.34, 27.02]]"
4723,/home/pi/sambashare/BacArbeit/cocoval2017/000000001268.jpg,3.1843561840032635,"['0: person', '0: person', '14: bird', '0: person', '0: person', '26: handbag', '8: boat', '8: boat']","[0, 0, 14, 0, 0, 26, 8, 8]","[0.9240769, 0.9028527, 0.874913, 0.8021153, 0.77484065, 0.7414856, 0.7367707, 0.6426824]","[[402.07, 205.56, 66.34, 88.61], [496.9, 81.29, 143.1, 341.55], [190.45, 225.65, 76.54, 37.26], [21.87, 212.37, 54.81, 71.11], [1, 210.07, 23.99, 71.79], [493.42, 200.43, 100.99, 195.83], [1, 129.61, 104.58, 14.9], [126.36, 127.09, 138.66, 16.58]]"
4724,/home/pi/sambashare/BacArbeit/cocoval2017/000000551815.jpg,3.1866483859994332,['15: cat'],[15],[0.7043545],"[[12.12, 127.26, 626.28, 350.92]]"
4725,/home/pi/sambashare/BacArbeit/cocoval2017/000000417779.jpg,3.1797376480026287,"['10: fire hydrant', '2: car', '0: person', '2: car']","[10, 2, 0, 2]","[0.93960565, 0.8657538, 0.7727168, 0.66901135]","[[262.73, 200.29, 140.44, 278.49], [189.02, 100.05, 67.71, 42.13], [473.13, 86.95, 17.64, 41.28], [1, 106.78, 20.44, 57.32]]"
4726,/home/pi/sambashare/BacArbeit/cocoval2017/000000314914.jpg,3.1910474770011206,['7: truck'],[7],[0.8299657],"[[352.17, 266.89, 127.49, 108.45]]"
4727,/home/pi/sambashare/BacArbeit/cocoval2017/000000393056.jpg,3.1803747919984744,['0: person'],[0],[0.9117988],"[[271.39, 189.64, 60.94, 93.05]]"
4728,/home/pi/sambashare/BacArbeit/cocoval2017/000000261097.jpg,3.176137081001798,"['0: person', '0: person', '38: tennis racket', '0: person', '0: person', '0: person', '0: person', '0: person', '0: person', '0: person', '0: person']","[0, 0, 38, 0, 0, 0, 0, 0, 0, 0, 0]","[0.9341945, 0.75112116, 0.7312693, 0.621901, 0.5782158, 0.52478474, 0.49482068, 0.40955815, 0.37246656, 0.2954138, 0.2915279]","[[129.21, 187.71, 67.48, 236.59], [276.3, 447.04, 56.1, 52.28], [138.18, 324.48, 32.12, 70.66], [65.25, 214.75, 37.63, 61.88], [245.79, 184.75, 27.11, 31.35], [187.57, 181.44, 27.08, 35.0], [121.06, 202.56, 26.78, 34.2], [1.2, 411.26, 182.77, 87.65], [266.21, 183.61, 28.94, 41.76], [213.84, 211.35, 24.1, 25.62], [103.8, 191.53, 24.79, 30.64]]"
4729,/home/pi/sambashare/BacArbeit/cocoval2017/000000441553.jpg,3.181610014002217,"['0: person', '0: person', '0: person', '0: person', '0: person', '0: person', '0: person', '6: train', '0: person', '26: handbag', '9: traffic light', '0: person', '0: person', '0: person', '0: person']","[0, 0, 0, 0, 0, 0, 0, 6, 0, 26, 9, 0, 0, 0, 0]","[0.88177097, 0.86963254, 0.8631996, 0.8573384, 0.8238222, 0.80177015, 0.7810506, 0.7603709, 0.7187907, 0.6650795, 0.5594487, 0.52207446, 0.50922006, 0.39332345, 0.33816567]","[[337.94, 269.65, 47.4, 118.04], [398.13, 264.79, 41.54, 128.86], [226.01, 257.51, 36.66, 132.56], [155.85, 255.18, 52.24, 146.38], [262.64, 260.98, 52.74, 153.55], [554.49, 287.8, 64.05, 191.49], [439.44, 270.67, 43.88, 128.58], [2.89, 46.4, 331.75, 309.69], [313.58, 269.82, 37.33, 107.26], [188.6, 276.88, 16.78, 35.55], [504.57, 20.63, 49.77, 130.91], [369.5, 267.27, 35.04, 118.2], [513.52, 280.74, 50.37, 170.1], [473.52, 271.01, 33.74, 109.5], [495.6, 272.65, 40.31, 108.64]]"
4730,/home/pi/sambashare/BacArbeit/cocoval2017/000000370375.jpg,3.195907418998104,"['0: person', '34: baseball bat', '32: sports ball']","[0, 34, 32]","[0.89526534, 0.8350222, 0.25830126]","[[188.35, 91.67, 180.38, 542.83], [10.82, 191.23, 266.79, 119.33], [336.08, 314.0, 47.29, 66.11]]"
4731,/home/pi/sambashare/BacArbeit/cocoval2017/000000189698.jpg,3.1813024309994944,['7: truck'],[7],[0.9435438],"[[102.58, 293.08, 164.05, 127.79]]"
4732,/home/pi/sambashare/BacArbeit/cocoval2017/000000203931.jpg,3.170078098999511,"['0: person', '34: baseball bat', '0: person', '0: person', '0: person', '0: person', '0: person', '13: bench', '34: baseball bat', '0: person']","[0, 34, 0, 0, 0, 0, 0, 13, 34, 0]","[0.93943584, 0.7494968, 0.74281937, 0.7227749, 0.45561796, 0.39392778, 0.3227329, 0.31803864, 0.2679418, 0.25279433]","[[117.18, 189.56, 187.64, 405.32], [189.88, 111.2, 90.94, 90.97], [41.39, 374.89, 75.12, 71.25], [333.0, 300.05, 61.9, 132.16], [253.63, 365.12, 55.08, 71.1], [389.15, 258.23, 38.69, 106.05], [241.51, 302.81, 38.4, 92.56], [105.41, 397.46, 47.34, 40.56], [410.39, 352.12, 17.1, 26.55], [35.94, 256.61, 65.23, 40.52]]"
4733,/home/pi/sambashare/BacArbeit/cocoval2017/000000370270.jpg,3.1869485989991517,"['0: person', '0: person', '0: person', '32: sports ball', '45: bowl', '0: person', '32: sports ball']","[0, 0, 0, 32, 45, 0, 32]","[0.94376975, 0.87641233, 0.8449099, 0.73080707, 0.44468656, 0.33990118, 0.3381775]","[[86.44, 204.34, 104.76, 334.01], [289.96, 199.05, 187.49, 439.61], [1, 161.6, 65.93, 238.28], [166.0, 449.63, 61.05, 63.12], [290.18, 324.37, 29.95, 42.31], [199.84, 633.83, 11.25, 6.01], [106.1, 256.49, 27.01, 31.22]]"
4734,/home/pi/sambashare/BacArbeit/cocoval2017/000000054164.jpg,3.181512834999012,"['0: person', '37: surfboard']","[0, 37]","[0.9237375, 0.7451918]","[[183.54, 102.83, 142.37, 239.62], [138.17, 318.02, 122.91, 33.39]]"
4735,/home/pi/sambashare/BacArbeit/cocoval2017/000000236592.jpg,3.187974985998153,"['16: dog', '69: oven']","[16, 69]","[0.91130555, 0.49203232]","[[1.91, 166.17, 243.74, 312.9], [237.42, 30.06, 400.17, 446.4]]"
4736,/home/pi/sambashare/BacArbeit/cocoval2017/000000073533.jpg,3.1647204410000995,"['67: cell phone', '0: person', '0: person', '56: chair', '57: couch']","[67, 0, 0, 56, 57]","[0.78218126, 0.6859293, 0.6367587, 0.3588371, 0.2814272]","[[473.45, 368.64, 70.54, 35.26], [301.94, 38.77, 297.46, 393.87], [3.79, 35.37, 374.66, 441.73], [1, 455.83, 92.11, 23.88], [557.52, 247.18, 81.75, 150.57]]"
4737,/home/pi/sambashare/BacArbeit/cocoval2017/000000213830.jpg,3.191886444001284,"['0: person', '0: person', '38: tennis racket', '0: person', '38: tennis racket', '0: person', '0: person', '32: sports ball', '38: tennis racket']","[0, 0, 38, 0, 38, 0, 0, 32, 38]","[0.92283773, 0.9212358, 0.85929775, 0.82685626, 0.8160356, 0.8047684, 0.62768245, 0.4474626, 0.25466728]","[[225.49, 173.23, 84.58, 135.8], [275.37, 193.73, 115.69, 232.98], [362.2, 312.04, 56.22, 45.92], [1, 203.47, 37.65, 81.44], [203.68, 172.73, 26.67, 36.68], [413.17, 204.25, 25.31, 53.73], [491.99, 202.0, 16.52, 39.85], [394.18, 218.81, 13.71, 8.78], [413.07, 231.73, 10.59, 18.23]]"
4738,/home/pi/sambashare/BacArbeit/cocoval2017/000000376093.jpg,3.1674464659990917,"['0: person', '0: person', '0: person', '0: person', '0: person', '41: cup', '41: cup', '41: cup', '41: cup', '41: cup', '26: handbag', '41: cup', '45: bowl']","[0, 0, 0, 0, 0, 41, 41, 41, 41, 41, 26, 41, 45]","[0.93935937, 0.8900619, 0.8743325, 0.86777335, 0.79303104, 0.7334465, 0.7213149, 0.7158132, 0.60484135, 0.5944917, 0.5151758, 0.398654, 0.2719654]","[[416.9, 101.16, 167.5, 378.84], [69.64, 119.34, 193.28, 229.3], [167.35, 344.19, 147.1, 135.11], [222.36, 124.45, 154.34, 233.33], [1, 170.28, 92.21, 299.91], [312.61, 230.15, 26.03, 27.38], [296.67, 348.85, 25.93, 39.45], [355.88, 387.31, 23.67, 29.53], [420.67, 229.14, 24.28, 30.61], [355.49, 362.06, 24.98, 25.14], [65.11, 318.03, 137.52, 161.08], [420.7, 228.76, 24.32, 13.64], [224.24, 317.89, 69.19, 17.66]]"
4739,/home/pi/sambashare/BacArbeit/cocoval2017/000000506707.jpg,3.1704070849991695,"['0: person', '0: person', '0: person', '0: person', '0: person', '56: chair', '0: person', '2: car', '2: car', '0: person', '35: baseball glove']","[0, 0, 0, 0, 0, 56, 0, 2, 2, 0, 35]","[0.9161298, 0.9151369, 0.8911326, 0.87906206, 0.82918066, 0.6409455, 0.6036174, 0.5485092, 0.4464966, 0.4316665, 0.36245024]","[[27.41, 111.69, 111.71, 266.96], [460.21, 108.89, 135.92, 255.45], [572.79, 116.69, 66.53, 221.79], [273.49, 82.85, 88.54, 288.62], [153.84, 168.96, 98.08, 159.53], [1, 233.36, 32.97, 84.5], [337.95, 156.43, 45.18, 162.32], [129.43, 154.85, 147.98, 85.01], [1, 158.12, 37.6, 77.11], [353.85, 111.32, 95.34, 197.87], [622.2, 202.91, 17.46, 19.69]]"
4740,/home/pi/sambashare/BacArbeit/cocoval2017/000000006040.jpg,3.1950112390004506,"['6: train', '0: person', '7: truck', '0: person', '0: person', '0: person', '0: person', '0: person']","[6, 0, 7, 0, 0, 0, 0, 0]","[0.8443509, 0.63763833, 0.5446816, 0.42019707, 0.40542987, 0.2954521, 0.28598246, 0.27239823]","[[63.59, 81.23, 535.23, 228.41], [1, 180.56, 30.27, 38.18], [1, 168.96, 51.09, 47.06], [449.89, 180.58, 37.99, 38.44], [375.19, 202.6, 31.15, 22.51], [351.22, 201.69, 53.68, 28.85], [589.33, 197.14, 5.99, 3.49], [261.54, 197.53, 16.92, 25.37]]"
4741,/home/pi/sambashare/BacArbeit/cocoval2017/000000357742.jpg,3.1954517209996993,"['0: person', '24: backpack', '30: skis']","[0, 24, 30]","[0.89967984, 0.80049944, 0.65464085]","[[143.76, 433.7, 81.73, 152.38], [157.48, 447.18, 37.82, 59.11], [143.54, 561.81, 67.59, 60.29]]"
4742,/home/pi/sambashare/BacArbeit/cocoval2017/000000492905.jpg,3.1902196210030525,"['66: keyboard', '62: tv', '64: mouse', '64: mouse', '41: cup']","[66, 62, 64, 64, 41]","[0.89638036, 0.8524438, 0.47781485, 0.3238266, 0.2666941]","[[180.09, 123.55, 101.09, 22.08], [209.13, 32.71, 101.16, 74.15], [306.94, 135.47, 14.42, 16.19], [275.71, 134.56, 67.47, 28.18], [183.96, 85.35, 15.29, 35.78]]"
4743,/home/pi/sambashare/BacArbeit/cocoval2017/000000526256.jpg,3.18767109199689,"['74: clock', '74: clock', '74: clock']","[74, 74, 74]","[0.9272185, 0.80470085, 0.3224176]","[[168.59, 271.62, 89.97, 97.83], [497.89, 305.7, 38.64, 94.58], [137.87, 374.43, 132.98, 104.93]]"
4744,/home/pi/sambashare/BacArbeit/cocoval2017/000000366884.jpg,3.1844559919991298,"['0: person', '16: dog', '62: tv', '59: bed', '66: keyboard', '24: backpack', '0: person', '56: chair', '28: suitcase']","[0, 16, 62, 59, 66, 24, 0, 56, 28]","[0.9062078, 0.8307915, 0.8192148, 0.6602586, 0.5815442, 0.55731213, 0.5129043, 0.46173117, 0.40546116]","[[417.43, 177.33, 76.68, 109.99], [296.64, 395.28, 101.64, 84.72], [432.39, 163.41, 47.84, 35.06], [144.11, 309.76, 343.55, 169.43], [1, 252.84, 129.19, 34.79], [311.7, 270.52, 51.9, 41.4], [87.71, 444.74, 92.69, 34.7], [408.82, 195.28, 54.97, 97.93], [110.88, 229.53, 71.13, 116.82]]"
4745,/home/pi/sambashare/BacArbeit/cocoval2017/000000151962.jpg,3.1932700899997144,"['16: dog', '2: car']","[16, 2]","[0.87534004, 0.49990755]","[[344.17, 240.36, 104.14, 121.96], [43.46, 68.12, 502.43, 409.79]]"
4746,/home/pi/sambashare/BacArbeit/cocoval2017/000000554735.jpg,3.182654766002088,"['0: person', '53: pizza', '59: bed', '73: book']","[0, 53, 59, 73]","[0.8157524, 0.49110132, 0.30199298, 0.27301314]","[[1.55, 87.64, 333.5, 389.82], [202.61, 63.97, 388.63, 331.66], [1, 14.59, 625.64, 458.69], [612.47, 134.2, 27.35, 53.25]]"
4747,/home/pi/sambashare/BacArbeit/cocoval2017/000000336265.jpg,3.1843843959977676,"['0: person', '29: frisbee']","[0, 29]","[0.864964, 0.7922644]","[[241.99, 301.38, 31.68, 60.95], [287.87, 301.72, 28.47, 8.88]]"
4748,/home/pi/sambashare/BacArbeit/cocoval2017/000000363207.jpg,3.180007637001836,"['0: person', '0: person', '45: bowl', '0: person', '55: cake', '0: person', '0: person', '0: person', '41: cup', '40: wine glass', '55: cake', '55: cake', '45: bowl', '0: person', '55: cake', '60: dining table', '60: dining table']","[0, 0, 45, 0, 55, 0, 0, 0, 41, 40, 55, 55, 45, 0, 55, 60, 60]","[0.8939215, 0.8561033, 0.83394736, 0.82185555, 0.80467963, 0.7933617, 0.64290065, 0.6272534, 0.4858467, 0.48087412, 0.45087415, 0.43500113, 0.39822355, 0.39022943, 0.37274262, 0.34146553, 0.31661004]","[[323.03, 171.31, 93.74, 188.12], [417.04, 250.41, 61.01, 92.1], [120.39, 397.99, 86.15, 51.42], [480.83, 328.6, 158.38, 150.38], [422.34, 316.09, 90.04, 52.05], [482.87, 273.25, 39.13, 49.96], [267.92, 140.13, 77.75, 199.95], [458.87, 158.77, 181.13, 308.5], [450.5, 361.38, 19.64, 29.43], [375.15, 337.24, 15.85, 33.9], [239.15, 176.33, 70.43, 103.24], [215.81, 317.08, 113.55, 50.62], [383.06, 354.44, 48.06, 29.93], [331.38, 163.16, 24.95, 48.83], [232.93, 279.88, 84.23, 43.81], [154.42, 335.88, 241.56, 118.99], [59.48, 345.65, 443.34, 132.92]]"
4749,/home/pi/sambashare/BacArbeit/cocoval2017/000000248334.jpg,3.190850949002197,"['0: person', '0: person', '8: boat', '0: person', '0: person', '0: person', '0: person']","[0, 0, 8, 0, 0, 0, 0]","[0.8651886, 0.61925584, 0.57097274, 0.52415174, 0.517149, 0.38080877, 0.3066335]","[[330.3, 170.62, 61.04, 52.56], [413.87, 181.75, 38.84, 35.24], [193.75, 61.3, 306.14, 217.41], [449.98, 188.8, 45.25, 39.26], [387.84, 191.5, 16.89, 28.14], [468.61, 187.7, 22.24, 31.38], [434.88, 187.13, 40.82, 31.65]]"
4750,/home/pi/sambashare/BacArbeit/cocoval2017/000000293071.jpg,3.1996610080022947,"['10: fire hydrant', '2: car', '2: car', '2: car']","[10, 2, 2, 2]","[0.9441423, 0.939275, 0.9287044, 0.905975]","[[82.24, 246.74, 84.07, 229.39], [1, 152.26, 89.32, 66.57], [72.46, 148.88, 204.61, 81.97], [275.37, 181.55, 59.23, 57.39]]"
4751,/home/pi/sambashare/BacArbeit/cocoval2017/000000099810.jpg,3.1864792899978056,"['56: chair', '60: dining table', '43: knife', '56: chair']","[56, 60, 43, 56]","[0.6430633, 0.5125409, 0.4737761, 0.37173262]","[[72.08, 1, 295.51, 331], [222.4, 237.43, 271.69, 93.85], [326.93, 164.99, 18.74, 39.16], [28.15, 109.93, 114.81, 218.9]]"
4752,/home/pi/sambashare/BacArbeit/cocoval2017/000000479596.jpg,3.181805483000062,['47: apple'],[47],[0.35474694],"[[1.4, 69.41, 636.39, 352.06]]"
4753,/home/pi/sambashare/BacArbeit/cocoval2017/000000213255.jpg,3.1832960129977437,"['0: person', '2: car', '39: bottle', '2: car', '2: car', '39: bottle', '2: car', '39: bottle', '41: cup', '2: car', '39: bottle', '41: cup', '41: cup', '39: bottle', '2: car', '9: traffic light']","[0, 2, 39, 2, 2, 39, 2, 39, 41, 2, 39, 41, 41, 39, 2, 9]","[0.9509232, 0.9119026, 0.8966716, 0.8863355, 0.8749032, 0.87233526, 0.7896048, 0.74407, 0.659717, 0.40946165, 0.36291635, 0.30432054, 0.28934327, 0.2729129, 0.27130955, 0.25874224]","[[1.44, 23.77, 221.88, 613.99], [191.58, 138.74, 151.86, 84.03], [182.97, 404.21, 50.72, 127.63], [387.62, 131.46, 48.78, 38.72], [116.77, 135.14, 89.89, 68.17], [228.26, 401.99, 50.87, 132.4], [331.36, 134.57, 54.04, 33.14], [275.56, 403.99, 48.67, 133.0], [287.17, 379.98, 34.92, 52.08], [465.39, 131.42, 14.01, 21.21], [356.91, 370.61, 18.53, 22.93], [318.03, 392.58, 32.11, 52.62], [342.54, 393.52, 33.83, 55.58], [374.86, 365.02, 20.72, 32.03], [429.63, 122.23, 37.24, 36.95], [373.67, 106.31, 7.48, 10.22]]"
4754,/home/pi/sambashare/BacArbeit/cocoval2017/000000003553.jpg,3.1765250650023518,"['36: skateboard', '0: person', '0: person', '13: bench']","[36, 0, 0, 13]","[0.8681992, 0.6712874, 0.31618032, 0.29413643]","[[182.4, 265.56, 185.94, 102.04], [155.96, 1.14, 263.19, 287.03], [570.29, 132.14, 69.22, 178.91], [372.71, 17.01, 206.68, 144.7]]"
4755,/home/pi/sambashare/BacArbeit/cocoval2017/000000151857.jpg,3.1806009200008702,"['6: train', '6: train']","[6, 6]","[0.795394, 0.45177883]","[[82.08, 55.81, 554.52, 373.79], [1, 256.47, 84.08, 124.45]]"
4756,/home/pi/sambashare/BacArbeit/cocoval2017/000000325306.jpg,3.1843776649984648,"['22: zebra', '22: zebra']","[22, 22]","[0.92169356, 0.43031496]","[[142.84, 32.16, 361.99, 443.98], [595.06, 117.1, 44.34, 221.8]]"
4757,/home/pi/sambashare/BacArbeit/cocoval2017/000000494188.jpg,3.197144963000028,"['0: person', '14: bird', '0: person', '26: handbag', '0: person', '25: umbrella', '0: person', '16: dog', '0: person', '56: chair', '25: umbrella']","[0, 14, 0, 26, 0, 25, 0, 16, 0, 56, 25]","[0.9438588, 0.940144, 0.90096635, 0.8294547, 0.81142277, 0.5732668, 0.49209297, 0.4608142, 0.41611123, 0.38559386, 0.25469223]","[[251.88, 78.42, 89.64, 260.54], [124.98, 375.98, 246.5, 252.99], [191.53, 123.89, 61.03, 219.18], [252.22, 238.15, 38.87, 72.54], [337.96, 233.66, 16.95, 60.22], [432.16, 210.44, 28.66, 54.91], [385.24, 247.96, 16.49, 23.93], [1, 49.43, 68.92, 169.9], [89.43, 1, 142.84, 240.87], [1.04, 21.09, 232.72, 588.77], [364.13, 221.95, 23.62, 50.18]]"
4758,/home/pi/sambashare/BacArbeit/cocoval2017/000000404191.jpg,3.1830776460010384,"['63: laptop', '59: bed']","[63, 59]","[0.7348984, 0.36090994]","[[35.33, 28.78, 319.63, 470.27], [176.67, 460.99, 166.96, 38.72]]"
4759,/home/pi/sambashare/BacArbeit/cocoval2017/000000257084.jpg,3.176152162002836,"['0: person', '36: skateboard', '36: skateboard', '0: person', '0: person', '0: person', '56: chair', '0: person', '0: person', '0: person']","[0, 36, 36, 0, 0, 0, 56, 0, 0, 0]","[0.92030615, 0.8421222, 0.83867395, 0.7988673, 0.77060735, 0.58571565, 0.53145766, 0.50864434, 0.46044904, 0.29907626]","[[164.07, 1, 171.6, 184.98], [205.2, 156.61, 181.6, 65.38], [418.69, 159.32, 81.03, 43.77], [363.14, 1, 88.84, 187.34], [309.6, 1, 78.9, 171.72], [170.83, 114.47, 24.6, 76.04], [121.35, 175.97, 37.02, 43.89], [433.07, 1, 66.54, 188.21], [120.26, 157.61, 66.96, 43.89], [129.41, 123.69, 30.31, 49.39]]"
4760,/home/pi/sambashare/BacArbeit/cocoval2017/000000329323.jpg,3.1871608449982887,"['0: person', '0: person', '0: person', '0: person', '0: person', '0: person', '0: person', '0: person', '0: person', '24: backpack', '27: tie', '0: person', '0: person', '0: person', '0: person', '24: backpack', '0: person', '24: backpack', '0: person', '0: person', '0: person']","[0, 0, 0, 0, 0, 0, 0, 0, 0, 24, 27, 0, 0, 0, 0, 24, 0, 24, 0, 0, 0]","[0.88662785, 0.7843041, 0.76230305, 0.7570273, 0.73220426, 0.71178544, 0.6688388, 0.6541441, 0.65171313, 0.6073957, 0.5187297, 0.48819095, 0.47796795, 0.4665318, 0.45288965, 0.44880897, 0.41828012, 0.37676555, 0.37021667, 0.3492638, 0.29723307]","[[345.46, 77.27, 79.31, 213.43], [226.78, 95.51, 82.61, 144.03], [70.39, 12.48, 88.88, 241.16], [303.97, 38.37, 52.98, 113.15], [45.89, 49.37, 50.93, 300.07], [1, 449.1, 109.51, 190.9], [323.33, 232.54, 81.05, 76.97], [95.6, 45.48, 161.89, 256.18], [248.27, 41.68, 80.91, 103.82], [121.09, 575.2, 78.69, 64.78], [172.23, 131.96, 32.55, 100.59], [1, 91.1, 67.01, 381.49], [398.57, 73.91, 26.35, 54.68], [292.89, 140.34, 71.13, 125.97], [255.02, 222.21, 79.67, 128.3], [285.94, 288.36, 137.46, 330.7], [380.81, 45.61, 35.3, 48.6], [204.52, 584.6, 160.21, 55.38], [49.22, 273.96, 177.06, 226.69], [139.75, 46.84, 42.86, 60.98], [2.47, 44.36, 66.07, 170.15]]"
4761,/home/pi/sambashare/BacArbeit/cocoval2017/000000008211.jpg,3.194193142997392,"['0: person', '3: motorcycle', '0: person', '3: motorcycle', '56: chair', '9: traffic light']","[0, 3, 0, 3, 56, 9]","[0.90805733, 0.90262353, 0.9025964, 0.83557975, 0.33827102, 0.3138642]","[[325.69, 203.06, 80.39, 147.72], [139.66, 159.53, 125.14, 152.78], [411.68, 181.69, 68.32, 164.05], [7.21, 165.45, 161.63, 145.85], [328.04, 292.39, 52.7, 50.0], [399.37, 1, 30.85, 29.94]]"
4762,/home/pi/sambashare/BacArbeit/cocoval2017/000000216739.jpg,3.1710079189979297,"['23: giraffe', '14: bird']","[23, 14]","[0.9474474, 0.3763792]","[[1, 49.66, 428.26, 373.72], [1, 304.72, 15.59, 30.47]]"
4763,/home/pi/sambashare/BacArbeit/cocoval2017/000000085376.jpg,3.1920464739996532,"['2: car', '2: car', '2: car', '3: motorcycle', '2: car', '2: car', '0: person', '2: car', '2: car', '2: car', '2: car', '2: car']","[2, 2, 2, 3, 2, 2, 0, 2, 2, 2, 2, 2]","[0.94582903, 0.897316, 0.88015574, 0.8516987, 0.8413529, 0.75422436, 0.6981245, 0.6727285, 0.3739983, 0.36616525, 0.2688704, 0.25070035]","[[246.59, 314.89, 196.87, 115.48], [419.0, 322.05, 60.94, 100.31], [1, 366.46, 90.88, 93.14], [13.34, 403.95, 330.07, 224.27], [167.71, 330.79, 97.62, 64.22], [33.83, 318.56, 159.65, 62.78], [1, 298.95, 17.58, 64.41], [133.74, 315.37, 69.94, 28.22], [10.32, 314.42, 62.36, 50.09], [204.35, 325.7, 77.41, 23.37], [239.83, 330.8, 41.43, 18.29], [132.26, 327.24, 63.88, 47.78]]"
4764,/home/pi/sambashare/BacArbeit/cocoval2017/000000398377.jpg,3.1896520420013985,"['0: person', '0: person', '26: handbag', '26: handbag', '26: handbag', '0: person', '26: handbag', '13: bench', '67: cell phone', '73: book', '0: person']","[0, 0, 26, 26, 26, 0, 26, 13, 67, 73, 0]","[0.87766385, 0.8242506, 0.66471213, 0.6507071, 0.5373093, 0.5081741, 0.40387005, 0.38703087, 0.37016466, 0.32648778, 0.32425204]","[[1, 79.11, 171.87, 290.44], [161.33, 79.14, 207.85, 289.09], [3.02, 225.48, 152.61, 85.53], [311.31, 166.1, 144.8, 76.58], [161.91, 190.81, 102.73, 111.35], [290.64, 37.61, 169.37, 307.99], [445.85, 163.96, 54.08, 82.76], [4.73, 171.22, 490.2, 199.9], [16.81, 129.12, 14.78, 19.26], [47.13, 223.32, 58.95, 20.88], [468.74, 33.29, 31.24, 144.27]]"
4765,/home/pi/sambashare/BacArbeit/cocoval2017/000000012062.jpg,3.1936004550007056,"['18: sheep', '18: sheep', '18: sheep', '18: sheep', '18: sheep']","[18, 18, 18, 18, 18]","[0.83535373, 0.7598555, 0.5732591, 0.42124438, 0.41318098]","[[129.79, 68.97, 436.03, 217.28], [600.61, 56.56, 38.77, 75.43], [346.89, 245.53, 292.48, 180.74], [157.49, 286.65, 297.12, 139.5], [1, 183.11, 413.27, 243.4]]"
4766,/home/pi/sambashare/BacArbeit/cocoval2017/000000133645.jpg,3.176214825001807,"['13: bench', '8: boat', '8: boat', '14: bird', '8: boat', '13: bench']","[13, 8, 8, 14, 8, 13]","[0.8750262, 0.79499155, 0.79358613, 0.5591625, 0.34843156, 0.26146522]","[[397.6, 315.72, 107.59, 93.1], [290.57, 123.87, 58.92, 23.83], [211.09, 155.79, 138.37, 139.35], [462.97, 274.62, 6.17, 7.79], [362.37, 95.3, 36.82, 50.42], [1, 267.65, 17.46, 28.57]]"
4767,/home/pi/sambashare/BacArbeit/cocoval2017/000000569565.jpg,3.196896421999554,"['7: truck', '7: truck']","[7, 7]","[0.91482455, 0.84548914]","[[473.24, 230.08, 148.04, 62.17], [97.37, 187.53, 358.99, 129.82]]"
4768,/home/pi/sambashare/BacArbeit/cocoval2017/000000097278.jpg,3.163609818999248,"['0: person', '31: snowboard']","[0, 31]","[0.9202321, 0.50419253]","[[79.88, 82.26, 252.36, 497.72], [2.64, 527.1, 407.81, 64.68]]"
4769,/home/pi/sambashare/BacArbeit/cocoval2017/000000036936.jpg,3.188370641997608,"['67: cell phone', '41: cup', '62: tv', '39: bottle', '41: cup', '41: cup', '41: cup', '41: cup', '41: cup', '41: cup', '0: person', '41: cup', '41: cup', '41: cup', '41: cup', '39: bottle', '41: cup', '75: vase', '40: wine glass', '41: cup', '58: potted plant', '41: cup', '0: person', '57: couch', '26: handbag', '75: vase', '57: couch', '41: cup']","[67, 41, 62, 39, 41, 41, 41, 41, 41, 41, 0, 41, 41, 41, 41, 39, 41, 75, 40, 41, 58, 41, 0, 57, 26, 75, 57, 41]","[0.89367974, 0.87326294, 0.8206825, 0.81889164, 0.74813586, 0.6912703, 0.68698555, 0.6862895, 0.63931173, 0.63866174, 0.5994623, 0.5821474, 0.5006772, 0.49595603, 0.45730346, 0.43075165, 0.42909756, 0.42716727, 0.41441348, 0.41371733, 0.3616358, 0.34839255, 0.32700625, 0.31905136, 0.3041118, 0.28058934, 0.25719193, 0.25637573]","[[251.18, 375.38, 35.56, 28.62], [326.97, 296.73, 29.26, 35.85], [81.73, 85.55, 107.01, 96.75], [222.17, 307.99, 47.75, 72.51], [56.81, 305.93, 16.97, 21.77], [112.31, 306.02, 16.72, 20.9], [150.98, 290.01, 27.88, 34.31], [86.8, 307.15, 15.78, 23.64], [150.37, 316.25, 21.49, 29.15], [299.63, 278.63, 27.66, 36.43], [336.27, 45.07, 247.32, 297.62], [95.44, 288.12, 21.72, 17.18], [69.24, 303.67, 17.88, 24.69], [277.51, 321.02, 41.4, 40.37], [128.13, 307.9, 18.56, 21.76], [308.44, 372.4, 46.49, 30.05], [99.47, 306.24, 16.97, 21.01], [185.62, 280.24, 44.85, 68.04], [133.76, 293.35, 16.97, 11.03], [114.57, 288.13, 20.61, 14.93], [163.75, 187.12, 120.96, 161.12], [125.04, 300.82, 15.69, 9.22], [326.46, 91.53, 156.54, 185.19], [242.25, 117.44, 397.75, 270.53], [1, 309.12, 36.58, 91.56], [182.37, 263.76, 95.21, 84.98], [237.84, 125.11, 173.77, 158.1], [117.6, 289.87, 33.34, 14.29]]"
4770,/home/pi/sambashare/BacArbeit/cocoval2017/000000195165.jpg,3.1859345979974023,"['71: sink', '61: toilet', '45: bowl', '39: bottle', '41: cup', '39: bottle', '39: bottle', '41: cup', '39: bottle', '41: cup']","[71, 61, 45, 39, 41, 39, 39, 41, 39, 41]","[0.8519671, 0.78825074, 0.7190935, 0.6983896, 0.6727432, 0.5828358, 0.43165764, 0.42109305, 0.31028557, 0.28331292]","[[352.11, 289.2, 144.31, 41.56], [1, 351.17, 67.45, 115.94], [490.52, 275.35, 68.07, 42.75], [374.18, 242.72, 19.72, 49.15], [501.07, 331.64, 35.37, 24.11], [328.07, 267.83, 20.94, 44.33], [454.56, 248.52, 24.02, 52.19], [503.91, 225.69, 20.05, 19.45], [343.07, 186.64, 15.73, 43.78], [525.77, 327.74, 26.99, 16.92]]"
4771,/home/pi/sambashare/BacArbeit/cocoval2017/000000007278.jpg,3.1724798920004105,"['0: person', '37: surfboard']","[0, 37]","[0.9074232, 0.7749203]","[[190.78, 60.48, 124.3, 94.86], [283.5, 57.28, 50.95, 60.55]]"
4772,/home/pi/sambashare/BacArbeit/cocoval2017/000000570834.jpg,3.171829011000227,"['0: person', '1: bicycle', '1: bicycle', '1: bicycle', '1: bicycle', '1: bicycle', '1: bicycle', '1: bicycle', '1: bicycle']","[0, 1, 1, 1, 1, 1, 1, 1, 1]","[0.90364814, 0.83316576, 0.7993898, 0.7134709, 0.6533984, 0.56229454, 0.5442283, 0.41348848, 0.27451524]","[[185.41, 168.63, 69.98, 181.94], [391.52, 259.96, 75.18, 151.73], [274.21, 264.35, 73.4, 156.85], [330.75, 262.53, 69.7, 162.36], [169.3, 227.28, 29.02, 60.19], [244.22, 225.66, 42.61, 66.34], [149.73, 189.53, 33.66, 48.56], [261.45, 221.7, 60.02, 70.0], [292.56, 221.65, 35.93, 43.74]]"
4773,/home/pi/sambashare/BacArbeit/cocoval2017/000000030675.jpg,3.1882240699997055,['6: train'],[6],[0.90627074],"[[150.48, 139.26, 487.03, 160.51]]"
4774,/home/pi/sambashare/BacArbeit/cocoval2017/000000233370.jpg,3.174128765000205,"['28: suitcase', '0: person']","[28, 0]","[0.63460195, 0.42956215]","[[76.15, 276.2, 295.18, 160.31], [72.94, 374.76, 346.33, 172.31]]"
4775,/home/pi/sambashare/BacArbeit/cocoval2017/000000213422.jpg,3.180892936001328,"['59: bed', '56: chair', '65: remote']","[59, 56, 65]","[0.8782666, 0.62372845, 0.61936206]","[[1.12, 158.59, 549.28, 267.16], [48.97, 164.7, 55.47, 60.42], [586.05, 243.44, 33.97, 26.49]]"
4776,/home/pi/sambashare/BacArbeit/cocoval2017/000000534394.jpg,3.191281381998124,"['18: sheep', '18: sheep', '18: sheep', '18: sheep', '18: sheep', '18: sheep', '2: car', '18: sheep', '18: sheep', '18: sheep', '18: sheep', '18: sheep', '18: sheep', '18: sheep', '18: sheep']","[18, 18, 18, 18, 18, 18, 2, 18, 18, 18, 18, 18, 18, 18, 18]","[0.85804796, 0.8460738, 0.8135896, 0.7983667, 0.7900371, 0.76772684, 0.7189378, 0.6959407, 0.6463712, 0.6223652, 0.5562371, 0.537799, 0.41876724, 0.27918673, 0.26072428]","[[8.21, 178.79, 63.78, 48.89], [323.92, 170.22, 50.69, 32.63], [139.8, 183.57, 74.14, 44.34], [387.23, 159.57, 54.23, 32.26], [68.04, 180.72, 67.83, 44.45], [279.31, 168.93, 48.56, 41.92], [1, 229.95, 81.97, 113.18], [119.96, 167.24, 60.23, 19.17], [93.95, 179.95, 48.64, 35.58], [362.88, 156.87, 34.39, 33.65], [177.34, 168.02, 49.09, 20.39], [332.24, 153.91, 38.93, 19.78], [79.19, 165.8, 32.13, 17.27], [1, 183.87, 9.19, 29.72], [185.61, 185.27, 48.39, 41.92]]"
4777,/home/pi/sambashare/BacArbeit/cocoval2017/000000551304.jpg,3.185164006001287,['61: toilet'],[61],[0.54949737],"[[149.48, 76.94, 209.95, 524.96]]"
4778,/home/pi/sambashare/BacArbeit/cocoval2017/000000553664.jpg,3.192326955999306,"['63: laptop', '64: mouse', '63: laptop', '57: couch', '73: book', '67: cell phone', '66: keyboard']","[63, 64, 63, 57, 73, 67, 66]","[0.9381337, 0.869232, 0.68871194, 0.36893663, 0.31879425, 0.2919086, 0.28618592]","[[272.04, 142.11, 287.18, 183.65], [427.43, 246.45, 69.86, 16.98], [96.68, 253.9, 144.81, 30.25], [1, 167.66, 198.27, 61.98], [126.91, 250.37, 86.23, 17.49], [489.89, 326.02, 103.86, 29.9], [403.87, 275.68, 84.72, 34.29]]"
4779,/home/pi/sambashare/BacArbeit/cocoval2017/000000443844.jpg,3.180037279998942,"['0: person', '13: bench', '36: skateboard']","[0, 13, 36]","[0.9262378, 0.88563037, 0.78509927]","[[467.31, 49.96, 106.12, 242.23], [348.27, 244.5, 149.09, 123.39], [483.28, 269.13, 68.66, 31.85]]"
4780,/home/pi/sambashare/BacArbeit/cocoval2017/000000225670.jpg,3.186937295999087,"['16: dog', '29: frisbee']","[16, 29]","[0.9422835, 0.8497701]","[[253.84, 143.89, 146.72, 89.33], [438.49, 158.26, 30.35, 19.5]]"
4781,/home/pi/sambashare/BacArbeit/cocoval2017/000000463037.jpg,3.1835276000019803,['4: airplane'],[4],[0.6457374],"[[2.48, 89.1, 606.35, 324.73]]"
4782,/home/pi/sambashare/BacArbeit/cocoval2017/000000078565.jpg,3.1864140939978824,"['16: dog', '0: person', '8: boat', '0: person', '0: person', '8: boat', '0: person', '8: boat', '0: person', '0: person', '8: boat', '8: boat', '0: person', '8: boat', '0: person', '0: person', '0: person', '8: boat', '8: boat', '8: boat', '0: person', '0: person', '8: boat', '8: boat', '8: boat']","[16, 0, 8, 0, 0, 8, 0, 8, 0, 0, 8, 8, 0, 8, 0, 0, 0, 8, 8, 8, 0, 0, 8, 8, 8]","[0.8595569, 0.8418335, 0.83953226, 0.8329477, 0.7549593, 0.74249786, 0.7217209, 0.69292176, 0.65179795, 0.6016542, 0.58450484, 0.50550383, 0.4865614, 0.4780294, 0.458573, 0.45209846, 0.45185766, 0.42523637, 0.42486277, 0.4243868, 0.3662011, 0.3467877, 0.31503093, 0.28732133, 0.28090018]","[[200.18, 307.21, 33.41, 19.18], [469.1, 286.79, 20.27, 57.62], [201.8, 193.54, 52.88, 72.54], [405.7, 265.21, 31.29, 81.05], [497.44, 262.52, 18.23, 75.29], [256.79, 175.93, 92.83, 96.51], [346.47, 250.32, 17.23, 32.99], [467.29, 187.91, 100.56, 79.05], [569.62, 244.71, 12.05, 22.68], [333.17, 247.66, 10.18, 27.17], [52.21, 200.89, 64.29, 56.85], [183.11, 212.2, 27.38, 27.85], [292.74, 252.8, 10.14, 31.65], [51.78, 243.57, 64.29, 14.22], [488.41, 264.41, 21.56, 72.95], [315.24, 252.07, 10.7, 18.63], [239.13, 246.34, 12.07, 17.52], [274.81, 269.72, 64.82, 13.7], [601.94, 220.04, 12.0, 16.24], [357.44, 227.63, 20.06, 6.32], [476.24, 249.81, 10.83, 13.6], [559.03, 244.81, 8.56, 22.88], [528.69, 252.49, 38.0, 16.64], [441.21, 229.52, 17.19, 4.88], [1, 229.68, 2.94, 15.23]]"
4783,/home/pi/sambashare/BacArbeit/cocoval2017/000000430875.jpg,3.1808071230007045,"['9: traffic light', '9: traffic light']","[9, 9]","[0.8593443, 0.64674705]","[[372.25, 272.85, 32.82, 66.65], [195.85, 270.55, 51.48, 65.56]]"
4784,/home/pi/sambashare/BacArbeit/cocoval2017/000000568690.jpg,3.185796891000791,"['15: cat', '61: toilet']","[15, 61]","[0.92440665, 0.7267303]","[[135.26, 186.05, 146.43, 136.15], [94.63, 276.68, 323.82, 360.54]]"
4785,/home/pi/sambashare/BacArbeit/cocoval2017/000000479912.jpg,3.191918402000738,"['7: truck', '4: airplane', '4: airplane', '0: person', '0: person', '0: person']","[7, 4, 4, 0, 0, 0]","[0.85102916, 0.66689694, 0.5518352, 0.55082077, 0.47766548, 0.45592117]","[[428.03, 503.25, 49.69, 121.66], [1.52, 221.82, 321.76, 231.1], [114.07, 260.25, 44.83, 17.22], [116.66, 335.88, 4.88, 14.41], [90.56, 342.32, 4.56, 13.14], [127.24, 331.36, 4.53, 13.86]]"
4786,/home/pi/sambashare/BacArbeit/cocoval2017/000000558558.jpg,3.19083598999714,"['2: car', '2: car', '9: traffic light', '9: traffic light', '9: traffic light']","[2, 2, 9, 9, 9]","[0.66864544, 0.4158526, 0.343077, 0.27022654, 0.2612287]","[[531.89, 285.35, 107.1, 40.32], [504.36, 294.67, 43.33, 37.6], [259.61, 181.44, 23.8, 32.11], [82.4, 181.76, 23.71, 26.27], [198.35, 181.83, 22.52, 29.28]]"
4787,/home/pi/sambashare/BacArbeit/cocoval2017/000000545219.jpg,3.188001651997183,"['0: person', '0: person', '0: person', '0: person', '5: bus', '0: person', '26: handbag', '5: bus', '5: bus']","[0, 0, 0, 0, 5, 0, 26, 5, 5]","[0.9316579, 0.872941, 0.8723187, 0.5611354, 0.37110206, 0.33560738, 0.32086486, 0.30294243, 0.29512298]","[[129.34, 268.84, 171.18, 210.28], [26.5, 267.21, 64.35, 178.64], [260.74, 300.43, 103.27, 178.83], [484.02, 277.76, 94.06, 201.31], [118.3, 95.53, 455.26, 362.89], [574.61, 459.22, 55.1, 20.69], [17.47, 297.54, 27.68, 71.66], [541.57, 174.8, 97.86, 258.28], [115.79, 118.58, 252.75, 241.65]]"
4788,/home/pi/sambashare/BacArbeit/cocoval2017/000000100582.jpg,3.1864446879990282,['53: pizza'],[53],[0.41496807],"[[1, 7.47, 638.13, 404.55]]"
4789,/home/pi/sambashare/BacArbeit/cocoval2017/000000017905.jpg,3.1793359869989217,"['9: traffic light', '0: person']","[9, 0]","[0.9184317, 0.9110686]","[[206.49, 107.97, 97.53, 202.7], [79.9, 227.03, 124.2, 370.74]]"
4790,/home/pi/sambashare/BacArbeit/cocoval2017/000000047571.jpg,3.1851621540008637,"['17: horse', '0: person', '0: person']","[17, 0, 0]","[0.9468903, 0.91538215, 0.7719341]","[[295.0, 159.86, 286.21, 202.83], [178.86, 114.99, 76.48, 159.01], [120.96, 131.28, 64.78, 91.81]]"
4791,/home/pi/sambashare/BacArbeit/cocoval2017/000000214720.jpg,3.180354289997922,"['57: couch', '58: potted plant', '56: chair', '43: knife', '0: person', '76: scissors', '0: person', '58: potted plant', '60: dining table', '67: cell phone', '62: tv', '58: potted plant', '73: book', '44: spoon', '73: book', '73: book', '39: bottle', '42: fork', '73: book']","[57, 58, 56, 43, 0, 76, 0, 58, 60, 67, 62, 58, 73, 44, 73, 73, 39, 42, 73]","[0.88057256, 0.77542025, 0.7176981, 0.67296803, 0.67217296, 0.55465406, 0.5026039, 0.48183817, 0.4426011, 0.4241946, 0.4196746, 0.41183168, 0.37659186, 0.30804685, 0.28552377, 0.2778089, 0.26790825, 0.26474676, 0.25362232]","[[173.53, 120.26, 200.8, 100.96], [140.0, 24.34, 61.13, 133.2], [261.06, 220.82, 89.57, 88.53], [102.26, 362.43, 98.37, 40.38], [18.16, 191.73, 293.42, 143.48], [20.83, 369.35, 67.31, 26.2], [283.48, 49.86, 17.03, 19.18], [297.82, 6.64, 77.18, 127.17], [2.28, 308.48, 371.19, 190.55], [33.92, 323.82, 29.17, 31.93], [226.34, 69.91, 83.3, 55.23], [226.0, 33.54, 27.42, 39.19], [1, 252.13, 38.75, 25.53], [26.33, 352.51, 63.53, 20.05], [332.27, 202.06, 42.65, 16.81], [1, 287.3, 39.75, 29.53], [87.34, 438.78, 35.55, 61.22], [159.23, 364.22, 71.38, 28.65], [1, 251.33, 39.17, 61.78]]"
4792,/home/pi/sambashare/BacArbeit/cocoval2017/000000082812.jpg,3.1904084970010445,"['0: person', '0: person', '0: person', '6: train', '0: person', '28: suitcase', '0: person', '0: person', '0: person', '0: person', '28: suitcase', '0: person', '28: suitcase', '0: person', '0: person', '0: person', '0: person', '26: handbag', '0: person']","[0, 0, 0, 6, 0, 28, 0, 0, 0, 0, 28, 0, 28, 0, 0, 0, 0, 26, 0]","[0.8906044, 0.88397324, 0.8584392, 0.71590316, 0.6507437, 0.598589, 0.5788325, 0.48086202, 0.46572602, 0.46559277, 0.3887482, 0.36121574, 0.3576187, 0.35456863, 0.34750676, 0.30196258, 0.2650658, 0.2598592, 0.25911087]","[[586.29, 179.38, 53.51, 138.44], [502.61, 194.56, 70.29, 126.77], [345.72, 229.09, 75.9, 130.45], [1, 222.25, 333.8, 137.16], [243.15, 262.08, 46.24, 97.7], [476.16, 252.32, 24.86, 32.25], [300.62, 250.32, 40.11, 109.21], [326.43, 241.03, 26.41, 74.71], [457.71, 204.26, 25.43, 65.65], [376.59, 222.92, 17.73, 35.23], [427.16, 300.46, 49.66, 50.53], [391.53, 224.03, 20.17, 42.65], [506.1, 250.69, 39.48, 63.9], [415.18, 220.14, 15.22, 23.82], [418.57, 223.89, 38.12, 61.23], [477.33, 207.77, 30.5, 76.47], [478.59, 208.05, 23.87, 40.47], [241.09, 320.9, 33.48, 39.1], [6.15, 308.06, 23.47, 34.1]]"
4793,/home/pi/sambashare/BacArbeit/cocoval2017/000000003501.jpg,3.174838193001051,"['50: broccoli', '50: broccoli', '45: bowl']","[50, 50, 45]","[0.72686034, 0.68661445, 0.310124]","[[71.57, 175.67, 183.2, 186.0], [122.66, 66.83, 132.07, 149.69], [2.75, 8.39, 604.96, 600.37]]"
4794,/home/pi/sambashare/BacArbeit/cocoval2017/000000363666.jpg,3.188303917999292,"['0: person', '0: person', '41: cup', '0: person', '0: person', '41: cup', '56: chair', '41: cup', '0: person', '41: cup', '0: person', '44: spoon', '42: fork', '56: chair', '45: bowl', '43: knife', '56: chair', '60: dining table', '60: dining table', '41: cup', '56: chair', '45: bowl', '56: chair', '39: bottle', '60: dining table', '0: person', '56: chair', '41: cup', '42: fork', '42: fork', '45: bowl', '43: knife', '45: bowl', '41: cup', '41: cup']","[0, 0, 41, 0, 0, 41, 56, 41, 0, 41, 0, 44, 42, 56, 45, 43, 56, 60, 60, 41, 56, 45, 56, 39, 60, 0, 56, 41, 42, 42, 45, 43, 45, 41, 41]","[0.9409912, 0.91306347, 0.9032218, 0.88263905, 0.87923914, 0.86804014, 0.8605155, 0.8592821, 0.84447527, 0.84162825, 0.79589635, 0.7353626, 0.65085155, 0.63404334, 0.6178822, 0.5982699, 0.58701026, 0.5687966, 0.5041399, 0.49804538, 0.4725099, 0.45287412, 0.42122012, 0.37139195, 0.36029744, 0.34570718, 0.34270436, 0.32656074, 0.31097883, 0.27587792, 0.26465726, 0.26390415, 0.26165676, 0.25555715, 0.2505575]","[[426.34, 71.03, 209.23, 347.0], [263.08, 6.23, 164.94, 174.01], [309.77, 313.6, 57.51, 50.89], [1, 9.25, 58.97, 121.11], [16.53, 36.32, 205.94, 266.85], [195.29, 219.72, 34.53, 32.6], [391.76, 65.75, 66.99, 112.14], [413.19, 174.58, 32.25, 35.41], [148.17, 1, 126.39, 154.92], [264.1, 171.89, 28.96, 33.15], [113.36, 1, 99.9, 63.86], [367.72, 181.7, 13.33, 26.87], [413.37, 227.71, 19.39, 29.03], [154.86, 374.95, 195.35, 43.46], [198.15, 290.15, 112.83, 81.7], [118.59, 295.29, 38.79, 41.74], [1, 102.73, 11.73, 30.03], [46.88, 7.52, 104.95, 31.6], [34.33, 130.76, 480.81, 270.28], [130.52, 3.4, 11.11, 9.18], [194.05, 36.07, 129.21, 121.04], [85.98, 268.23, 42.12, 26.23], [1, 123.95, 63.63, 250.0], [339.23, 178.94, 24.88, 42.39], [120.33, 53.19, 84.96, 62.36], [1, 1, 6.83, 15.41], [431.84, 371.34, 208.16, 47.66], [139.24, 55.93, 17.81, 25.51], [149.07, 203.53, 33.57, 31.93], [385.35, 213.95, 43.05, 13.55], [406.76, 312.06, 27.87, 24.92], [117.48, 248.72, 63.8, 10.98], [181.14, 254.08, 47.14, 43.6], [156.61, 51.46, 14.92, 18.56], [85.92, 7.63, 11.46, 16.99]]"
4795,/home/pi/sambashare/BacArbeit/cocoval2017/000000407574.jpg,3.1762056760017003,"['46: banana', '56: chair']","[46, 56]","[0.7360585, 0.2586311]","[[82.36, 141.15, 297.21, 463.25], [1, 370.99, 18.5, 55.21]]"
4796,/home/pi/sambashare/BacArbeit/cocoval2017/000000363188.jpg,3.1766296080022585,"['0: person', '0: person', '0: person', '2: car', '0: person', '0: person', '0: person', '0: person', '0: person', '67: cell phone']","[0, 0, 0, 2, 0, 0, 0, 0, 0, 67]","[0.9361296, 0.9156975, 0.91562796, 0.8500715, 0.6524932, 0.5957865, 0.5575657, 0.38286513, 0.29756162, 0.2502517]","[[190.44, 140.08, 145.86, 283.4], [310.85, 104.83, 265.61, 320.17], [1, 187.05, 209.39, 237.93], [589.02, 195.12, 50.71, 108.37], [326.72, 157.15, 73.09, 131.36], [1, 135.73, 118.57, 176.78], [173.13, 157.02, 52.22, 80.81], [116.46, 155.55, 30.63, 36.02], [1, 174.11, 32.92, 77.12], [502.52, 189.95, 19.41, 29.13]]"
4797,/home/pi/sambashare/BacArbeit/cocoval2017/000000164602.jpg,3.1795131779981602,"['0: person', '39: bottle', '79: toothbrush', '71: sink', '0: person']","[0, 39, 79, 71, 0]","[0.7915931, 0.6054809, 0.5909424, 0.37706873, 0.30499443]","[[246.23, 110.2, 302.42, 368.19], [27.86, 271.73, 21.01, 40.59], [244.02, 163.97, 47.85, 23.65], [1, 307.46, 44.91, 67.22], [11.88, 63.47, 360.38, 414.53]]"
4798,/home/pi/sambashare/BacArbeit/cocoval2017/000000124659.jpg,3.186494854002376,"['57: couch', '56: chair', '56: chair', '63: laptop', '62: tv', '73: book', '73: book', '73: book', '73: book', '73: book', '73: book', '73: book']","[57, 56, 56, 63, 62, 73, 73, 73, 73, 73, 73, 73]","[0.91736096, 0.7274344, 0.5984193, 0.5182353, 0.45957187, 0.4057831, 0.34531116, 0.3328781, 0.32232878, 0.29048786, 0.25761616, 0.25501996]","[[195.85, 163.21, 196.31, 64.85], [101.66, 172.56, 55.69, 85.02], [50.69, 190.86, 87.35, 111.96], [538.07, 299.85, 101.46, 178.23], [436.12, 276.45, 103.97, 96.02], [66.97, 111.4, 14.11, 29.64], [87.89, 149.09, 11.46, 27.82], [82.74, 106.33, 12.35, 31.38], [72.17, 156.96, 9.91, 23.36], [49.17, 149.46, 21.31, 42.77], [71.69, 108.11, 21.98, 31.52], [47.42, 112.35, 18.79, 33.4]]"
4799,/home/pi/sambashare/BacArbeit/cocoval2017/000000055950.jpg,3.187566947999585,"['0: person', '38: tennis racket', '32: sports ball']","[0, 38, 32]","[0.9415395, 0.90763867, 0.86000365]","[[80.72, 68.15, 225.16, 325.86], [80.34, 118.62, 111.92, 99.09], [306.46, 156.88, 16.25, 16.84]]"
4800,/home/pi/sambashare/BacArbeit/cocoval2017/000000357816.jpg,3.1906837569986237,"['0: person', '0: person', '0: person', '25: umbrella', '34: baseball bat', '0: person', '35: baseball glove', '32: sports ball', '56: chair']","[0, 0, 0, 25, 34, 0, 35, 32, 56]","[0.94042915, 0.87904036, 0.8439216, 0.76049376, 0.7410311, 0.63876635, 0.6353656, 0.59704447, 0.29288432]","[[4.23, 69.58, 295.16, 379.31], [399.07, 47.86, 99.38, 202.87], [280.94, 1.72, 86.38, 256.0], [1, 29.3, 121.94, 115.49], [261.44, 181.74, 87.27, 52.02], [1, 80.96, 91.17, 203.81], [348.86, 104.35, 34.41, 31.19], [404.39, 188.62, 21.96, 22.28], [4.75, 214.66, 77.51, 68.63]]"
4801,/home/pi/sambashare/BacArbeit/cocoval2017/000000319534.jpg,3.1862634040007833,"['0: person', '5: bus', '0: person', '0: person', '0: person', '0: person', '0: person']","[0, 5, 0, 0, 0, 0, 0]","[0.739821, 0.55549854, 0.5343199, 0.4269564, 0.39388883, 0.30452147, 0.27210388]","[[240.64, 149.23, 173.12, 328.07], [1, 8.35, 636.49, 460.69], [247.93, 135.19, 30.99, 80.47], [488.01, 130.98, 76.18, 163.58], [74.14, 184.77, 27.89, 88.08], [339.54, 131.36, 56.82, 70.64], [488.5, 129.06, 151.23, 182.08]]"
4802,/home/pi/sambashare/BacArbeit/cocoval2017/000000196754.jpg,3.1771388790002675,"['11: stop sign', '26: handbag']","[11, 26]","[0.9208656, 0.520315]","[[118.38, 292.09, 79.59, 85.89], [215.06, 312.87, 158.9, 184.88]]"
4803,/home/pi/sambashare/BacArbeit/cocoval2017/000000080153.jpg,3.2038269719996606,"['16: dog', '0: person', '30: skis', '30: skis']","[16, 0, 30, 30]","[0.93028927, 0.9024468, 0.73759764, 0.45299774]","[[203.98, 361.33, 88.34, 177.56], [186.07, 127.14, 116.77, 271.16], [97.48, 387.85, 125.61, 65.43], [97.47, 364.46, 298.48, 84.07]]"
4804,/home/pi/sambashare/BacArbeit/cocoval2017/000000227511.jpg,3.1884844499982137,"['2: car', '2: car', '2: car', '2: car', '2: car', '2: car', '0: person', '0: person', '2: car']","[2, 2, 2, 2, 2, 2, 0, 0, 2]","[0.9528883, 0.9019293, 0.8771081, 0.8079102, 0.64693505, 0.52603996, 0.43442598, 0.3536906, 0.29586422]","[[67.05, 286.7, 157.38, 88.3], [224.57, 261.69, 43.06, 32.28], [156.71, 257.11, 18.94, 13.85], [138.45, 260.6, 14.98, 7.68], [241.79, 258.14, 30.44, 25.82], [183.68, 258.48, 12.69, 9.5], [79.29, 271.82, 5.26, 10.2], [194.09, 257.13, 7.82, 10.8], [251.53, 251.75, 13.28, 7.41]]"
4805,/home/pi/sambashare/BacArbeit/cocoval2017/000000022935.jpg,3.179215142998146,"['0: person', '32: sports ball', '0: person']","[0, 32, 0]","[0.9545568, 0.9479727, 0.9458899]","[[18.88, 21.42, 439.85, 454.38], [48.45, 195.45, 140.28, 137.09], [422.36, 31.06, 209.38, 446.67]]"
4806,/home/pi/sambashare/BacArbeit/cocoval2017/000000478721.jpg,3.1843798509980843,"['0: person', '5: bus', '0: person', '7: truck', '7: truck', '5: bus', '7: truck', '0: person', '7: truck', '0: person', '0: person', '0: person', '29: frisbee', '0: person']","[0, 5, 0, 7, 7, 5, 7, 0, 7, 0, 0, 0, 29, 0]","[0.93179655, 0.91842544, 0.9072092, 0.8790416, 0.8555528, 0.80889904, 0.7884477, 0.7331159, 0.7125857, 0.6963599, 0.36007732, 0.3335599, 0.32644323, 0.3218591]","[[325.27, 232.58, 69.96, 134.18], [37.8, 227.5, 44.19, 39.37], [243.12, 220.39, 68.48, 111.4], [425.76, 234.65, 71.73, 53.17], [486.45, 248.18, 68.76, 41.35], [1, 222.53, 14.96, 44.9], [583.87, 250.31, 55.34, 41.22], [317.02, 242.29, 15.98, 36.57], [371.2, 237.04, 62.07, 45.06], [577.62, 264.5, 19.76, 25.72], [310.52, 246.54, 11.17, 31.91], [595.2, 257.0, 23.51, 33.87], [163.61, 216.58, 73.22, 20.18], [600.8, 264.16, 11.49, 25.86]]"
4807,/home/pi/sambashare/BacArbeit/cocoval2017/000000135890.jpg,3.186423411996657,"['74: clock', '74: clock']","[74, 74]","[0.8951271, 0.88680404]","[[174.33, 107.24, 37.11, 48.13], [106.42, 108.08, 32.96, 48.81]]"
4808,/home/pi/sambashare/BacArbeit/cocoval2017/000000453040.jpg,3.1947833389967855,"['0: person', '55: cake', '8: boat']","[0, 55, 8]","[0.75140834, 0.6193981, 0.35773566]","[[203.32, 1, 16.1, 15.71], [14.95, 61.18, 429.69, 554.67], [90.26, 1, 67.95, 53.31]]"
4809,/home/pi/sambashare/BacArbeit/cocoval2017/000000454750.jpg,3.193709224000486,"['22: zebra', '22: zebra']","[22, 22]","[0.9439095, 0.9099943]","[[232.2, 155.46, 343.17, 271.53], [2.43, 15.22, 413.47, 411.62]]"
4810,/home/pi/sambashare/BacArbeit/cocoval2017/000000273617.jpg,3.191586823999387,"['11: stop sign', '9: traffic light']","[11, 9]","[0.88610977, 0.26692757]","[[128.31, 163.74, 37.55, 40.55], [487.94, 72.31, 26.49, 25.13]]"
4811,/home/pi/sambashare/BacArbeit/cocoval2017/000000376206.jpg,3.187871614998585,"['0: person', '37: surfboard', '37: surfboard']","[0, 37, 37]","[0.91977614, 0.684862, 0.32912293]","[[221.44, 165.6, 84.51, 68.89], [172.36, 192.35, 173.14, 54.87], [220.66, 217.79, 124.98, 30.83]]"
4812,/home/pi/sambashare/BacArbeit/cocoval2017/000000029187.jpg,3.1813528460006637,"['17: horse', '0: person']","[17, 0]","[0.91353405, 0.8012856]","[[206.1, 81.25, 258.59, 387.48], [124.68, 116.48, 106.99, 148.02]]"
4813,/home/pi/sambashare/BacArbeit/cocoval2017/000000463918.jpg,3.1855777659984597,"['0: person', '0: person', '57: couch', '65: remote', '65: remote', '65: remote', '65: remote', '58: potted plant', '65: remote', '65: remote']","[0, 0, 57, 65, 65, 65, 65, 58, 65, 65]","[0.9419253, 0.93242127, 0.7623384, 0.68450886, 0.669733, 0.46349332, 0.43638998, 0.42868704, 0.36467224, 0.2569705]","[[50.25, 49.03, 161.46, 309.67], [246.32, 74.83, 128.57, 283.34], [356.87, 235.24, 141.43, 123.11], [175.5, 159.83, 28.45, 49.69], [356.43, 189.66, 17.19, 13.63], [315.3, 216.44, 22.32, 29.95], [190.69, 127.53, 13.77, 17.58], [1, 62.27, 86.47, 177.76], [189.89, 127.99, 21.69, 25.57], [176.06, 159.55, 14.94, 16.95]]"
4814,/home/pi/sambashare/BacArbeit/cocoval2017/000000030785.jpg,3.1995338599990646,"['45: bowl', '55: cake', '55: cake', '60: dining table']","[45, 55, 55, 60]","[0.88713694, 0.6811074, 0.4878442, 0.25867197]","[[257.39, 41.96, 355.24, 246.4], [111.19, 58.22, 168.86, 125.38], [24.26, 177.65, 279.38, 184.03], [2.04, 12.78, 634.88, 435.05]]"
4815,/home/pi/sambashare/BacArbeit/cocoval2017/000000328430.jpg,3.189252056999976,"['0: person', '0: person', '0: person', '38: tennis racket', '8: boat', '56: chair', '32: sports ball', '0: person']","[0, 0, 0, 38, 8, 56, 32, 0]","[0.9349899, 0.9209246, 0.8878864, 0.82829094, 0.67303437, 0.51867765, 0.4402607, 0.35486224]","[[102.17, 312.48, 137.9, 293.4], [233.11, 432.07, 47.36, 111.0], [342.95, 413.13, 27.82, 111.67], [207.15, 265.86, 34.49, 72.49], [1, 86.38, 37.07, 76.69], [180.18, 469.91, 48.2, 46.4], [342.38, 468.51, 5.35, 6.29], [403.76, 378.63, 14.07, 16.29]]"
4816,/home/pi/sambashare/BacArbeit/cocoval2017/000000256518.jpg,3.1902983789987047,"['41: cup', '45: bowl', '42: fork', '41: cup', '43: knife', '48: sandwich']","[41, 45, 42, 41, 43, 48]","[0.9272092, 0.9069236, 0.80028284, 0.71978813, 0.567122, 0.44723004]","[[431.28, 46.29, 127.73, 167.41], [271.94, 1, 238.8, 96.91], [506.28, 229.68, 133.7, 139.76], [182.92, 1, 95.48, 115.44], [84.75, 150.82, 54.86, 14.3], [98.99, 144.13, 212.05, 145.04]]"
4817,/home/pi/sambashare/BacArbeit/cocoval2017/000000018737.jpg,3.178953280999849,['3: motorcycle'],[3],[0.9082781],"[[255.68, 172.24, 336.67, 238.27]]"
4818,/home/pi/sambashare/BacArbeit/cocoval2017/000000194506.jpg,3.1914858389973233,"['21: bear', '21: bear']","[21, 21]","[0.841058, 0.7835309]","[[260.01, 143.8, 155.31, 121.66], [75.67, 116.2, 227.14, 186.91]]"
4819,/home/pi/sambashare/BacArbeit/cocoval2017/000000253452.jpg,3.1830365770001663,"['41: cup', '42: fork', '54: donut', '54: donut', '54: donut', '54: donut', '43: knife', '45: bowl', '41: cup', '54: donut', '54: donut', '55: cake', '45: bowl']","[41, 42, 54, 54, 54, 54, 43, 45, 41, 54, 54, 55, 45]","[0.9101015, 0.8855883, 0.8675748, 0.80644476, 0.7966571, 0.6116809, 0.59932667, 0.54616976, 0.5313876, 0.4417061, 0.43048456, 0.3399018, 0.29051918]","[[445.88, 148.77, 193.96, 216.62], [1, 75.91, 50.49, 129.09], [364.82, 31.63, 101.33, 52.57], [372.03, 74.45, 100.21, 82.25], [455.11, 79.37, 128.48, 94.13], [455.81, 53.81, 86.6, 51.35], [1, 72.68, 19.25, 73.16], [431.87, 1, 152.18, 37.03], [350.93, 1, 72.74, 40.9], [498.88, 61.65, 119.94, 77.86], [323.64, 76.94, 110.85, 91.72], [13.09, 145.72, 356.72, 274.45], [325.2, 32.26, 308.82, 168.38]]"
4820,/home/pi/sambashare/BacArbeit/cocoval2017/000000026941.jpg,3.175684927002294,"['28: suitcase', '28: suitcase', '28: suitcase', '28: suitcase', '28: suitcase', '28: suitcase', '28: suitcase', '28: suitcase']","[28, 28, 28, 28, 28, 28, 28, 28]","[0.91296893, 0.91002274, 0.8600225, 0.83881325, 0.8301883, 0.7782599, 0.7376056, 0.3414058]","[[129.44, 219.69, 104.37, 75.63], [215.61, 58.83, 220.43, 116.81], [274.26, 138.48, 216.17, 85.93], [142.01, 156.7, 88.5, 64.82], [150.49, 89.61, 81.94, 68.97], [230.14, 175.39, 54.47, 121.73], [274.76, 214.39, 157.91, 94.83], [99.97, 282.35, 68.47, 56.53]]"
4821,/home/pi/sambashare/BacArbeit/cocoval2017/000000344100.jpg,3.193005124998308,"['41: cup', '63: laptop', '39: bottle', '28: suitcase', '44: spoon', '28: suitcase', '45: bowl', '28: suitcase']","[41, 63, 39, 28, 44, 28, 45, 28]","[0.88674104, 0.83313847, 0.60812867, 0.49054095, 0.45109695, 0.40621054, 0.38588816, 0.3039807]","[[85.75, 131.65, 84.82, 113.87], [1, 1.24, 76.0, 106.84], [548.8, 27.99, 90.83, 174.11], [323.56, 1, 248.08, 139.81], [143.02, 106.91, 28.38, 56.25], [450.82, 1, 118.3, 38.61], [322.69, 183.9, 275.6, 144.77], [568.69, 1, 70.72, 38.32]]"
4822,/home/pi/sambashare/BacArbeit/cocoval2017/000000504580.jpg,3.1889177430020936,"['23: giraffe', '23: giraffe']","[23, 23]","[0.8113951, 0.71303445]","[[517.18, 188.88, 122.28, 192.64], [59.7, 102.69, 198.05, 273.74]]"
4823,/home/pi/sambashare/BacArbeit/cocoval2017/000000124975.jpg,3.180085134001274,['22: zebra'],[22],[0.87300724],"[[170.95, 49.7, 413.62, 363.07]]"
4824,/home/pi/sambashare/BacArbeit/cocoval2017/000000339870.jpg,3.178985154001566,"['9: traffic light', '9: traffic light', '9: traffic light', '9: traffic light', '9: traffic light']","[9, 9, 9, 9, 9]","[0.71723014, 0.71570814, 0.58512884, 0.25919482, 0.25678548]","[[418.79, 264.8, 27.79, 46.54], [540.02, 307.51, 16.64, 35.38], [374.96, 256.12, 47.94, 56.74], [480.49, 345.24, 8.81, 8.45], [429.33, 391.78, 15.0, 17.47]]"
4825,/home/pi/sambashare/BacArbeit/cocoval2017/000000051961.jpg,3.178500960999372,['12: parking meter'],[12],[0.8566299],"[[228.76, 245.57, 73.02, 152.31]]"
4826,/home/pi/sambashare/BacArbeit/cocoval2017/000000499313.jpg,3.184836731001269,"['41: cup', '53: pizza', '41: cup', '41: cup', '44: spoon', '53: pizza']","[41, 53, 41, 41, 44, 53]","[0.9002598, 0.82621646, 0.5950544, 0.48411962, 0.3187073, 0.26175904]","[[398.1, 1, 110.36, 77.06], [47.88, 37.53, 563.78, 361.25], [616.15, 76.69, 23.78, 137.72], [484.68, 1, 98.5, 55.79], [519.55, 1, 119.23, 104.56], [306.73, 1, 89.43, 18.55]]"
4827,/home/pi/sambashare/BacArbeit/cocoval2017/000000163562.jpg,3.189658801002224,"['29: frisbee', '0: person']","[29, 0]","[0.949809, 0.7349993]","[[91.09, 223.39, 104.89, 75.1], [139.74, 1, 314.44, 331.25]]"
4828,/home/pi/sambashare/BacArbeit/cocoval2017/000000136600.jpg,3.1949975750030717,"['63: laptop', '39: bottle', '39: bottle', '39: bottle', '41: cup', '64: mouse', '41: cup', '41: cup', '41: cup', '66: keyboard', '65: remote', '41: cup']","[63, 39, 39, 39, 41, 64, 41, 41, 41, 66, 65, 41]","[0.9577102, 0.907677, 0.8711959, 0.84163475, 0.7606205, 0.68857074, 0.6730124, 0.6307904, 0.45240012, 0.40278876, 0.3434832, 0.2579108]","[[219.05, 204.37, 238.19, 210.15], [409.44, 57.5, 58.08, 106.1], [299.9, 81.25, 46.99, 83.29], [181.24, 62.68, 57.07, 108.58], [463.84, 282.96, 42.58, 38.67], [151.09, 379.58, 23.69, 28.25], [467.46, 312.08, 29.6, 39.28], [437.94, 303.05, 29.69, 38.66], [494.08, 312.91, 31.73, 35.67], [238.61, 335.58, 192.81, 42.47], [498.7, 358.62, 32.05, 24.76], [438.33, 304.84, 61.63, 41.41]]"
4829,/home/pi/sambashare/BacArbeit/cocoval2017/000000513283.jpg,3.1808363140007714,"['55: cake', '39: bottle', '39: bottle']","[55, 39, 39]","[0.7277498, 0.58271646, 0.54232955]","[[1.75, 333.22, 238.01, 110.14], [543.85, 100.22, 70.45, 250.54], [478.72, 94.93, 61.58, 190.75]]"
4830,/home/pi/sambashare/BacArbeit/cocoval2017/000000350405.jpg,3.1737875180006085,"['0: person', '31: snowboard', '0: person']","[0, 31, 0]","[0.95439166, 0.90785795, 0.8829045]","[[184.46, 85.34, 213.66, 162.82], [259.59, 233.06, 168.51, 33.63], [34.48, 147.69, 33.93, 43.94]]"
4831,/home/pi/sambashare/BacArbeit/cocoval2017/000000459272.jpg,3.1728241000018897,"['0: person', '0: person', '67: cell phone', '0: person', '0: person', '0: person', '0: person', '0: person', '33: kite', '56: chair', '0: person', '0: person']","[0, 0, 67, 0, 0, 0, 0, 0, 33, 56, 0, 0]","[0.8848405, 0.8254669, 0.7876445, 0.74493986, 0.6931107, 0.66409457, 0.6405175, 0.58923614, 0.540231, 0.44767854, 0.39438802, 0.35323197]","[[379.93, 312.82, 99.61, 229.1], [1, 76.04, 396.65, 562.03], [307.64, 470.59, 99.42, 59.66], [395.42, 252.8, 83.98, 173.48], [342.91, 337.03, 25.51, 114.23], [1, 309.07, 30.32, 46.94], [301.49, 330.31, 30.2, 120.93], [330.02, 351.29, 21.24, 85.75], [369.56, 146.51, 19.21, 60.86], [395.69, 470.77, 69.1, 74.85], [266.46, 322.47, 41.98, 182.16], [360.24, 339.51, 25.8, 114.0]]"
4832,/home/pi/sambashare/BacArbeit/cocoval2017/000000314177.jpg,3.190410240997153,"['0: person', '0: person', '61: toilet']","[0, 0, 61]","[0.9295674, 0.5329893, 0.40519923]","[[166.61, 279.9, 155.27, 318.73], [2.08, 4.5, 88.69, 588.0], [207.32, 554.81, 70.59, 46.15]]"
4833,/home/pi/sambashare/BacArbeit/cocoval2017/000000456015.jpg,3.1749469339993084,"['17: horse', '0: person', '17: horse', '0: person', '0: person', '17: horse', '0: person', '17: horse', '17: horse']","[17, 0, 17, 0, 0, 17, 0, 17, 17]","[0.93322927, 0.9087503, 0.9009914, 0.89784384, 0.89755714, 0.8455328, 0.77199763, 0.6718074, 0.3292956]","[[474.02, 109.09, 146.65, 131.21], [405.22, 55.65, 60.3, 118.51], [370.35, 104.12, 145.33, 134.01], [509.69, 67.55, 59.65, 114.01], [294.87, 63.26, 32.44, 59.32], [288.81, 106.22, 118.62, 123.92], [327.72, 59.58, 53.05, 106.25], [256.38, 118.0, 45.25, 110.66], [256.3, 118.01, 101.62, 110.57]]"
4834,/home/pi/sambashare/BacArbeit/cocoval2017/000000581615.jpg,3.183304592999775,"['61: toilet', '61: toilet']","[61, 61]","[0.9135608, 0.44230428]","[[143.82, 384.69, 181.75, 243.68], [1, 40.63, 102.12, 489.29]]"
4835,/home/pi/sambashare/BacArbeit/cocoval2017/000000547383.jpg,3.193929847999243,"['18: sheep', '18: sheep', '18: sheep']","[18, 18, 18]","[0.9447076, 0.9392767, 0.6319503]","[[145.78, 174.54, 441.98, 234.13], [103.67, 32.39, 334.68, 181.77], [494.17, 1, 95.68, 9.84]]"
4836,/home/pi/sambashare/BacArbeit/cocoval2017/000000464689.jpg,3.1683315730006143,"['39: bottle', '39: bottle', '39: bottle', '39: bottle']","[39, 39, 39, 39]","[0.7855605, 0.6717856, 0.6608444, 0.30879983]","[[507.59, 387.57, 10.35, 28.13], [481.83, 293.93, 8.82, 22.85], [471.85, 293.94, 7.78, 24.01], [171.29, 392.35, 8.41, 24.28]]"
4837,/home/pi/sambashare/BacArbeit/cocoval2017/000000493772.jpg,3.182254207000369,"['0: person', '25: umbrella']","[0, 25]","[0.9136028, 0.8755491]","[[288.98, 284.6, 46.4, 151.97], [271.23, 262.32, 72.39, 24.62]]"
4838,/home/pi/sambashare/BacArbeit/cocoval2017/000000384651.jpg,3.171886686999642,['41: cup'],[41],[0.29780403],"[[246.48, 281.78, 77.07, 105.49]]"
4839,/home/pi/sambashare/BacArbeit/cocoval2017/000000177357.jpg,3.180497869001556,"['37: surfboard', '0: person']","[37, 0]","[0.9389148, 0.70321995]","[[213.87, 156.34, 308.39, 146.9], [69.63, 136.11, 281.59, 118.55]]"
4840,/home/pi/sambashare/BacArbeit/cocoval2017/000000183437.jpg,3.189236277998134,"['20: elephant', '0: person', '0: person', '0: person', '0: person', '20: elephant', '0: person', '0: person']","[20, 0, 0, 0, 0, 20, 0, 0]","[0.9405052, 0.8984118, 0.87695205, 0.8735638, 0.4737371, 0.4020796, 0.38986963, 0.28049213]","[[74.59, 294.12, 307.12, 324.51], [129.63, 174.27, 50.97, 143.65], [179.22, 230.25, 99.95, 117.62], [176.69, 179.23, 49.08, 105.11], [101.76, 217.58, 24.85, 33.28], [77.31, 252.88, 53.72, 68.51], [236.48, 201.71, 17.09, 31.57], [105.92, 218.62, 31.01, 43.56]]"
4841,/home/pi/sambashare/BacArbeit/cocoval2017/000000288391.jpg,3.183786732999579,['67: cell phone'],[67],[0.87829],"[[10.29, 46.57, 154.87, 300.1]]"
4842,/home/pi/sambashare/BacArbeit/cocoval2017/000000280710.jpg,3.179976109000563,"['0: person', '0: person', '0: person', '0: person', '5: bus', '0: person', '5: bus', '0: person', '26: handbag', '24: backpack', '0: person', '0: person', '0: person', '26: handbag', '5: bus', '26: handbag', '0: person', '0: person', '24: backpack']","[0, 0, 0, 0, 5, 0, 5, 0, 26, 24, 0, 0, 0, 26, 5, 26, 0, 0, 24]","[0.93805563, 0.9238041, 0.89297515, 0.88969153, 0.8725474, 0.8449985, 0.84348434, 0.78096676, 0.7767795, 0.75334364, 0.72104764, 0.71819544, 0.65242827, 0.5736365, 0.49747142, 0.31991088, 0.3156238, 0.28865558, 0.2777515]","[[157.46, 276.42, 94.86, 203.08], [514.89, 273.62, 66.79, 169.13], [599.65, 289.74, 34.79, 78.43], [277.2, 290.34, 63.19, 189.57], [165.09, 209.89, 358.76, 143.91], [13.32, 277.04, 89.73, 202.1], [82.38, 242.36, 61.09, 80.46], [266.81, 290.54, 22.48, 62.91], [302.69, 418.07, 54.86, 61.93], [10.0, 317.59, 68.65, 82.78], [332.72, 284.85, 29.06, 72.74], [435.91, 287.9, 30.56, 63.72], [25.33, 289.76, 10.88, 21.77], [602.86, 307.1, 10.84, 17.58], [23.84, 270.03, 31.23, 24.35], [303.6, 458.72, 54.05, 20.97], [76.51, 278.26, 31.54, 72.92], [286.82, 287.39, 32.68, 43.85], [355.98, 287.12, 19.92, 17.0]]"
4843,/home/pi/sambashare/BacArbeit/cocoval2017/000000498463.jpg,3.1897652039988316,"['72: refrigerator', '68: microwave', '58: potted plant']","[72, 68, 58]","[0.8836079, 0.8054015, 0.3332256]","[[205.48, 15.5, 283.5, 464.5], [486.04, 176.07, 104.34, 72.92], [1, 100.27, 49.22, 116.4]]"
4844,/home/pi/sambashare/BacArbeit/cocoval2017/000000157601.jpg,3.2081582999999227,"['41: cup', '41: cup', '66: keyboard', '0: person']","[41, 41, 66, 0]","[0.9255972, 0.6336383, 0.35694712, 0.33720827]","[[191.02, 300.8, 209.79, 288.69], [377.74, 267.0, 233.63, 345.0], [2.91, 1, 218.57, 174.27], [1, 87.41, 326.94, 333.37]]"
4845,/home/pi/sambashare/BacArbeit/cocoval2017/000000186637.jpg,3.1708594529991387,['23: giraffe'],[23],[0.91398174],"[[134.04, 137.62, 237.98, 286.5]]"
4846,/home/pi/sambashare/BacArbeit/cocoval2017/000000001532.jpg,3.182402127000387,"['2: car', '2: car', '2: car', '7: truck', '7: truck', '2: car', '2: car']","[2, 2, 2, 7, 7, 2, 2]","[0.9413126, 0.9305995, 0.9114574, 0.8875811, 0.67501104, 0.6030801, 0.3086856]","[[1, 372.33, 115.38, 107.67], [221.24, 357.53, 202.7, 122.47], [426.36, 399.46, 65.03, 54.02], [105.58, 371.17, 78.43, 69.35], [499.79, 396.27, 47.46, 46.39], [200.63, 401.85, 28.65, 26.26], [405.12, 400.92, 22.75, 28.06]]"
4847,/home/pi/sambashare/BacArbeit/cocoval2017/000000071938.jpg,3.1912450400013768,"['65: remote', '59: bed']","[65, 59]","[0.9026968, 0.38973725]","[[261.71, 123.47, 123.27, 160.76], [2.64, 16.89, 635.11, 450.13]]"
4848,/home/pi/sambashare/BacArbeit/cocoval2017/000000241319.jpg,3.1853917240005103,"['79: toothbrush', '79: toothbrush', '79: toothbrush', '41: cup', '71: sink']","[79, 79, 79, 41, 71]","[0.76326835, 0.6246659, 0.4790019, 0.37939587, 0.25092024]","[[126.64, 102.91, 74.53, 210.15], [194.33, 151.6, 41.7, 91.37], [457.19, 123.68, 89.36, 149.41], [509.1, 213.65, 80.84, 92.89], [162.6, 244.34, 369.65, 59.1]]"
4849,/home/pi/sambashare/BacArbeit/cocoval2017/000000368940.jpg,3.195113999001478,"['71: sink', '71: sink']","[71, 71]","[0.78070164, 0.25511643]","[[1.25, 88.44, 327.54, 162.8], [42.64, 115.99, 213.76, 84.5]]"
4850,/home/pi/sambashare/BacArbeit/cocoval2017/000000086956.jpg,3.186449905002519,"['0: person', '0: person', '0: person', '57: couch']","[0, 0, 0, 57]","[0.9473069, 0.9220928, 0.92019856, 0.60435265]","[[40.24, 141.29, 186.22, 496.94], [321.8, 134.11, 157.49, 499.72], [210.63, 325.05, 187.44, 312.77], [1, 414.06, 117.99, 224.53]]"
4851,/home/pi/sambashare/BacArbeit/cocoval2017/000000296969.jpg,3.175761488000717,"['23: giraffe', '23: giraffe', '23: giraffe', '23: giraffe', '23: giraffe', '23: giraffe']","[23, 23, 23, 23, 23, 23]","[0.9378744, 0.92463607, 0.8775, 0.4898472, 0.38535076, 0.35534185]","[[127.15, 32.55, 194.43, 290.78], [317.32, 207.1, 118.11, 111.61], [361.87, 67.51, 190.65, 251.02], [57.24, 294.52, 118.42, 32.22], [609.61, 58.09, 30.04, 67.02], [449.78, 66.88, 171.12, 262.26]]"
4852,/home/pi/sambashare/BacArbeit/cocoval2017/000000395633.jpg,3.200336949998018,['8: boat'],[8],[0.6708832],"[[26.33, 2.1, 549.63, 372.17]]"
4853,/home/pi/sambashare/BacArbeit/cocoval2017/000000400044.jpg,3.186671416999161,"['0: person', '31: snowboard']","[0, 31]","[0.9474831, 0.884427]","[[178.93, 310.87, 255.47, 229.48], [247.03, 470.06, 235.73, 92.78]]"
4854,/home/pi/sambashare/BacArbeit/cocoval2017/000000469652.jpg,3.1779683799977647,['23: giraffe'],[23],[0.8876793],"[[1, 26.95, 574.77, 412.05]]"
4855,/home/pi/sambashare/BacArbeit/cocoval2017/000000312213.jpg,3.192485799001588,"['63: laptop', '15: cat']","[63, 15]","[0.8515264, 0.6265539]","[[2.2, 8.62, 412.55, 434.71], [281.18, 27.77, 358.82, 451.54]]"
4856,/home/pi/sambashare/BacArbeit/cocoval2017/000000346707.jpg,3.1934933089978585,['46: banana'],[46],[0.8578476],"[[4.81, 236.44, 141.21, 194.94]]"
4857,/home/pi/sambashare/BacArbeit/cocoval2017/000000209972.jpg,3.1781750320005813,['8: boat'],[8],[0.75023186],"[[330.03, 43.08, 122.8, 195.01]]"
4858,/home/pi/sambashare/BacArbeit/cocoval2017/000000543043.jpg,3.1859112570018624,"['2: car', '0: person', '8: boat', '8: boat']","[2, 0, 8, 8]","[0.9483616, 0.67999524, 0.6387067, 0.31628007]","[[260.02, 275.54, 374.4, 183.83], [55.27, 263.76, 6.72, 12.58], [1, 366.23, 63.58, 113.35], [2.62, 76.26, 632.27, 363.08]]"
4859,/home/pi/sambashare/BacArbeit/cocoval2017/000000482319.jpg,3.1904868540004827,"['0: person', '0: person', '77: teddy bear', '73: book', '73: book', '73: book']","[0, 0, 77, 73, 73, 73]","[0.8697313, 0.85551465, 0.8181936, 0.5798907, 0.41022778, 0.40149465]","[[25.71, 53.33, 343.39, 424.39], [187.66, 128.3, 383.67, 349.98], [22.03, 54.74, 60.02, 92.78], [106.84, 74.5, 50.65, 35.35], [97.77, 104.6, 31.42, 33.4], [77.71, 104.77, 32.76, 43.01]]"
4860,/home/pi/sambashare/BacArbeit/cocoval2017/000000383386.jpg,3.1846865939987765,"['77: teddy bear', '77: teddy bear', '77: teddy bear', '61: toilet']","[77, 77, 77, 61]","[0.8962449, 0.85808474, 0.7964165, 0.25055945]","[[65.79, 72.18, 214.29, 354.77], [181.33, 74.78, 238.31, 399.87], [356.93, 121.85, 226.62, 333.29], [589.6, 1, 50.1, 211.71]]"
4861,/home/pi/sambashare/BacArbeit/cocoval2017/000000183716.jpg,3.176636257998325,"['0: person', '0: person', '27: tie', '27: tie']","[0, 0, 27, 27]","[0.8638026, 0.8255725, 0.78009367, 0.7495755]","[[5.16, 53.82, 224.45, 425.88], [155.1, 25.63, 191.88, 461.86], [216.59, 222.9, 57.28, 244.82], [85.76, 260.79, 31.25, 39.68]]"
4862,/home/pi/sambashare/BacArbeit/cocoval2017/000000364587.jpg,3.176912587998231,['6: train'],[6],[0.6905473],"[[173.11, 48.59, 262.5, 304.76]]"
4863,/home/pi/sambashare/BacArbeit/cocoval2017/000000281032.jpg,3.1825397760003398,"['0: person', '41: cup', '41: cup', '41: cup', '41: cup', '45: bowl', '41: cup', '41: cup', '41: cup', '41: cup', '41: cup', '41: cup']","[0, 41, 41, 41, 41, 45, 41, 41, 41, 41, 41, 41]","[0.93891025, 0.7079983, 0.681964, 0.5961089, 0.57520205, 0.5692948, 0.5280637, 0.48736203, 0.459823, 0.43954983, 0.27576023, 0.26893482]","[[205.72, 56.92, 342.25, 369.55], [66.44, 390.94, 42.15, 35.72], [97.77, 381.44, 31.75, 18.59], [129.59, 368.58, 27.23, 19.74], [120.44, 386.35, 35.31, 27.05], [148.54, 364.86, 31.81, 26.59], [163.33, 387.61, 33.96, 19.06], [166.07, 403.19, 31.52, 19.67], [148.66, 416.64, 25.32, 10.36], [103.67, 396.88, 27.84, 25.98], [196.01, 402.04, 36.62, 24.17], [102.53, 383.29, 42.41, 27.65]]"
4864,/home/pi/sambashare/BacArbeit/cocoval2017/000000125062.jpg,3.1839247239986435,"['77: teddy bear', '73: book', '73: book', '77: teddy bear', '73: book', '73: book', '77: teddy bear', '73: book', '73: book', '77: teddy bear']","[77, 73, 73, 77, 73, 73, 77, 73, 73, 77]","[0.8545187, 0.786711, 0.7639437, 0.6697802, 0.6175231, 0.6099971, 0.48999956, 0.446309, 0.43646786, 0.41155878]","[[193.03, 321.07, 230.25, 298.28], [318.16, 1.19, 92.93, 350.39], [259.72, 1, 78.66, 352.99], [103.94, 289.66, 187.34, 294.09], [216.86, 1, 59.14, 297.74], [167.72, 1, 53.48, 291.23], [57.67, 263.27, 152.34, 247.06], [379.6, 7.65, 46.81, 353.67], [84.18, 2.87, 78.25, 266.18], [19.28, 230.64, 109.23, 174.11]]"
4865,/home/pi/sambashare/BacArbeit/cocoval2017/000000431568.jpg,3.187234998000349,['53: pizza'],[53],[0.41401193],"[[12.01, 1, 627.76, 425]]"
4866,/home/pi/sambashare/BacArbeit/cocoval2017/000000464872.jpg,3.1868912809986796,"['22: zebra', '22: zebra']","[22, 22]","[0.8722234, 0.7117525]","[[239.16, 165.4, 187.89, 104.58], [382.57, 153.97, 116.12, 101.07]]"
4867,/home/pi/sambashare/BacArbeit/cocoval2017/000000516318.jpg,3.1801686190010514,"['0: person', '37: surfboard', '37: surfboard', '37: surfboard']","[0, 37, 37, 37]","[0.93761444, 0.7009995, 0.3255955, 0.2959471]","[[368.52, 203.27, 137.62, 96.5], [460.79, 280.84, 95.03, 28.56], [368.74, 185.12, 10.04, 20.96], [350.8, 184.92, 28.98, 21.53]]"
4868,/home/pi/sambashare/BacArbeit/cocoval2017/000000000872.jpg,3.196805907999078,"['0: person', '35: baseball glove']","[0, 35]","[0.8676383, 0.40849257]","[[154.2, 123.36, 273.02, 491.08], [370.88, 158.27, 61.89, 44.64]]"
4869,/home/pi/sambashare/BacArbeit/cocoval2017/000000231879.jpg,3.1847258410016366,"['56: chair', '0: person', '0: person', '0: person', '0: person', '55: cake', '55: cake', '60: dining table', '56: chair']","[56, 0, 0, 0, 0, 55, 55, 60, 56]","[0.937956, 0.8954378, 0.8802276, 0.81347615, 0.7965257, 0.6701904, 0.6677559, 0.57580733, 0.5494178]","[[445.23, 270.08, 194.27, 155.75], [56.09, 138.08, 265.42, 286.62], [288.18, 1, 207.58, 424.71], [122.18, 1, 170.49, 144.69], [231.74, 133.19, 98.4, 291.88], [416.69, 154.25, 119.46, 50.78], [528.04, 193.77, 104.08, 40.91], [535.18, 225.07, 104.65, 130.14], [23.57, 357.91, 46.82, 68.09]]"
4870,/home/pi/sambashare/BacArbeit/cocoval2017/000000006213.jpg,3.1757168610020017,"['71: sink', '71: sink']","[71, 71]","[0.6783953, 0.57142955]","[[588.12, 294.35, 51.53, 19.03], [406.63, 269.37, 86.35, 17.91]]"
4871,/home/pi/sambashare/BacArbeit/cocoval2017/000000508312.jpg,3.1709137479992933,"['69: oven', '69: oven']","[69, 69]","[0.7985336, 0.48622674]","[[378.62, 92.71, 96.55, 235.16], [104.75, 212.35, 229.33, 83.0]]"
4872,/home/pi/sambashare/BacArbeit/cocoval2017/000000262440.jpg,3.1861271300003864,"['61: toilet', '71: sink']","[61, 71]","[0.8791725, 0.53098375]","[[208.65, 315.67, 43.45, 78.37], [287.15, 335.25, 57.64, 16.38]]"
4873,/home/pi/sambashare/BacArbeit/cocoval2017/000000147518.jpg,3.1848976780020166,"['61: toilet', '71: sink', '45: bowl', '45: bowl']","[61, 71, 45, 45]","[0.93090814, 0.84510803, 0.3937705, 0.31606844]","[[115.24, 319.29, 196.34, 302.08], [415.09, 337.02, 64.5, 49.56], [434.89, 312.23, 44.93, 28.2], [451.23, 288.09, 27.62, 26.22]]"
4874,/home/pi/sambashare/BacArbeit/cocoval2017/000000490936.jpg,3.1755589339991275,"['0: person', '25: umbrella', '7: truck', '7: truck', '0: person', '0: person', '0: person', '3: motorcycle', '1: bicycle', '3: motorcycle', '0: person', '0: person', '0: person', '3: motorcycle', '9: traffic light', '3: motorcycle', '0: person', '3: motorcycle', '3: motorcycle', '0: person', '0: person', '0: person', '0: person']","[0, 25, 7, 7, 0, 0, 0, 3, 1, 3, 0, 0, 0, 3, 9, 3, 0, 3, 3, 0, 0, 0, 0]","[0.921708, 0.87130636, 0.8422645, 0.84036785, 0.8381932, 0.7898205, 0.7741437, 0.7489171, 0.7017024, 0.6554695, 0.61342007, 0.5975215, 0.55678993, 0.51296526, 0.5102399, 0.48886952, 0.44803792, 0.4287056, 0.34850085, 0.30098292, 0.28553483, 0.2670067, 0.2610895]","[[7.61, 129.5, 35.78, 96.5], [1, 356.92, 452.25, 278.11], [366.98, 82.44, 85.79, 83.28], [442.63, 48.33, 37.17, 72.43], [167.06, 96.67, 20.11, 49.17], [226.11, 102.27, 13.23, 45.75], [193.97, 105.94, 14.56, 43.27], [109.53, 217.57, 307.65, 157.23], [68.99, 167.88, 35.94, 60.28], [220.29, 192.83, 176.27, 89.8], [271.37, 91.64, 8.15, 33.56], [215.47, 107.41, 12.87, 42.27], [186.26, 101.2, 8.4, 33.99], [285.3, 167.98, 128.79, 60.41], [404.91, 43.71, 3.38, 9.29], [303.42, 131.86, 102.58, 51.8], [353.25, 88.26, 7.09, 21.28], [361.36, 208.29, 60.88, 71.16], [304.04, 140.3, 75.33, 28.71], [301.12, 83.22, 7.29, 22.67], [346.0, 85.82, 6.4, 17.36], [262.44, 92.7, 7.19, 35.01], [284.23, 94.19, 7.06, 25.73]]"
4875,/home/pi/sambashare/BacArbeit/cocoval2017/000000296317.jpg,3.1923106260001077,"['23: giraffe', '23: giraffe', '23: giraffe']","[23, 23, 23]","[0.89686656, 0.81837475, 0.5582317]","[[311.65, 316.49, 50.83, 79.91], [272.75, 330.7, 42.7, 68.95], [278.76, 284.72, 31.84, 27.07]]"
4876,/home/pi/sambashare/BacArbeit/cocoval2017/000000015517.jpg,3.175809970998671,"['5: bus', '5: bus', '5: bus', '5: bus', '5: bus', '5: bus', '5: bus', '5: bus', '5: bus', '5: bus', '5: bus', '5: bus']","[5, 5, 5, 5, 5, 5, 5, 5, 5, 5, 5, 5]","[0.9257195, 0.91569275, 0.87090683, 0.83011204, 0.8002958, 0.7015839, 0.68585, 0.6751727, 0.665581, 0.56805086, 0.524337, 0.39250946]","[[164.56, 323.09, 189.7, 75.98], [1, 306.16, 128.59, 56.91], [487.51, 273.96, 52.58, 30.65], [230.12, 275.09, 108.75, 24.28], [374.15, 292.53, 113.41, 19.93], [117.75, 263.91, 52.96, 18.48], [427.03, 282.75, 89.61, 29.77], [328.84, 258.13, 71.57, 22.58], [361.0, 274.86, 86.4, 13.19], [321.81, 288.9, 56.92, 15.44], [266.42, 260.79, 72.64, 18.0], [184.45, 270.75, 66.58, 23.74]]"
4877,/home/pi/sambashare/BacArbeit/cocoval2017/000000343561.jpg,3.2035579709991,"['0: person', '0: person', '0: person', '1: bicycle', '0: person', '1: bicycle', '0: person', '0: person', '0: person', '1: bicycle', '1: bicycle', '0: person', '0: person', '0: person', '0: person', '0: person', '0: person', '0: person', '1: bicycle', '1: bicycle', '0: person', '0: person', '0: person', '1: bicycle', '0: person', '1: bicycle', '0: person', '0: person', '1: bicycle']","[0, 0, 0, 1, 0, 1, 0, 0, 0, 1, 1, 0, 0, 0, 0, 0, 0, 0, 1, 1, 0, 0, 0, 1, 0, 1, 0, 0, 1]","[0.9208461, 0.8882221, 0.86424994, 0.8476223, 0.7812803, 0.7686261, 0.7275906, 0.64147615, 0.63634056, 0.63348, 0.63157463, 0.5971665, 0.5903638, 0.5861088, 0.49597633, 0.48926374, 0.47962508, 0.43342495, 0.41896015, 0.40962112, 0.40453553, 0.37459606, 0.34957555, 0.34134665, 0.32651195, 0.2930974, 0.28100592, 0.27425689, 0.25271308]","[[441.96, 161.71, 195.85, 266.29], [1, 91.66, 46.7, 131.25], [206.91, 136.22, 134.69, 223.65], [208.05, 244.16, 138.86, 167.36], [96.92, 1, 60.15, 119.8], [12.67, 223.83, 174.75, 203.48], [427.25, 70.89, 59.72, 92.42], [471.81, 91.52, 78.99, 92.86], [348.74, 60.03, 62.66, 66.25], [593.47, 146.01, 46.53, 113.2], [366.58, 198.1, 86.55, 152.22], [248.36, 82.49, 72.17, 89.08], [159.69, 28.34, 60.35, 102.87], [27.16, 140.94, 131.35, 200.92], [17.82, 26.0, 42.48, 107.92], [112.93, 90.46, 95.28, 204.81], [517.08, 73.91, 50.99, 95.97], [591.33, 77.62, 48.67, 75.71], [320.2, 192.97, 59.43, 133.04], [149.87, 194.44, 70.2, 112.44], [364.01, 96.74, 96.69, 177.88], [311.46, 104.36, 67.08, 93.2], [157.13, 1, 35.53, 61.65], [563.68, 116.16, 31.91, 82.1], [213.31, 1, 40.63, 95.02], [100.68, 45.18, 61.31, 46.67], [572.69, 52.0, 64.27, 84.88], [554.47, 54.53, 41.56, 67.64], [541.86, 145.68, 27.92, 91.27]]"
4878,/home/pi/sambashare/BacArbeit/cocoval2017/000000451571.jpg,3.1916803480016824,['55: cake'],[55],[0.48984894],"[[5.26, 77.78, 599.76, 366.09]]"
4879,/home/pi/sambashare/BacArbeit/cocoval2017/000000481582.jpg,3.196946523999941,"['17: horse', '0: person', '0: person', '0: person']","[17, 0, 0, 0]","[0.90425265, 0.8805132, 0.5860266, 0.55338156]","[[194.73, 54.75, 191.49, 370.3], [379.38, 99.37, 156.78, 326.79], [81.56, 124.94, 105.75, 299.57], [312.66, 138.82, 145.04, 285.45]]"
4880,/home/pi/sambashare/BacArbeit/cocoval2017/000000215072.jpg,3.184534297997743,"['0: person', '0: person', '0: person', '56: chair', '0: person', '25: umbrella', '56: chair', '25: umbrella']","[0, 0, 0, 56, 0, 25, 56, 25]","[0.7925442, 0.7434046, 0.5620043, 0.41437533, 0.3822542, 0.34965545, 0.32511538, 0.282075]","[[119.23, 149.48, 112.36, 233.01], [221.75, 184.08, 166.21, 178.52], [21.37, 7.29, 24.24, 64.3], [47.14, 236.46, 366.51, 212.15], [173.01, 49.09, 7.72, 15.05], [243.94, 1.86, 396.06, 349.44], [47.33, 238.96, 88.82, 169.99], [247.99, 1, 391.4, 154.32]]"
4881,/home/pi/sambashare/BacArbeit/cocoval2017/000000271728.jpg,3.1919780140015064,"['63: laptop', '15: cat', '65: remote', '41: cup', '57: couch', '73: book', '57: couch', '59: bed']","[63, 15, 65, 41, 57, 73, 57, 59]","[0.9547546, 0.9339089, 0.9318961, 0.84743583, 0.7345854, 0.67047304, 0.50315857, 0.44204843]","[[421.06, 177.28, 122.63, 87.47], [112.97, 209.4, 149.37, 88.74], [138.01, 306.22, 93.52, 22.99], [175.33, 97.46, 35.4, 43.49], [2.86, 95.1, 332.68, 331.9], [574.5, 275.21, 65.5, 37.79], [485.68, 47.64, 153.19, 208.47], [311.88, 219.04, 326.44, 207.0]]"
4882,/home/pi/sambashare/BacArbeit/cocoval2017/000000433515.jpg,3.196207990000403,"['33: kite', '0: person', '0: person', '0: person', '0: person', '33: kite', '0: person', '0: person', '0: person', '0: person', '0: person', '0: person', '2: car', '0: person']","[33, 0, 0, 0, 0, 33, 0, 0, 0, 0, 0, 0, 2, 0]","[0.7767413, 0.7240318, 0.7158146, 0.6794388, 0.584971, 0.58365524, 0.5288474, 0.4199414, 0.40930623, 0.40921658, 0.39238432, 0.3912938, 0.32576832, 0.29406446]","[[209.87, 98.58, 309.15, 110.29], [432.87, 303.78, 11.26, 27.89], [281.62, 305.35, 14.98, 29.24], [307.11, 307.33, 11.15, 26.77], [454.42, 302.47, 7.94, 24.11], [208.01, 97.05, 78.61, 94.22], [617.41, 316.08, 7.18, 14.03], [408.86, 309.38, 11.52, 22.11], [397.83, 308.39, 11.59, 23.06], [419.92, 314.09, 10.87, 17.28], [345.02, 320.95, 6.96, 11.38], [361.48, 304.41, 8.04, 23.69], [255.04, 304.74, 33.38, 10.98], [551.85, 291.09, 6.29, 12.11]]"
4883,/home/pi/sambashare/BacArbeit/cocoval2017/000000209829.jpg,3.183716668998386,"['0: person', '0: person', '0: person', '37: surfboard']","[0, 0, 0, 37]","[0.9229058, 0.8845831, 0.7472064, 0.6548553]","[[342.99, 141.41, 55.48, 150.24], [396.65, 225.87, 48.64, 41.29], [568.44, 238.8, 32.24, 26.17], [321.01, 286.8, 61.44, 16.62]]"
4884,/home/pi/sambashare/BacArbeit/cocoval2017/000000309938.jpg,3.1738642160016752,"['73: book', '73: book', '16: dog', '73: book', '73: book', '73: book', '73: book', '73: book', '73: book', '26: handbag']","[73, 73, 16, 73, 73, 73, 73, 73, 73, 26]","[0.75019467, 0.66804653, 0.6294061, 0.5733525, 0.5693415, 0.50936896, 0.4474102, 0.30674762, 0.3058748, 0.25351793]","[[1, 227.59, 300.99, 143.39], [521.02, 123.46, 118.74, 91.75], [168.42, 110.69, 272.47, 241.24], [395.82, 146.44, 134.53, 82.0], [432.84, 205.03, 104.0, 46.94], [463.21, 232.61, 153.0, 72.4], [531.09, 206.1, 108.43, 40.39], [435.61, 230.44, 99.45, 30.4], [1, 1, 183.73, 238.74], [465.48, 1, 76.48, 60.61]]"
4885,/home/pi/sambashare/BacArbeit/cocoval2017/000000422998.jpg,3.1914893579996715,"['39: bottle', '39: bottle', '39: bottle', '43: knife', '41: cup', '0: person', '39: bottle', '55: cake']","[39, 39, 39, 43, 41, 0, 39, 55]","[0.86858386, 0.80679905, 0.65673345, 0.6007634, 0.56980485, 0.51859903, 0.4298618, 0.33254316]","[[46.68, 197.61, 89.66, 229.33], [427.3, 204.33, 81.73, 221.29], [1, 302.89, 53.97, 123.32], [130.06, 386.02, 128.93, 40.98], [258.15, 404.16, 106.19, 22.61], [1.46, 1.34, 523.9, 300.22], [557.92, 165.21, 81.72, 175.43], [325.87, 218.93, 109.97, 126.03]]"
4886,/home/pi/sambashare/BacArbeit/cocoval2017/000000179765.jpg,3.1965880900024786,['3: motorcycle'],[3],[0.87852764],"[[94.71, 49.61, 499.9, 338.26]]"
4887,/home/pi/sambashare/BacArbeit/cocoval2017/000000102707.jpg,3.1728613640007097,"['41: cup', '39: bottle', '69: oven']","[41, 39, 69]","[0.6962439, 0.684923, 0.3845272]","[[478.03, 364.91, 122.68, 238.2], [324.1, 160.31, 153.26, 429.56], [7.6, 433.47, 304.48, 170.28]]"
4888,/home/pi/sambashare/BacArbeit/cocoval2017/000000061108.jpg,3.1731681950004713,"['16: dog', '2: car', '1: bicycle']","[16, 2, 1]","[0.7354113, 0.64965874, 0.34269008]","[[133.11, 179.7, 114.61, 153.89], [463.22, 2.78, 27.0, 23.65], [123.2, 121.66, 504.2, 353.28]]"
4889,/home/pi/sambashare/BacArbeit/cocoval2017/000000047112.jpg,3.1720227069999964,"['40: wine glass', '45: bowl', '40: wine glass', '53: pizza', '56: chair', '56: chair', '56: chair', '56: chair', '56: chair', '56: chair', '60: dining table', '56: chair', '39: bottle', '41: cup', '0: person', '39: bottle', '39: bottle']","[40, 45, 40, 53, 56, 56, 56, 56, 56, 56, 60, 56, 39, 41, 0, 39, 39]","[0.8983647, 0.89633024, 0.86657673, 0.71052074, 0.63718176, 0.57649285, 0.53256446, 0.5100215, 0.39663762, 0.3883676, 0.3817416, 0.37602282, 0.34734762, 0.2903838, 0.280878, 0.26306835, 0.25245532]","[[395.15, 32.31, 90.15, 177.57], [500.0, 160.79, 139.45, 72.77], [294.85, 12.58, 92.19, 197.98], [103.63, 187.97, 535.71, 285.71], [12.1, 75.83, 51.55, 140.22], [233.91, 98.98, 43.14, 34.96], [59.17, 128.42, 274.65, 86.01], [191.92, 98.99, 25.96, 25.32], [163.87, 99.65, 29.24, 22.18], [263.69, 99.68, 35.05, 37.71], [49.32, 108.74, 249.47, 59.46], [64.62, 94.07, 56.27, 20.32], [533.52, 8.51, 13.21, 33.45], [436.68, 121.75, 59.18, 73.02], [602.36, 118.71, 37.41, 48.81], [542.02, 5.49, 13.06, 35.41], [523.72, 10.52, 13.58, 31.38]]"
4890,/home/pi/sambashare/BacArbeit/cocoval2017/000000273420.jpg,3.183862344998488,"['0: person', '59: bed', '41: cup', '56: chair', '45: bowl']","[0, 59, 41, 56, 45]","[0.90558684, 0.6279814, 0.6256038, 0.37666216, 0.31112385]","[[177.41, 108.4, 94.7, 196.95], [97.53, 295.28, 399.99, 103.48], [174.49, 286.92, 16.51, 23.74], [121.6, 241.87, 63.64, 82.6], [86.14, 376.19, 49.24, 23.81]]"
4891,/home/pi/sambashare/BacArbeit/cocoval2017/000000234757.jpg,3.167100485999981,['12: parking meter'],[12],[0.5804945],"[[281.86, 81.07, 70.28, 279.98]]"
4892,/home/pi/sambashare/BacArbeit/cocoval2017/000000450303.jpg,3.1872634339997603,"['0: person', '56: chair', '56: chair', '39: bottle', '63: laptop', '56: chair', '63: laptop', '74: clock', '63: laptop', '0: person', '0: person', '63: laptop', '0: person', '56: chair', '0: person', '0: person', '56: chair', '39: bottle', '67: cell phone', '56: chair', '63: laptop', '63: laptop', '39: bottle']","[0, 56, 56, 39, 63, 56, 63, 74, 63, 0, 0, 63, 0, 56, 0, 0, 56, 39, 67, 56, 63, 63, 39]","[0.91159934, 0.9058905, 0.89083415, 0.8847266, 0.88311267, 0.8585312, 0.84424525, 0.8354007, 0.83169156, 0.8252443, 0.806285, 0.7824605, 0.7689657, 0.7498588, 0.68417567, 0.6828819, 0.6312917, 0.5971997, 0.57399815, 0.5450088, 0.49803874, 0.354017, 0.30635086]","[[450.44, 224.88, 147.24, 126.21], [1, 409.66, 173.82, 69.86], [122.51, 276.63, 65.04, 31.47], [106.47, 286.38, 17.91, 45.19], [316.95, 240.11, 64.0, 36.52], [199.49, 260.63, 32.45, 33.02], [255.81, 253.3, 67.23, 40.38], [1, 10.35, 18.45, 52.97], [402.8, 258.89, 55.29, 59.62], [430.31, 207.35, 49.93, 57.11], [222.18, 208.59, 102.96, 81.39], [405.69, 235.55, 76.53, 38.43], [568.93, 206.32, 70.8, 94.37], [33.52, 292.63, 84.1, 143.0], [309.04, 219.15, 43.64, 46.56], [526.31, 206.18, 47.99, 62.46], [586.91, 312.09, 53.08, 45.4], [212.11, 309.28, 22.74, 47.6], [434.89, 318.01, 14.19, 9.34], [583.42, 279.59, 56.4, 54.15], [404.23, 336.25, 235.77, 113.47], [479.44, 248.22, 24.08, 32.64], [561.8, 250.77, 13.11, 30.49]]"
4893,/home/pi/sambashare/BacArbeit/cocoval2017/000000430961.jpg,3.185298493001028,"['0: person', '35: baseball glove', '0: person']","[0, 35, 0]","[0.8615961, 0.7702067, 0.34519506]","[[39.09, 1, 340.28, 315.16], [283.95, 91.25, 35.6, 44.25], [1, 97.65, 56.04, 83.48]]"
4894,/home/pi/sambashare/BacArbeit/cocoval2017/000000116825.jpg,3.185966790999373,"['43: knife', '15: cat', '56: chair']","[43, 15, 56]","[0.59928125, 0.49403596, 0.30335543]","[[376.59, 131.61, 132.87, 145.45], [69.62, 3.76, 324.43, 353.49], [538.75, 1, 100.56, 59.78]]"
4895,/home/pi/sambashare/BacArbeit/cocoval2017/000000427655.jpg,3.190248591999989,"['0: person', '5: bus', '17: horse', '2: car', '2: car', '0: person', '1: bicycle', '0: person']","[0, 5, 17, 2, 2, 0, 1, 0]","[0.8739373, 0.8724246, 0.74654704, 0.72701263, 0.6835064, 0.6634315, 0.3944107, 0.3923752]","[[297.89, 177.36, 74.33, 121.51], [389.43, 159.71, 37.32, 100.64], [54.03, 223.15, 213.31, 379.97], [220.67, 225.28, 57.36, 39.87], [367.59, 221.97, 25.92, 46.67], [156.46, 162.68, 65.35, 93.51], [1, 411.3, 101.71, 227.05], [9.98, 221.83, 13.31, 44.57]]"
4896,/home/pi/sambashare/BacArbeit/cocoval2017/000000531036.jpg,3.1780403390002903,"['0: person', '5: bus', '5: bus']","[0, 5, 5]","[0.93275666, 0.9257736, 0.7857152]","[[384.24, 280.47, 75.41, 184.52], [1, 220.34, 155.82, 186.36], [148.35, 65.2, 331.65, 386.85]]"
4897,/home/pi/sambashare/BacArbeit/cocoval2017/000000568439.jpg,3.180067556000722,"['5: bus', '0: person', '5: bus', '5: bus', '5: bus', '0: person', '0: person', '24: backpack', '0: person', '0: person', '0: person', '0: person', '0: person', '0: person']","[5, 0, 5, 5, 5, 0, 0, 24, 0, 0, 0, 0, 0, 0]","[0.9487205, 0.92519635, 0.92514694, 0.90758836, 0.87186384, 0.8705631, 0.75729305, 0.748676, 0.73211986, 0.61652404, 0.59793437, 0.5036896, 0.47764465, 0.28256336]","[[211.06, 113.62, 184.57, 201.02], [489.0, 207.68, 75.4, 195.72], [100.12, 152.25, 114.17, 139.62], [462.41, 201.42, 47.84, 61.01], [393.43, 187.95, 50.39, 78.98], [564.12, 230.15, 36.08, 80.7], [591.18, 228.64, 31.93, 80.12], [579.64, 241.34, 17.86, 25.15], [36.74, 241.23, 18.47, 40.58], [53.97, 242.39, 16.39, 39.94], [625.68, 233.86, 13.6, 49.43], [234.68, 224.93, 24.76, 22.53], [67.81, 243.98, 11.9, 30.33], [559.48, 230.51, 12.47, 37.41]]"
4898,/home/pi/sambashare/BacArbeit/cocoval2017/000000015338.jpg,3.198356362998311,"['5: bus', '5: bus', '2: car', '5: bus']","[5, 5, 2, 5]","[0.9030505, 0.86609054, 0.7930149, 0.702669]","[[439.7, 170.12, 87.17, 110.63], [264.51, 200.72, 83.98, 59.05], [139.46, 208.69, 49.81, 13.83], [1, 187.75, 32.07, 28.56]]"
4899,/home/pi/sambashare/BacArbeit/cocoval2017/000000174371.jpg,3.1954168169977493,"['0: person', '0: person', '0: person', '0: person', '0: person', '24: backpack', '24: backpack', '52: hot dog']","[0, 0, 0, 0, 0, 24, 24, 52]","[0.9209877, 0.9078104, 0.86259097, 0.8133163, 0.75255007, 0.38415495, 0.36335266, 0.3446705]","[[195.04, 164.9, 166.68, 345.0], [72.09, 132.09, 155.68, 377.47], [234.73, 97.05, 403.65, 413.95], [1.3, 143.31, 135.81, 355.57], [293.82, 168.39, 84.92, 206.17], [1, 257.31, 58.48, 144.44], [379.07, 201.03, 184.2, 202.74], [1, 478.38, 104.27, 32.53]]"
4900,/home/pi/sambashare/BacArbeit/cocoval2017/000000426836.jpg,3.1712255569982517,['0: person'],[0],[0.8532137],"[[326.1, 413.87, 24.28, 87.34]]"
4901,/home/pi/sambashare/BacArbeit/cocoval2017/000000282298.jpg,3.193993846001831,"['0: person', '74: clock', '0: person', '0: person', '0: person', '0: person', '0: person', '0: person', '0: person', '0: person', '0: person', '0: person', '26: handbag', '0: person', '0: person', '24: backpack']","[0, 74, 0, 0, 0, 0, 0, 0, 0, 0, 0, 0, 26, 0, 0, 24]","[0.90371865, 0.877678, 0.8677099, 0.857838, 0.84510696, 0.8303304, 0.8064644, 0.74226755, 0.57364017, 0.5434157, 0.54002756, 0.46252275, 0.42080566, 0.38244733, 0.3162638, 0.26162943]","[[1, 271.63, 62.03, 152.8], [469.35, 43.55, 107.68, 100.44], [361.18, 267.79, 72.11, 200.18], [95.47, 273.59, 54.94, 162.38], [447.01, 276.26, 47.29, 115.37], [550.73, 268.14, 88.73, 211.63], [176.21, 263.1, 61.79, 216.9], [251.29, 271.77, 54.38, 168.93], [420.25, 277.95, 29.93, 95.1], [498.28, 270.71, 40.67, 116.75], [228.01, 272.83, 34.34, 133.54], [42.38, 268.96, 30.79, 53.73], [92.05, 337.74, 25.32, 32.64], [339.74, 269.89, 30.95, 90.75], [604.7, 256.79, 35.16, 68.05], [254.59, 288.7, 48.63, 69.34]]"
4902,/home/pi/sambashare/BacArbeit/cocoval2017/000000325114.jpg,3.1829648450002423,"['61: toilet', '45: bowl']","[61, 45]","[0.90657586, 0.81082565]","[[66.33, 111.89, 139.25, 177.47], [413.0, 299.87, 111.55, 80.98]]"
4903,/home/pi/sambashare/BacArbeit/cocoval2017/000000476787.jpg,3.175044658997649,"['45: bowl', '39: bottle', '41: cup', '39: bottle', '43: knife', '41: cup', '39: bottle', '43: knife', '55: cake', '39: bottle', '45: bowl', '41: cup', '39: bottle']","[45, 39, 41, 39, 43, 41, 39, 43, 55, 39, 45, 41, 39]","[0.8956657, 0.71770626, 0.7026242, 0.7007599, 0.6845442, 0.6572112, 0.5771946, 0.56338066, 0.50474125, 0.48707545, 0.42978397, 0.4284515, 0.2716584]","[[69.9, 61.13, 216.38, 135.14], [477.3, 183.57, 68.61, 107.01], [574.76, 139.91, 64.78, 145.26], [468.01, 96.8, 96.68, 150.03], [19.14, 241.22, 201.81, 22.25], [358.9, 86.75, 56.57, 109.26], [279.5, 9.04, 86.96, 202.58], [479.71, 333.85, 35.18, 104.39], [176.52, 259.4, 259.57, 168.07], [292.81, 7.36, 65.94, 92.78], [43.21, 202.56, 189.36, 114.33], [186.45, 6.07, 57.72, 55.84], [414.43, 7.0, 127.57, 168.47]]"
4904,/home/pi/sambashare/BacArbeit/cocoval2017/000000139099.jpg,3.1907902250022744,"['0: person', '0: person', '0: person', '0: person', '0: person', '0: person', '2: car', '26: handbag', '1: bicycle', '0: person', '26: handbag', '0: person', '0: person', '0: person', '0: person', '0: person', '0: person', '0: person', '45: bowl', '26: handbag', '0: person', '26: handbag', '1: bicycle']","[0, 0, 0, 0, 0, 0, 2, 26, 1, 0, 26, 0, 0, 0, 0, 0, 0, 0, 45, 26, 0, 26, 1]","[0.9014446, 0.8255437, 0.8195923, 0.7978573, 0.6824572, 0.66311944, 0.6592596, 0.6345317, 0.6266282, 0.60043854, 0.5786349, 0.5778766, 0.54691947, 0.5244578, 0.4820503, 0.47856885, 0.41466132, 0.39632624, 0.39595404, 0.36581656, 0.34132996, 0.31760457, 0.26354825]","[[1, 148.61, 209.79, 269.01], [555.5, 100.91, 57.39, 135.71], [48.88, 100.25, 70.8, 89.96], [242.02, 106.45, 70.64, 198.43], [505.38, 109.85, 44.98, 93.56], [3.78, 159.41, 61.77, 67.23], [509.36, 98.61, 129.51, 104.82], [236.25, 131.35, 27.55, 48.91], [214.65, 257.32, 421.26, 195.55], [170.85, 91.81, 50.36, 97.82], [47.74, 199.12, 57.21, 83.3], [297.03, 75.16, 248.73, 376.73], [354.85, 94.72, 34.58, 89.35], [131.82, 105.15, 44.25, 61.78], [324.07, 105.33, 37.69, 67.35], [612.0, 105.97, 27.8, 51.37], [216.45, 100.13, 25.18, 52.11], [384.82, 114.96, 73.21, 86.56], [62.05, 351.67, 139.11, 55.02], [134.01, 128.65, 25.24, 54.49], [222.83, 101.87, 38.55, 84.81], [170.99, 115.12, 17.66, 47.85], [300.74, 165.38, 97.83, 190.23]]"
4905,/home/pi/sambashare/BacArbeit/cocoval2017/000000152120.jpg,3.1806163510009355,"['3: motorcycle', '0: person']","[3, 0]","[0.84683585, 0.64778996]","[[67.2, 140.3, 525.05, 273.98], [231.53, 27.99, 236.26, 269.05]]"
4906,/home/pi/sambashare/BacArbeit/cocoval2017/000000573094.jpg,3.1919272289997025,"['56: chair', '1: bicycle', '56: chair', '60: dining table', '41: cup', '73: book', '73: book', '73: book', '73: book', '62: tv', '73: book']","[56, 1, 56, 60, 41, 73, 73, 73, 73, 62, 73]","[0.9089917, 0.71682036, 0.54977006, 0.49966204, 0.39131534, 0.37723264, 0.33273432, 0.3315227, 0.29204956, 0.28366843, 0.2595917]","[[1, 250.91, 177.0, 244.03], [259.0, 303.65, 114.56, 194.48], [1, 402.47, 77.28, 97.1], [180.11, 286.14, 118.67, 96.46], [192.93, 303.64, 11.58, 23.82], [212.95, 313.06, 33.48, 14.2], [169.4, 200.71, 5.44, 20.4], [230.71, 310.78, 32.29, 9.25], [179.34, 195.16, 7.99, 25.11], [31.45, 186.53, 86.74, 82.66], [244.05, 289.68, 34.84, 8.99]]"
4907,/home/pi/sambashare/BacArbeit/cocoval2017/000000031620.jpg,3.173898390999966,"['0: person', '0: person', '56: chair', '0: person', '60: dining table', '56: chair', '60: dining table', '63: laptop']","[0, 0, 56, 0, 60, 56, 60, 63]","[0.8207715, 0.7729611, 0.7524953, 0.6303299, 0.6037869, 0.4563557, 0.327318, 0.26891416]","[[23.93, 249.87, 62.03, 137.13], [184.56, 223.56, 47.57, 105.82], [405.59, 344.99, 73.92, 293.06], [186.31, 237.61, 87.12, 112.33], [110.51, 325.87, 151.09, 115.51], [1, 318.2, 14.68, 76.69], [76.48, 308.57, 40.11, 42.87], [372.04, 266.66, 27.17, 23.83]]"
4908,/home/pi/sambashare/BacArbeit/cocoval2017/000000290179.jpg,3.172492792000412,"['8: boat', '8: boat', '8: boat', '74: clock', '8: boat', '74: clock', '8: boat', '6: train']","[8, 8, 8, 74, 8, 74, 8, 6]","[0.90975744, 0.8930328, 0.86429286, 0.69064933, 0.5232176, 0.4283719, 0.31673884, 0.25565115]","[[176.45, 344.67, 45.79, 19.71], [321.62, 381.99, 35.28, 15.58], [257.44, 362.09, 34.72, 18.55], [232.03, 238.06, 7.65, 8.81], [356.27, 380.56, 65.73, 29.48], [220.95, 238.45, 6.95, 8.17], [72.54, 323.4, 70.94, 20.83], [32.58, 284.65, 57.86, 17.82]]"
4909,/home/pi/sambashare/BacArbeit/cocoval2017/000000242060.jpg,3.190078307001386,"['75: vase', '75: vase', '76: scissors', '75: vase', '45: bowl']","[75, 75, 76, 75, 45]","[0.88816553, 0.88507265, 0.57876164, 0.47447187, 0.4083313]","[[204.28, 46.57, 78.68, 139.93], [285.2, 17.02, 74.63, 128.07], [1.13, 222.72, 247.0, 86.0], [234.58, 1, 67.54, 54.36], [248.45, 129.22, 386.03, 238.44]]"
4910,/home/pi/sambashare/BacArbeit/cocoval2017/000000459396.jpg,3.1974858959983976,"['19: cow', '19: cow', '19: cow']","[19, 19, 19]","[0.94512826, 0.93839586, 0.84556824]","[[21.46, 153.8, 407.49, 389.08], [465.76, 102.6, 96.09, 142.0], [200.87, 145.58, 112.15, 35.88]]"
4911,/home/pi/sambashare/BacArbeit/cocoval2017/000000335658.jpg,3.188472534999164,"['64: mouse', '66: keyboard', '64: mouse']","[64, 66, 64]","[0.94250274, 0.9391723, 0.50689614]","[[382.61, 258.78, 99.63, 160.95], [1.53, 101.52, 324.47, 177.59], [1, 57.9, 27.66, 53.15]]"
4912,/home/pi/sambashare/BacArbeit/cocoval2017/000000224119.jpg,3.1776939960000163,"['0: person', '17: horse', '0: person', '0: person']","[0, 17, 0, 0]","[0.6527146, 0.5809634, 0.53125024, 0.2544028]","[[176.5, 147.38, 65.58, 63.86], [2.79, 154.74, 324.9, 269.4], [298.71, 162.79, 339.53, 261.64], [243.76, 172.46, 22.39, 25.64]]"
4913,/home/pi/sambashare/BacArbeit/cocoval2017/000000066135.jpg,3.211483658000361,['6: train'],[6],[0.8329948],"[[33.22, 35.51, 465.03, 338.82]]"
4914,/home/pi/sambashare/BacArbeit/cocoval2017/000000181421.jpg,3.1822843629997806,"['0: person', '8: boat', '25: umbrella', '0: person', '0: person']","[0, 8, 25, 0, 0]","[0.9140394, 0.8880582, 0.82119185, 0.8149456, 0.74764585]","[[390.6, 166.4, 89.78, 96.68], [133.67, 230.53, 490.61, 91.82], [276.15, 108.67, 193.42, 61.45], [321.85, 150.86, 109.64, 112.74], [302.76, 166.89, 74.15, 92.16]]"
4915,/home/pi/sambashare/BacArbeit/cocoval2017/000000299553.jpg,3.1830861790003837,"['0: person', '0: person', '0: person', '0: person', '0: person', '0: person', '0: person']","[0, 0, 0, 0, 0, 0, 0]","[0.7686129, 0.76332563, 0.74985415, 0.73786527, 0.6851257, 0.41808635, 0.29493785]","[[278.71, 357.33, 28.43, 71.17], [300.02, 344.42, 25.37, 80.11], [179.02, 451.33, 19.82, 48.42], [345.65, 362.7, 24.12, 70.4], [193.33, 445.95, 16.93, 53.77], [6.26, 422.31, 35.22, 75.75], [295.82, 462.97, 49.19, 36.78]]"
4916,/home/pi/sambashare/BacArbeit/cocoval2017/000000379533.jpg,3.181520243997511,"['22: zebra', '20: elephant', '20: elephant']","[22, 20, 20]","[0.9532347, 0.9433485, 0.8444596]","[[178.42, 396.4, 287.74, 151.47], [52.51, 219.3, 119.42, 92.37], [163.75, 254.89, 40.9, 52.07]]"
4917,/home/pi/sambashare/BacArbeit/cocoval2017/000000210915.jpg,3.1787716209983046,"['0: person', '37: surfboard']","[0, 37]","[0.8317947, 0.39588773]","[[131.94, 113.43, 281.41, 180.7], [223.03, 59.96, 248.39, 130.41]]"
4918,/home/pi/sambashare/BacArbeit/cocoval2017/000000229311.jpg,3.178554150999844,"['45: bowl', '75: vase', '41: cup', '75: vase', '71: sink', '71: sink', '71: sink', '58: potted plant']","[45, 75, 41, 75, 71, 71, 71, 58]","[0.69780844, 0.568127, 0.44928178, 0.37031552, 0.33785546, 0.29666832, 0.263102, 0.25539395]","[[52.47, 170.4, 37.35, 16.95], [216.89, 147.65, 14.34, 33.5], [426.86, 197.79, 23.6, 20.55], [233.79, 142.38, 22.41, 42.46], [130.77, 222.26, 166.91, 54.16], [115.76, 219.31, 294.22, 131.42], [216.84, 249.07, 190.09, 71.5], [212.27, 114.55, 26.51, 66.43]]"
4919,/home/pi/sambashare/BacArbeit/cocoval2017/000000408112.jpg,3.1939593520000926,"['4: airplane', '4: airplane', '0: person', '0: person', '0: person', '0: person']","[4, 4, 0, 0, 0, 0]","[0.8498872, 0.84927464, 0.7907996, 0.72275853, 0.46955174, 0.27206257]","[[415.43, 164.62, 221.0, 73.96], [2.11, 101.34, 416.94, 221.2], [585.83, 209.58, 10.75, 23.9], [566.19, 211.07, 13.31, 26.36], [539.93, 214.76, 7.28, 17.84], [551.91, 213.21, 9.02, 17.35]]"
4920,/home/pi/sambashare/BacArbeit/cocoval2017/000000413395.jpg,3.203915946000052,"['15: cat', '15: cat', '0: person', '15: cat', '57: couch']","[15, 15, 0, 15, 57]","[0.7979883, 0.69621855, 0.5102999, 0.48001915, 0.3835193]","[[26.15, 248.51, 166.8, 171.7], [173.51, 260.23, 246.47, 160.59], [345.79, 200.93, 292.33, 219.08], [245.08, 199.75, 84.26, 87.9], [4.19, 162.54, 630.08, 258.46]]"
4921,/home/pi/sambashare/BacArbeit/cocoval2017/000000050638.jpg,3.1896527589997277,['0: person'],[0],[0.92550665],"[[353.65, 69.98, 128.18, 312.36]]"
4922,/home/pi/sambashare/BacArbeit/cocoval2017/000000426241.jpg,3.1854133650012955,"['66: keyboard', '64: mouse', '64: mouse', '66: keyboard', '62: tv', '63: laptop', '0: person', '62: tv']","[66, 64, 64, 66, 62, 63, 0, 62]","[0.9218421, 0.90155005, 0.9000805, 0.89520323, 0.8604296, 0.80148906, 0.379745, 0.31677043]","[[8.99, 210.3, 120.39, 47.97], [128.35, 225.47, 26.86, 16.32], [439.79, 224.56, 25.59, 18.31], [313.42, 194.02, 123.9, 39.02], [344.53, 87.05, 129.71, 99.95], [131.0, 191.24, 103.85, 38.29], [366.4, 100.17, 69.97, 80.98], [1, 116.04, 70.9, 77.87]]"
4923,/home/pi/sambashare/BacArbeit/cocoval2017/000000290843.jpg,3.196652570997685,"['15: cat', '63: laptop']","[15, 63]","[0.91024977, 0.8743134]","[[23.91, 250.36, 217.06, 251.26], [186.31, 107.44, 240.32, 371.02]]"
4924,/home/pi/sambashare/BacArbeit/cocoval2017/000000567197.jpg,3.176001438001549,"['7: truck', '7: truck', '7: truck', '7: truck', '7: truck', '74: clock', '7: truck', '7: truck', '0: person']","[7, 7, 7, 7, 7, 74, 7, 7, 0]","[0.8197005, 0.80426407, 0.80160874, 0.79613006, 0.67543155, 0.67537576, 0.6675972, 0.56027204, 0.45079687]","[[287.33, 258.27, 163.16, 84.86], [210.56, 260.52, 139.95, 80.19], [70.49, 297.53, 47.47, 36.82], [44.56, 301.44, 27.91, 26.67], [15.35, 299.76, 22.54, 22.21], [409.78, 72.86, 15.51, 17.6], [425.6, 265.14, 74.29, 73.37], [1, 286.44, 10.58, 50.53], [268.6, 288.6, 16.79, 10.35]]"
4925,/home/pi/sambashare/BacArbeit/cocoval2017/000000183648.jpg,3.1757422869995935,"['0: person', '0: person', '0: person', '20: elephant', '20: elephant']","[0, 0, 0, 20, 20]","[0.9331111, 0.9162433, 0.9142142, 0.54163045, 0.5365418]","[[198.76, 199.55, 170.83, 227.41], [113.36, 208.97, 144.69, 218.1], [451.12, 181.57, 123.98, 245.58], [2.07, 8.35, 623.21, 415.14], [1, 364.16, 90.78, 62.1]]"
4926,/home/pi/sambashare/BacArbeit/cocoval2017/000000565012.jpg,3.1950154950027354,"['2: car', '9: traffic light', '9: traffic light', '9: traffic light', '9: traffic light', '9: traffic light', '9: traffic light', '9: traffic light', '9: traffic light', '9: traffic light', '9: traffic light', '9: traffic light', '9: traffic light']","[2, 9, 9, 9, 9, 9, 9, 9, 9, 9, 9, 9, 9]","[0.69475716, 0.6822003, 0.5122681, 0.43184608, 0.38976368, 0.3676668, 0.3641717, 0.3640022, 0.35584205, 0.3434106, 0.3166279, 0.29852203, 0.26212424]","[[152.46, 195.87, 19.08, 13.38], [322.57, 208.5, 15.21, 24.43], [175.83, 142.31, 7.4, 7.67], [78.16, 127.88, 13.93, 13.99], [401.25, 35.59, 20.07, 17.79], [278.54, 139.21, 9.74, 8.99], [229.59, 147.72, 6.72, 6.71], [350.4, 139.21, 9.07, 8.18], [217.03, 144.14, 6.53, 7.14], [297.83, 208.38, 15.64, 35.75], [457.16, 135.02, 8.88, 9.5], [329.13, 152.12, 18.23, 36.29], [405.45, 146.69, 7.06, 7.16]]"
4927,/home/pi/sambashare/BacArbeit/cocoval2017/000000187513.jpg,3.180333280000923,"['61: toilet', '71: sink', '61: toilet', '71: sink']","[61, 71, 61, 71]","[0.8407755, 0.66651493, 0.5250512, 0.47246945]","[[98.95, 454.77, 157.48, 184.28], [1.24, 472.16, 134.68, 66.25], [178.62, 539.42, 77.63, 99.37], [1, 568.7, 74.96, 70.32]]"
4928,/home/pi/sambashare/BacArbeit/cocoval2017/000000546964.jpg,3.19438692300173,"['56: chair', '57: couch', '57: couch', '56: chair', '56: chair', '0: person', '56: chair', '0: person', '56: chair', '0: person', '56: chair', '58: potted plant', '0: person', '0: person', '0: person', '0: person', '75: vase', '56: chair', '56: chair', '56: chair']","[56, 57, 57, 56, 56, 0, 56, 0, 56, 0, 56, 58, 0, 0, 0, 0, 75, 56, 56, 56]","[0.95264715, 0.9432716, 0.92355764, 0.88525707, 0.816481, 0.7657201, 0.67829293, 0.59789735, 0.5940643, 0.5183893, 0.51018316, 0.45620605, 0.42046422, 0.39594185, 0.3576681, 0.31032, 0.30746552, 0.3050619, 0.25626838, 0.2521471]","[[6.56, 234.48, 323.43, 241.52], [158.74, 168.34, 265.2, 122.42], [494.71, 328.52, 144.54, 148.62], [478.22, 143.47, 88.92, 128.2], [110.98, 148.06, 59.71, 70.1], [314.29, 75.66, 30.66, 53.77], [610.1, 147.41, 29.64, 87.6], [497.84, 94.39, 19.17, 39.02], [455.74, 129.19, 36.3, 75.26], [606.23, 84.76, 33.47, 55.22], [585.94, 232.64, 53.82, 56.16], [315.08, 164.77, 78.09, 60.94], [403.64, 82.87, 28.94, 69.35], [282.63, 70.52, 33.37, 89.91], [425.2, 82.6, 18.7, 53.81], [245.57, 82.09, 27.42, 87.48], [81.0, 123.62, 17.44, 28.68], [508.3, 126.37, 22.31, 18.49], [385.51, 145.76, 67.03, 107.31], [1, 159.19, 128.76, 97.9]]"
4929,/home/pi/sambashare/BacArbeit/cocoval2017/000000201646.jpg,3.1783927700016648,"['0: person', '32: sports ball', '57: couch']","[0, 32, 57]","[0.76494837, 0.6981441, 0.562525]","[[2.34, 8.93, 296.65, 415.66], [1, 294.25, 114.51, 97.28], [1.67, 321.09, 460.45, 104.86]]"
4930,/home/pi/sambashare/BacArbeit/cocoval2017/000000166747.jpg,3.182119175002299,"['17: horse', '0: person', '0: person', '26: handbag', '0: person', '0: person', '0: person', '0: person', '0: person', '0: person', '0: person', '0: person', '0: person', '0: person', '0: person', '0: person']","[17, 0, 0, 26, 0, 0, 0, 0, 0, 0, 0, 0, 0, 0, 0, 0]","[0.9246195, 0.8754386, 0.8560688, 0.8320079, 0.715647, 0.6811897, 0.6386155, 0.6028904, 0.58614814, 0.55818206, 0.5479035, 0.48974302, 0.47376257, 0.36978433, 0.3083689, 0.30015722]","[[209.1, 210.61, 69.46, 150.71], [107.34, 236.05, 27.32, 94.99], [69.58, 238.61, 61.37, 153.33], [61.44, 261.15, 23.37, 55.57], [161.95, 89.31, 25.12, 66.54], [338.36, 279.6, 10.47, 32.32], [136.01, 248.98, 14.3, 47.12], [255.91, 114.62, 28.55, 62.39], [230.1, 110.75, 27.02, 36.81], [151.87, 91.36, 20.05, 52.56], [187.54, 109.32, 31.27, 58.59], [175.54, 195.53, 29.94, 47.73], [214.07, 108.28, 16.6, 25.05], [146.63, 243.2, 13.45, 47.38], [156.12, 243.64, 9.77, 39.55], [258.05, 114.67, 16.02, 32.02]]"
4931,/home/pi/sambashare/BacArbeit/cocoval2017/000000392818.jpg,3.1941705839999486,"['16: dog', '45: bowl']","[16, 45]","[0.44926175, 0.32413268]","[[3.18, 1, 468.97, 449.25], [1, 1, 39.91, 71.87]]"
4932,/home/pi/sambashare/BacArbeit/cocoval2017/000000376625.jpg,3.1752681500001927,"['0: person', '0: person', '0: person', '0: person', '0: person', '2: car', '0: person', '2: car', '5: bus', '0: person', '26: handbag', '0: person', '0: person', '0: person']","[0, 0, 0, 0, 0, 2, 0, 2, 5, 0, 26, 0, 0, 0]","[0.8553669, 0.8350908, 0.79746157, 0.7310827, 0.7256209, 0.6934395, 0.6007698, 0.54310834, 0.4409344, 0.42379242, 0.37675586, 0.3458213, 0.26094013, 0.25099203]","[[47.44, 219.81, 36.36, 109.71], [506.69, 206.9, 38.84, 113.36], [539.22, 206.53, 50.18, 120.29], [214.69, 240.7, 8.43, 17.51], [316.52, 177.22, 27.49, 41.01], [237.74, 244.57, 15.43, 24.96], [1, 225.27, 19.4, 92.59], [229.87, 243.35, 18.22, 20.76], [246.58, 107.48, 198.46, 223.51], [360.83, 168.88, 38.38, 52.54], [565.05, 232.67, 26.38, 41.0], [197.57, 240.26, 6.73, 14.44], [1, 223.95, 21.67, 30.39], [188.39, 240.97, 7.01, 13.93]]"
4933,/home/pi/sambashare/BacArbeit/cocoval2017/000000353096.jpg,3.183537051001622,"['66: keyboard', '64: mouse', '62: tv', '63: laptop']","[66, 64, 62, 63]","[0.9383967, 0.9358352, 0.8990217, 0.6938814]","[[101.84, 275.59, 296.04, 47.4], [445.57, 288.55, 49.43, 32.83], [101.88, 25.67, 297.03, 195.95], [159.38, 233.59, 182.69, 42.94]]"
4934,/home/pi/sambashare/BacArbeit/cocoval2017/000000484893.jpg,3.1842409079981735,"['18: sheep', '18: sheep', '0: person', '17: horse', '18: sheep', '18: sheep']","[18, 18, 0, 17, 18, 18]","[0.9062156, 0.8693872, 0.7847824, 0.5491814, 0.49359804, 0.48416308]","[[197.5, 1, 153.03, 157.94], [366.99, 1.65, 176.88, 138.62], [1.51, 95.6, 365.52, 332.4], [247.59, 115.43, 281.1, 311.16], [597.59, 147.55, 42.04, 214.39], [588.85, 13.65, 50.79, 120.74]]"
4935,/home/pi/sambashare/BacArbeit/cocoval2017/000000251572.jpg,3.1816716350003844,"['16: dog', '0: person']","[16, 0]","[0.7146894, 0.5716054]","[[164.74, 123.25, 475.26, 302.75], [503.64, 232.19, 135.72, 193.6]]"
4936,/home/pi/sambashare/BacArbeit/cocoval2017/000000457262.jpg,3.1895685649978986,['46: banana'],[46],[0.7528297],"[[35.89, 117.78, 424.19, 263.48]]"
4937,/home/pi/sambashare/BacArbeit/cocoval2017/000000527427.jpg,3.1865825679997215,"['63: laptop', '0: person', '39: bottle', '56: chair', '39: bottle', '41: cup', '66: keyboard', '56: chair', '67: cell phone', '75: vase', '39: bottle']","[63, 0, 39, 56, 39, 41, 66, 56, 67, 75, 39]","[0.92087615, 0.7811963, 0.6044354, 0.5439356, 0.44714108, 0.44139305, 0.31901476, 0.31283256, 0.2854291, 0.2595136, 0.25051835]","[[110.21, 180.21, 132.08, 104.25], [171.55, 150.23, 440.12, 329.77], [113.04, 163.01, 21.05, 41.01], [296.01, 335.01, 325.2, 142.94], [61.7, 147.75, 25.94, 53.14], [59.1, 42.51, 33.95, 29.69], [136.95, 231.37, 92.43, 45.25], [312.02, 274.83, 119.73, 61.0], [18.45, 272.32, 40.92, 26.2], [78.69, 198.25, 37.96, 59.72], [50.71, 174.59, 20.74, 43.88]]"
4938,/home/pi/sambashare/BacArbeit/cocoval2017/000000299887.jpg,3.1854732779975166,"['0: person', '0: person', '7: truck', '3: motorcycle', '27: tie']","[0, 0, 7, 3, 27]","[0.93436843, 0.8773086, 0.7361589, 0.65125775, 0.5315149]","[[367.8, 121.46, 151.89, 358.41], [208.52, 113.36, 227.19, 365.81], [1, 184.21, 46.03, 31.03], [1, 130.44, 369.24, 348.19], [393.89, 187.12, 51.81, 39.1]]"
4939,/home/pi/sambashare/BacArbeit/cocoval2017/000000161397.jpg,3.1843709780005156,['75: vase'],[75],[0.6708552],"[[87.77, 274.05, 152.79, 93.55]]"
4940,/home/pi/sambashare/BacArbeit/cocoval2017/000000153527.jpg,3.185869869997987,"['56: chair', '13: bench', '0: person', '56: chair', '0: person', '14: bird', '0: person']","[56, 13, 0, 56, 0, 14, 0]","[0.782229, 0.56340474, 0.55403763, 0.50121015, 0.49978518, 0.49829316, 0.46474296]","[[410.23, 69.06, 40.25, 53.4], [42.37, 127.11, 398.84, 246.92], [422.7, 46.98, 25.15, 36.18], [372.69, 70.52, 32.4, 53.21], [477.99, 50.83, 21.99, 46.32], [466.19, 100.5, 32.55, 30.38], [458.54, 50.3, 22.66, 34.41]]"
4941,/home/pi/sambashare/BacArbeit/cocoval2017/000000259690.jpg,3.189996938999684,"['0: person', '0: person', '0: person', '0: person', '34: baseball bat', '0: person', '0: person', '32: sports ball', '0: person', '2: car', '0: person', '35: baseball glove', '32: sports ball', '32: sports ball', '0: person']","[0, 0, 0, 0, 34, 0, 0, 32, 0, 2, 0, 35, 32, 32, 0]","[0.9314201, 0.85081434, 0.825312, 0.8062786, 0.79844284, 0.78759146, 0.69167286, 0.6773153, 0.6525893, 0.54461914, 0.500223, 0.4893658, 0.47247857, 0.39507446, 0.35649085]","[[291.65, 87.15, 136.58, 291.52], [156.13, 140.17, 179.92, 211.03], [95.96, 126.04, 42.37, 74.54], [148.06, 123.43, 33.4, 76.58], [386.2, 167.59, 88.09, 40.07], [66.54, 129.1, 30.65, 75.77], [69.57, 107.5, 32.06, 39.17], [514.91, 165.34, 12.68, 9.98], [178.23, 122.89, 34.61, 72.3], [445.96, 112.0, 130.49, 40.73], [25.09, 103.6, 46.67, 84.16], [536.72, 174.43, 36.45, 9.15], [490.24, 171.4, 9.71, 7.04], [473.67, 170.33, 12.84, 9.56], [201.86, 133.61, 30.56, 50.69]]"
4942,/home/pi/sambashare/BacArbeit/cocoval2017/000000031217.jpg,3.1961977450009726,"['0: person', '38: tennis racket', '32: sports ball']","[0, 38, 32]","[0.9462256, 0.8252419, 0.7463535]","[[263.53, 150.72, 130.16, 160.47], [392.34, 164.39, 48.4, 30.38], [600.88, 90.26, 8.12, 7.11]]"
4943,/home/pi/sambashare/BacArbeit/cocoval2017/000000090108.jpg,3.1928446300007636,"['61: toilet', '71: sink', '39: bottle']","[61, 71, 39]","[0.8933348, 0.78313726, 0.7487172]","[[523.69, 254.22, 114.76, 165.8], [105.46, 254.36, 146.29, 47.54], [214.02, 224.63, 16.53, 32.38]]"
4944,/home/pi/sambashare/BacArbeit/cocoval2017/000000507037.jpg,3.18474725499982,"['0: person', '0: person', '0: person', '1: bicycle', '1: bicycle', '24: backpack', '0: person', '0: person', '0: person', '0: person', '0: person', '24: backpack', '1: bicycle', '24: backpack', '26: handbag', '28: suitcase', '0: person', '1: bicycle', '24: backpack', '1: bicycle', '0: person', '0: person']","[0, 0, 0, 1, 1, 24, 0, 0, 0, 0, 0, 24, 1, 24, 26, 28, 0, 1, 24, 1, 0, 0]","[0.9164402, 0.9024967, 0.87084407, 0.8331033, 0.814266, 0.8031064, 0.80147165, 0.7950919, 0.7741029, 0.74638885, 0.7305615, 0.7175055, 0.6423808, 0.6180535, 0.56168383, 0.5385747, 0.42356545, 0.3777948, 0.36036277, 0.35322776, 0.3493519, 0.2737461]","[[592.68, 277.66, 47.32, 124.86], [67.55, 226.98, 70.97, 200.21], [1, 251.46, 63.66, 159.45], [440.88, 311.96, 157.92, 103.99], [363.94, 318.15, 181.88, 120.25], [29.09, 275.37, 35.96, 45.36], [421.91, 263.71, 36.03, 106.58], [373.2, 267.05, 37.18, 78.85], [234.15, 274.01, 38.27, 85.93], [292.39, 255.27, 69.09, 209.98], [180.35, 264.72, 46.36, 86.96], [243.49, 399.43, 54.14, 70.14], [1, 422.78, 102.94, 57.03], [196.68, 285.77, 37.88, 66.06], [607.07, 298.12, 31.94, 45.01], [397.2, 389.47, 73.99, 28.9], [351.13, 273.94, 23.17, 58.91], [66.94, 352.25, 75.1, 57.85], [198.07, 295.99, 31.98, 34.93], [277.54, 340.19, 22.41, 36.22], [120.08, 279.78, 33.94, 99.83], [1, 246.05, 24.2, 116.35]]"
4945,/home/pi/sambashare/BacArbeit/cocoval2017/000000581100.jpg,3.179852661000041,"['23: giraffe', '23: giraffe', '19: cow']","[23, 23, 19]","[0.9395645, 0.86328155, 0.39238083]","[[232.79, 141.9, 168.61, 258.43], [372.38, 174.6, 84.26, 206.71], [93.86, 225.03, 110.13, 80.32]]"
4946,/home/pi/sambashare/BacArbeit/cocoval2017/000000430056.jpg,3.187593000999186,"['66: keyboard', '48: sandwich', '48: sandwich', '62: tv']","[66, 48, 48, 62]","[0.71646476, 0.6918605, 0.53072965, 0.45789397]","[[256.64, 114.67, 241.49, 51.03], [221.28, 122.47, 156.05, 158.85], [46.7, 115.49, 189.82, 156.86], [78.22, 1, 411.9, 76.93]]"
4947,/home/pi/sambashare/BacArbeit/cocoval2017/000000577976.jpg,3.1799132990017824,"['2: car', '7: truck', '7: truck']","[2, 7, 7]","[0.89404935, 0.84810126, 0.7629606]","[[1, 274.96, 103.27, 32.72], [508.66, 251.0, 130.61, 84.3], [389.51, 269.69, 88.59, 34.65]]"
4948,/home/pi/sambashare/BacArbeit/cocoval2017/000000576566.jpg,3.188811894000537,"['0: person', '36: skateboard', '36: skateboard']","[0, 36, 36]","[0.8600072, 0.66734993, 0.5608269]","[[137.79, 16.94, 209.01, 419.12], [108.47, 306.28, 182.78, 164.99], [128.29, 487.9, 81.84, 139.03]]"
4949,/home/pi/sambashare/BacArbeit/cocoval2017/000000448448.jpg,3.1955369589995826,['23: giraffe'],[23],[0.7990961],"[[139.5, 15.04, 499.82, 463.04]]"
4950,/home/pi/sambashare/BacArbeit/cocoval2017/000000214539.jpg,3.1899250930000562,"['32: sports ball', '0: person', '0: person', '0: person', '0: person', '0: person', '0: person', '0: person', '0: person', '0: person', '0: person', '0: person', '0: person']","[32, 0, 0, 0, 0, 0, 0, 0, 0, 0, 0, 0, 0]","[0.9325198, 0.9286618, 0.91200376, 0.80986446, 0.7735924, 0.7218833, 0.7031339, 0.67500293, 0.38376588, 0.3824795, 0.3744164, 0.36582232, 0.28309938]","[[265.84, 310.55, 38.2, 35.39], [230.67, 98.37, 211.99, 252.71], [565.31, 59.24, 74.25, 279.96], [191.81, 190.45, 57.26, 84.35], [479.02, 160.23, 36.92, 101.96], [51.2, 189.62, 68.56, 96.69], [113.9, 196.86, 53.86, 86.68], [144.27, 195.45, 68.42, 82.04], [514.47, 190.38, 50.42, 54.61], [462.29, 193.84, 23.29, 55.24], [173.06, 184.85, 27.9, 48.79], [24.87, 187.75, 65.32, 96.93], [93.44, 194.96, 50.71, 89.15]]"
4951,/home/pi/sambashare/BacArbeit/cocoval2017/000000415748.jpg,3.1999987790004525,"['20: elephant', '0: person', '0: person']","[20, 0, 0]","[0.9077121, 0.34361887, 0.27060986]","[[37.21, 276.95, 273.06, 336.94], [132.69, 158.8, 57.8, 53.45], [418.33, 387.29, 7.51, 54.86]]"
4952,/home/pi/sambashare/BacArbeit/cocoval2017/000000147745.jpg,3.178397773001052,"['7: truck', '7: truck']","[7, 7]","[0.9376157, 0.9180817]","[[352.42, 129.2, 226.61, 236.04], [33.15, 68.51, 332.3, 346.0]]"
4953,/home/pi/sambashare/BacArbeit/cocoval2017/000000553511.jpg,3.183640176001063,"['2: car', '2: car', '2: car', '10: fire hydrant', '0: person', '9: traffic light', '9: traffic light', '2: car', '9: traffic light', '9: traffic light']","[2, 2, 2, 10, 0, 9, 9, 2, 9, 9]","[0.93807983, 0.92611, 0.8921312, 0.7949327, 0.753583, 0.5963506, 0.58263296, 0.4790496, 0.37900645, 0.33868384]","[[49.38, 261.27, 141.33, 56.78], [324.43, 266.47, 60.27, 28.58], [182.77, 269.59, 48.45, 37.02], [396.53, 296.63, 19.47, 36.2], [440.69, 261.0, 19.07, 31.56], [1, 153.4, 6.51, 25.01], [320.16, 181.03, 6.95, 17.63], [414.61, 263.02, 18.02, 17.1], [44.56, 166.45, 11.47, 22.63], [268.88, 182.7, 6.59, 17.66]]"
4954,/home/pi/sambashare/BacArbeit/cocoval2017/000000371699.jpg,3.177002819997142,"['63: laptop', '0: person', '60: dining table', '63: laptop', '0: person', '56: chair', '56: chair', '73: book', '73: book', '56: chair', '73: book', '73: book', '73: book', '73: book', '56: chair']","[63, 0, 60, 63, 0, 56, 56, 73, 73, 56, 73, 73, 73, 73, 56]","[0.8501844, 0.8306249, 0.7417214, 0.70404357, 0.6604844, 0.5488189, 0.5452655, 0.4480494, 0.447113, 0.42875203, 0.3839776, 0.37050068, 0.34745732, 0.33076474, 0.31782588]","[[345.36, 283.01, 61.05, 48.89], [1, 249.24, 65.41, 318.12], [289.13, 281.16, 190.26, 239.1], [1, 229.65, 45.43, 68.54], [295.35, 539.08, 102.88, 100.57], [434.73, 393.23, 45.06, 117.32], [136.82, 296.32, 40.61, 43.18], [75.32, 433.05, 30.06, 49.81], [66.17, 434.98, 25.77, 52.25], [301.82, 287.01, 71.68, 146.02], [51.54, 501.29, 18.39, 57.34], [52.22, 438.9, 18.78, 52.9], [402.67, 316.24, 76.2, 46.29], [43.02, 442.85, 14.42, 56.17], [332.24, 272.56, 43.48, 31.12]]"
4955,/home/pi/sambashare/BacArbeit/cocoval2017/000000289586.jpg,3.1912489390015253,['23: giraffe'],[23],[0.6888081],"[[89.11, 90.85, 332.16, 547.31]]"
4956,/home/pi/sambashare/BacArbeit/cocoval2017/000000153299.jpg,3.186085175999324,"['23: giraffe', '23: giraffe']","[23, 23]","[0.9061673, 0.8418479]","[[60.66, 211.77, 208.71, 279.39], [36.89, 38.36, 340.68, 442.75]]"
4957,/home/pi/sambashare/BacArbeit/cocoval2017/000000513567.jpg,3.1807110110021313,"['0: person', '0: person', '0: person', '67: cell phone', '0: person', '0: person', '26: handbag', '2: car', '0: person', '52: hot dog', '26: handbag', '0: person', '0: person']","[0, 0, 0, 67, 0, 0, 26, 2, 0, 52, 26, 0, 0]","[0.9595203, 0.86135197, 0.8174419, 0.8016528, 0.77987844, 0.76784194, 0.709373, 0.6661713, 0.6296383, 0.60181534, 0.4495547, 0.29306948, 0.26143086]","[[21.9, 84.85, 323.03, 394.68], [324.0, 1, 292.86, 477.78], [296.0, 110.8, 75.91, 226.37], [446.43, 156.12, 114.48, 45.43], [546.01, 107.76, 45.85, 83.58], [598.62, 122.24, 41.12, 184.69], [545.27, 324.33, 81.55, 101.81], [1, 150.63, 23.84, 30.69], [287.76, 101.23, 41.73, 116.69], [93.54, 285.95, 132.36, 84.3], [169.09, 379.98, 134.24, 99.82], [582.75, 124.82, 26.92, 45.3], [38.4, 145.13, 12.89, 32.51]]"
4958,/home/pi/sambashare/BacArbeit/cocoval2017/000000563758.jpg,3.1809499980008695,['21: bear'],[21],[0.5247621],"[[1.09, 4.89, 426.95, 418.61]]"
4959,/home/pi/sambashare/BacArbeit/cocoval2017/000000454798.jpg,3.1895732619996124,"['17: horse', '0: person', '5: bus']","[17, 0, 5]","[0.9030151, 0.8881883, 0.2639111]","[[140.81, 100.43, 285.36, 264.8], [267.37, 63.31, 73.62, 179.78], [451.37, 142.71, 83.85, 29.85]]"
4960,/home/pi/sambashare/BacArbeit/cocoval2017/000000369812.jpg,3.176147235000826,"['2: car', '2: car', '2: car', '2: car', '0: person', '5: bus', '0: person', '2: car', '0: person', '2: car', '2: car', '0: person', '0: person', '11: stop sign', '0: person']","[2, 2, 2, 2, 0, 5, 0, 2, 0, 2, 2, 0, 0, 11, 0]","[0.95290697, 0.9237613, 0.87567705, 0.857854, 0.7888571, 0.7358935, 0.54400474, 0.5032845, 0.48562112, 0.41266426, 0.38794127, 0.3248451, 0.32142457, 0.31547374, 0.2550589]","[[459.3, 495.66, 180.17, 133.13], [324.36, 520.42, 71.29, 48.37], [242.15, 516.31, 34.14, 26.41], [388.55, 522.03, 54.04, 37.09], [118.03, 514.18, 12.18, 29.29], [332.96, 485.7, 30.64, 36.58], [145.13, 514.8, 8.19, 24.6], [227.63, 516.86, 13.16, 12.96], [153.33, 513.47, 9.44, 26.57], [219.5, 515.19, 10.61, 12.98], [189.37, 506.52, 20.36, 20.58], [397.57, 511.67, 5.79, 11.17], [182.68, 515.01, 8.69, 17.86], [209.35, 379.01, 27.12, 47.07], [387.69, 515.39, 6.69, 12.67]]"
4961,/home/pi/sambashare/BacArbeit/cocoval2017/000000405249.jpg,3.1743249299979652,"['55: cake', '0: person', '0: person', '0: person', '0: person', '0: person', '0: person', '0: person', '0: person', '0: person', '0: person', '0: person', '0: person']","[55, 0, 0, 0, 0, 0, 0, 0, 0, 0, 0, 0, 0]","[0.8852782, 0.8804706, 0.7805861, 0.7507808, 0.7054703, 0.7001643, 0.69239885, 0.6750923, 0.65657717, 0.6555322, 0.51128256, 0.4951258, 0.34060088]","[[52.6, 146.32, 94.01, 56.43], [141.39, 42.72, 126.49, 125.6], [89.2, 28.45, 74.22, 127.09], [171.78, 1, 118.25, 121.84], [438.46, 103.43, 60.96, 271.13], [424.59, 1, 75.07, 100.86], [177.83, 172.4, 305.55, 201.92], [380.1, 64.83, 90.73, 138.76], [1, 7.84, 55.64, 163.28], [260.53, 4.84, 126.77, 167.06], [356.51, 1, 84.55, 86.95], [1.86, 1, 109.83, 117.37], [111.7, 1, 75.58, 45.43]]"
4962,/home/pi/sambashare/BacArbeit/cocoval2017/000000048555.jpg,3.1895399159984663,"['17: horse', '17: horse', '0: person', '0: person', '0: person']","[17, 17, 0, 0, 0]","[0.8922234, 0.7246668, 0.6481793, 0.60982186, 0.27110258]","[[86.38, 251.64, 151.11, 85.9], [220.29, 246.57, 68.84, 70.69], [167.29, 229.68, 48.36, 60.09], [215.24, 227.36, 43.9, 40.1], [170.57, 228.3, 86.87, 48.65]]"
4963,/home/pi/sambashare/BacArbeit/cocoval2017/000000023126.jpg,3.186311547000514,"['17: horse', '0: person']","[17, 0]","[0.9345092, 0.90633774]","[[1, 274.35, 506.52, 150.56], [162.03, 12.83, 116.87, 331.98]]"
4964,/home/pi/sambashare/BacArbeit/cocoval2017/000000169169.jpg,3.179785467000329,"['58: potted plant', '58: potted plant', '0: person', '0: person', '58: potted plant', '0: person', '0: person', '0: person', '0: person', '0: person', '0: person', '2: car', '0: person', '0: person', '0: person', '0: person', '58: potted plant']","[58, 58, 0, 0, 58, 0, 0, 0, 0, 0, 0, 2, 0, 0, 0, 0, 58]","[0.8900626, 0.87467015, 0.8746413, 0.83697647, 0.8226874, 0.78108644, 0.7736958, 0.74808395, 0.7176861, 0.70163894, 0.700207, 0.6564121, 0.64144427, 0.6002923, 0.31343082, 0.29018694, 0.2884327]","[[1, 402.87, 73.47, 56.73], [130.51, 400.87, 84.85, 79.08], [243.5, 349.88, 39.82, 105.09], [378.88, 365.52, 20.33, 53.4], [299.22, 411.39, 62.1, 55.66], [288.12, 364.45, 27.43, 64.13], [311.88, 363.88, 26.58, 51.44], [590.42, 369.33, 38.53, 71.09], [528.56, 362.21, 25.41, 72.29], [481.31, 365.99, 18.09, 39.52], [553.84, 361.3, 24.69, 79.35], [392.04, 364.89, 95.74, 43.62], [577.56, 364.27, 18.62, 61.27], [621.86, 366.73, 17.85, 87.05], [597.13, 361.51, 11.82, 22.04], [89.53, 357.4, 9.94, 51.59], [444.44, 412.28, 47.68, 18.28]]"
4965,/home/pi/sambashare/BacArbeit/cocoval2017/000000177893.jpg,3.182243217001087,"['5: bus', '2: car', '2: car']","[5, 2, 2]","[0.9332567, 0.6940701, 0.45746347]","[[67.7, 142.26, 462.65, 142.82], [627.32, 253.37, 12.38, 35.74], [525.27, 203.48, 59.47, 19.05]]"
4966,/home/pi/sambashare/BacArbeit/cocoval2017/000000062025.jpg,3.180980412998906,"['61: toilet', '71: sink', '41: cup', '41: cup', '39: bottle', '0: person']","[61, 71, 41, 41, 39, 0]","[0.8792474, 0.87680745, 0.80681753, 0.77218187, 0.50055665, 0.45336834]","[[43.82, 534.91, 163.41, 104.72], [192.01, 363.14, 182.79, 93.93], [82.2, 285.94, 26.65, 40.56], [124.71, 281.14, 25.98, 37.46], [220.78, 277.77, 9.88, 25.78], [13.79, 308.38, 3.92, 9.42]]"
4967,/home/pi/sambashare/BacArbeit/cocoval2017/000000016451.jpg,3.17716068700247,"['37: surfboard', '37: surfboard', '37: surfboard', '26: handbag', '0: person', '56: chair', '25: umbrella', '26: handbag', '26: handbag', '56: chair', '56: chair', '26: handbag', '56: chair']","[37, 37, 37, 26, 0, 56, 25, 26, 26, 56, 56, 26, 56]","[0.9328021, 0.91584915, 0.85755855, 0.8422938, 0.7923228, 0.74386084, 0.7309814, 0.7024251, 0.7022767, 0.6260188, 0.57007504, 0.32773945, 0.27839506]","[[371.8, 338.98, 102.04, 146.35], [242.05, 294.94, 86.74, 71.57], [80.13, 340.77, 252.22, 93.28], [494.96, 453.23, 86.28, 98.28], [519.4, 155.83, 10.82, 20.05], [166.18, 193.36, 43.31, 70.85], [152.65, 120.03, 128.16, 78.68], [520.29, 304.24, 91.46, 79.77], [501.1, 384.75, 69.25, 71.25], [229.54, 194.17, 56.65, 56.95], [197.18, 196.6, 56.89, 71.83], [563.19, 393.84, 48.72, 72.62], [222.57, 170.5, 59.41, 36.25]]"
4968,/home/pi/sambashare/BacArbeit/cocoval2017/000000398905.jpg,3.1696865120029543,['0: person'],[0],[0.7827556],"[[219.2, 33.13, 293.06, 392.36]]"
4969,/home/pi/sambashare/BacArbeit/cocoval2017/000000323571.jpg,3.1956277870012855,"['7: truck', '2: car', '7: truck', '9: traffic light', '9: traffic light', '2: car', '2: car', '2: car']","[7, 2, 7, 9, 9, 2, 2, 2]","[0.91229594, 0.8608116, 0.82705474, 0.6094636, 0.37783372, 0.30229083, 0.3012137, 0.27501774]","[[216.58, 582.19, 122.23, 49.32], [354.46, 574.94, 56.3, 27.64], [32.61, 589.3, 96.47, 50.41], [82.15, 415.96, 50.07, 98.04], [135.9, 525.34, 21.78, 35.59], [74.53, 593.57, 77.27, 37.11], [136.37, 593.57, 15.88, 34.33], [302.58, 576.02, 43.13, 29.52]]"
4970,/home/pi/sambashare/BacArbeit/cocoval2017/000000263425.jpg,3.187103364001814,"['0: person', '0: person', '8: boat']","[0, 0, 8]","[0.92323333, 0.8988604, 0.50905746]","[[184.66, 100.09, 79.23, 114.05], [385.85, 36.55, 97.54, 152.97], [144.36, 19.75, 495.64, 408.25]]"
4971,/home/pi/sambashare/BacArbeit/cocoval2017/000000346232.jpg,3.179627375000564,"['0: person', '0: person', '0: person', '24: backpack', '25: umbrella', '7: truck', '0: person', '0: person', '0: person', '24: backpack', '24: backpack', '0: person', '0: person', '0: person', '25: umbrella', '0: person']","[0, 0, 0, 24, 25, 7, 0, 0, 0, 24, 24, 0, 0, 0, 25, 0]","[0.9470822, 0.91756207, 0.9018556, 0.81746584, 0.79072756, 0.7614544, 0.7068416, 0.6689742, 0.6048695, 0.6032138, 0.5206903, 0.4982351, 0.48821127, 0.40947726, 0.39283708, 0.29489285]","[[61.87, 303.85, 96.33, 274.03], [284.63, 317.66, 79.97, 253.14], [177.53, 314.19, 101.77, 275.24], [303.56, 353.49, 49.98, 97.11], [270.16, 195.46, 156.54, 169.7], [337.45, 316.22, 88.84, 66.49], [248.46, 323.17, 42.9, 179.96], [149.59, 318.7, 31.0, 90.61], [1, 305.83, 15.3, 112.05], [253.59, 351.31, 28.97, 58.0], [209.55, 374.85, 43.43, 109.63], [46.95, 321.47, 21.3, 78.06], [13.5, 322.9, 17.27, 55.61], [168.12, 317.1, 23.45, 80.63], [35.95, 306.91, 41.89, 19.21], [176.7, 316.43, 38.17, 94.48]]"
4972,/home/pi/sambashare/BacArbeit/cocoval2017/000000154339.jpg,3.1940210060020036,['75: vase'],[75],[0.3232603],"[[160.5, 79.15, 304.94, 284.59]]"
4973,/home/pi/sambashare/BacArbeit/cocoval2017/000000292997.jpg,3.1803807159994903,"['7: truck', '2: car', '0: person', '2: car', '9: traffic light', '7: truck', '9: traffic light', '9: traffic light', '9: traffic light', '2: car', '9: traffic light', '9: traffic light']","[7, 2, 0, 2, 9, 7, 9, 9, 9, 2, 9, 9]","[0.9448535, 0.9411805, 0.88943756, 0.87439007, 0.8052755, 0.7236248, 0.6253167, 0.58477485, 0.48905516, 0.44917762, 0.38379467, 0.2662334]","[[1, 213.69, 188.82, 172.56], [310.42, 245.59, 216.98, 70.15], [606.75, 231.45, 30.62, 69.18], [408.63, 235.02, 73.9, 36.18], [4.29, 163.73, 15.8, 23.86], [360.18, 195.13, 224.41, 74.39], [474.77, 113.41, 18.25, 51.54], [504.77, 194.71, 9.76, 17.96], [488.15, 119.82, 19.47, 45.34], [325.13, 228.66, 25.24, 16.39], [516.89, 194.61, 12.8, 18.24], [509.22, 194.75, 14.4, 18.39]]"
4974,/home/pi/sambashare/BacArbeit/cocoval2017/000000453634.jpg,3.1949237910012016,"['71: sink', '61: toilet', '61: toilet']","[71, 61, 61]","[0.8597212, 0.62333775, 0.25636008]","[[249.01, 458.43, 230.99, 180.86], [59.8, 349.92, 227.32, 178.29], [1, 410.48, 102.48, 227.74]]"
4975,/home/pi/sambashare/BacArbeit/cocoval2017/000000484760.jpg,3.1758336369966855,"['74: clock', '74: clock', '33: kite', '74: clock']","[74, 74, 33, 74]","[0.7501645, 0.69646746, 0.33135316, 0.26128167]","[[491.68, 269.56, 33.53, 31.9], [629.82, 226.79, 9.89, 48.95], [181.69, 23.41, 20.81, 24.42], [525.61, 332.32, 113.71, 93.68]]"
4976,/home/pi/sambashare/BacArbeit/cocoval2017/000000262227.jpg,3.1773052790013026,"['63: laptop', '61: toilet', '62: tv']","[63, 61, 62]","[0.85585815, 0.56086886, 0.3862538]","[[2.23, 48.46, 207.92, 589.91], [318.32, 532.84, 154.63, 106.36], [176.64, 228.64, 191.48, 335.63]]"
4977,/home/pi/sambashare/BacArbeit/cocoval2017/000000106881.jpg,3.1899813799973344,['14: bird'],[14],[0.8811833],"[[200.56, 238.9, 73.04, 159.47]]"
4978,/home/pi/sambashare/BacArbeit/cocoval2017/000000524280.jpg,3.193684452002344,['21: bear'],[21],[0.72944826],"[[31.43, 9.51, 608.49, 630.49]]"
4979,/home/pi/sambashare/BacArbeit/cocoval2017/000000427077.jpg,3.188968639999075,['0: person'],[0],[0.92861664],"[[120.14, 73.81, 152.58, 335.17]]"
4980,/home/pi/sambashare/BacArbeit/cocoval2017/000000094157.jpg,3.179000978001568,"['74: clock', '0: person', '0: person', '0: person', '0: person', '6: train', '0: person', '0: person', '25: umbrella', '0: person']","[74, 0, 0, 0, 0, 6, 0, 0, 25, 0]","[0.79958975, 0.68427676, 0.679119, 0.6703917, 0.5816582, 0.5610345, 0.53651583, 0.3732608, 0.3089301, 0.27230403]","[[108.7, 211.02, 31.86, 33.01], [55.67, 605.9, 9.54, 31.19], [66.74, 609.96, 11.24, 28.64], [86.36, 605.27, 12.82, 34.33], [12.32, 607.12, 13.12, 32.26], [271.21, 587.39, 100.46, 41.89], [106.13, 606.72, 7.82, 26.45], [184.52, 610.13, 6.02, 21.82], [149.5, 610.51, 10.41, 20.73], [141.08, 609.42, 7.76, 28.19]]"
4981,/home/pi/sambashare/BacArbeit/cocoval2017/000000251537.jpg,3.19608115900337,['43: knife'],[43],[0.3403636],"[[436.31, 331.92, 188.19, 257.91]]"
4982,/home/pi/sambashare/BacArbeit/cocoval2017/000000182611.jpg,3.192760261998046,"['45: bowl', '0: person', '45: bowl', '45: bowl', '41: cup', '69: oven', '45: bowl', '45: bowl', '0: person', '55: cake', '45: bowl', '39: bottle', '45: bowl', '45: bowl', '39: bottle']","[45, 0, 45, 45, 41, 69, 45, 45, 0, 55, 45, 39, 45, 45, 39]","[0.88090515, 0.84528637, 0.8341601, 0.5817335, 0.5669678, 0.5393773, 0.5318468, 0.46810275, 0.44481972, 0.4212309, 0.39856884, 0.3601587, 0.29982862, 0.29245076, 0.2541907]","[[321.98, 556.08, 93.38, 83.62], [42.03, 31.11, 308.82, 402.16], [378.46, 407.36, 101.21, 116.89], [370.39, 358.48, 102.71, 60.06], [213.57, 615.69, 64.06, 24.07], [1, 211.02, 51.61, 250.93], [257.88, 366.95, 100.49, 90.77], [189.04, 493.35, 151.94, 125.29], [313.63, 32.12, 164.68, 607.88], [204.14, 371.98, 58.65, 64.47], [1, 548.16, 83.77, 90.27], [300.6, 457.18, 175.12, 156.48], [63.47, 607.73, 138.44, 32.18], [148.7, 593.53, 77.46, 46.28], [255.21, 251.2, 10.62, 34.34]]"
4983,/home/pi/sambashare/BacArbeit/cocoval2017/000000203389.jpg,3.193743234998692,"['0: person', '0: person', '0: person', '0: person', '0: person', '0: person', '24: backpack', '3: motorcycle', '0: person', '24: backpack', '3: motorcycle']","[0, 0, 0, 0, 0, 0, 24, 3, 0, 24, 3]","[0.9203056, 0.89231336, 0.86729574, 0.84739, 0.82025325, 0.8035597, 0.6912105, 0.5560326, 0.42481253, 0.34891856, 0.25179768]","[[356.59, 254.67, 224.19, 224.78], [180.15, 198.41, 186.74, 280.28], [545.32, 182.81, 93.96, 296.29], [323.97, 151.3, 270.16, 264.2], [178.42, 204.57, 74.51, 118.14], [1, 219.32, 182.53, 259.66], [228.48, 257.53, 84.58, 60.39], [143.0, 318.99, 46.55, 88.41], [83.44, 260.34, 52.51, 78.21], [184.65, 240.23, 54.96, 41.52], [192.24, 338.44, 188.98, 141.2]]"
4984,/home/pi/sambashare/BacArbeit/cocoval2017/000000243204.jpg,3.1725251489988295,"['44: spoon', '0: person']","[44, 0]","[0.3227339, 0.25993243]","[[6.94, 312.34, 154.08, 159.55], [191.5, 97.71, 286.56, 538.47]]"
4985,/home/pi/sambashare/BacArbeit/cocoval2017/000000425226.jpg,3.1872986480011605,"['0: person', '68: microwave', '39: bottle', '39: bottle', '39: bottle', '39: bottle', '39: bottle', '45: bowl', '39: bottle', '76: scissors']","[0, 68, 39, 39, 39, 39, 39, 45, 39, 76]","[0.91983044, 0.6620437, 0.5738768, 0.4217332, 0.40042824, 0.40042526, 0.36788517, 0.36036846, 0.33693406, 0.31269994]","[[74.31, 199.94, 295.79, 381.74], [13.02, 186.52, 77.66, 63.38], [299.99, 1, 27.53, 43.07], [325.32, 1, 17.26, 41.76], [285.54, 1, 18.39, 46.33], [1.93, 201.24, 21.0, 54.57], [168.45, 1, 48.74, 61.11], [284.66, 412.77, 34.25, 38.37], [230.63, 363.89, 44.0, 29.87], [419.09, 332.8, 33.41, 96.43]]"
4986,/home/pi/sambashare/BacArbeit/cocoval2017/000000490171.jpg,3.179722224998841,"['0: person', '0: person', '37: surfboard', '0: person', '37: surfboard']","[0, 0, 37, 0, 37]","[0.8755143, 0.75740033, 0.328963, 0.31357, 0.25101137]","[[279.95, 232.32, 102.78, 76.63], [53.82, 246.87, 242.6, 63.49], [59.52, 285.25, 393.5, 31.18], [188.96, 248.26, 108.22, 63.89], [291.61, 282.87, 165.17, 29.41]]"
4987,/home/pi/sambashare/BacArbeit/cocoval2017/000000273642.jpg,3.184389664998889,"['65: remote', '15: cat']","[65, 15]","[0.87905324, 0.5787948]","[[1.17, 224.41, 220.08, 275.59], [2.07, 1.28, 370.9, 492.95]]"
4988,/home/pi/sambashare/BacArbeit/cocoval2017/000000393282.jpg,3.197172693002358,"['23: giraffe', '23: giraffe']","[23, 23]","[0.95502144, 0.94033295]","[[320.07, 244.92, 152.41, 288.14], [124.32, 344.75, 111.15, 139.11]]"
4989,/home/pi/sambashare/BacArbeit/cocoval2017/000000252507.jpg,3.1833797649996995,"['0: person', '30: skis']","[0, 30]","[0.91875505, 0.616978]","[[132.27, 278.11, 62.15, 146.64], [81.45, 407.54, 146.53, 24.7]]"
4990,/home/pi/sambashare/BacArbeit/cocoval2017/000000483050.jpg,3.176949439002783,"['74: clock', '59: bed']","[74, 59]","[0.6488241, 0.58544225]","[[76.8, 273.68, 38.92, 18.26], [25.05, 206.88, 614.95, 268.84]]"
4991,/home/pi/sambashare/BacArbeit/cocoval2017/000000414133.jpg,3.1827595729992026,"['2: car', '2: car', '2: car', '2: car', '2: car', '0: person']","[2, 2, 2, 2, 2, 0]","[0.94366324, 0.9242545, 0.88024306, 0.74650717, 0.39640403, 0.28159854]","[[463.77, 200.63, 175.16, 134.47], [11.74, 225.52, 44.66, 20.67], [199.22, 212.97, 57.88, 31.77], [45.8, 221.97, 22.31, 13.18], [66.17, 222.28, 21.97, 10.26], [165.83, 207.15, 9.29, 14.29]]"
4992,/home/pi/sambashare/BacArbeit/cocoval2017/000000393569.jpg,3.1932365920001757,"['61: toilet', '71: sink', '39: bottle', '0: person', '63: laptop', '39: bottle', '59: bed', '59: bed', '0: person']","[61, 71, 39, 0, 63, 39, 59, 59, 0]","[0.9117043, 0.7974284, 0.7196743, 0.5676198, 0.511401, 0.4772346, 0.43624154, 0.33648485, 0.30216387]","[[62.03, 227.0, 107.02, 223.36], [39.52, 297.42, 62.56, 81.43], [109.69, 174.9, 24.39, 57.71], [376.27, 117.75, 199.33, 308.41], [436.12, 217.02, 81.96, 69.46], [83.06, 187.43, 23.75, 47.65], [372.19, 2.83, 212.31, 144.21], [493.35, 227.91, 90.32, 73.85], [376.11, 278.52, 201.55, 138.78]]"
4993,/home/pi/sambashare/BacArbeit/cocoval2017/000000477805.jpg,3.178937827997288,['0: person'],[0],[0.36876994],"[[119.57, 30.57, 515.47, 395.61]]"
4994,/home/pi/sambashare/BacArbeit/cocoval2017/000000526706.jpg,3.180489406997367,"['19: cow', '19: cow', '19: cow', '19: cow']","[19, 19, 19, 19]","[0.95048726, 0.9342886, 0.8321257, 0.62982196]","[[355.14, 181.09, 190.97, 135.77], [110.11, 188.45, 253.22, 157.31], [170.48, 240.52, 144.98, 103.07], [611.51, 188.99, 28.22, 75.52]]"
4995,/home/pi/sambashare/BacArbeit/cocoval2017/000000186042.jpg,3.1914796189994377,"['0: person', '30: skis']","[0, 30]","[0.8482332, 0.8449547]","[[114.67, 83.1, 86.87, 169.62], [93.94, 239.58, 157.59, 20.51]]"
4996,/home/pi/sambashare/BacArbeit/cocoval2017/000000516708.jpg,3.1912560450000456,['9: traffic light'],[9],[0.80764264],"[[167.61, 303.16, 16.63, 21.96]]"
4997,/home/pi/sambashare/BacArbeit/cocoval2017/000000242678.jpg,3.1903342029982014,"['0: person', '17: horse']","[0, 17]","[0.7660431, 0.7433571]","[[351.48, 163.76, 60.52, 68.78], [321.2, 185.6, 118.2, 129.81]]"
4998,/home/pi/sambashare/BacArbeit/cocoval2017/000000561465.jpg,3.1869295579999743,"['54: donut', '54: donut', '54: donut', '41: cup', '55: cake', '74: clock']","[54, 54, 54, 41, 55, 74]","[0.9353755, 0.92559206, 0.78373224, 0.4897715, 0.43341213, 0.32643172]","[[226.25, 54.2, 181.81, 159.92], [63.62, 16.75, 170.08, 163.84], [1, 1, 74.42, 165.0], [510.87, 1, 100.72, 116.5], [371.22, 319.52, 239.62, 291.61], [1, 279.34, 139.84, 332.41]]"
4999,/home/pi/sambashare/BacArbeit/cocoval2017/000000328683.jpg,3.186407290999341,"['13: bench', '12: parking meter', '58: potted plant', '58: potted plant']","[13, 12, 58, 58]","[0.8901245, 0.79605305, 0.6611418, 0.44866702]","[[339.95, 397.23, 139.72, 144.44], [165.3, 33.73, 126.23, 198.19], [167.01, 256.47, 52.0, 238.75], [173.71, 26.84, 117.68, 579.84]]"
