,image,inference time,label1,index1,value1,label2,index2,value2,label3,index3,value3,label4,index4,value4,label5,index5,value5
0,/home/pi/sambashare/BacArbeit/randomized_iamges/0.jpg,0.1577874429995063,False,False,False,False,False,False,False,False,False,False,False,False,False,False,False
1,/home/pi/sambashare/BacArbeit/randomized_iamges/1.jpg,0.05512371599979815,False,False,False,False,False,False,False,False,False,False,False,False,False,False,False
2,/home/pi/sambashare/BacArbeit/randomized_iamges/2.jpg,0.07222557699969911,False,False,False,False,False,False,False,False,False,False,False,False,False,False,False
3,/home/pi/sambashare/BacArbeit/randomized_iamges/3.jpg,0.06359814799998276,False,False,False,False,False,False,False,False,False,False,False,False,False,False,False
4,/home/pi/sambashare/BacArbeit/randomized_iamges/4.jpg,0.05491297800017492,False,False,False,False,False,False,False,False,False,False,False,False,False,False,False
5,/home/pi/sambashare/BacArbeit/randomized_iamges/5.jpg,0.055306602000200655,False,False,False,False,False,False,False,False,False,False,False,False,False,False,False
6,/home/pi/sambashare/BacArbeit/randomized_iamges/6.jpg,0.054768943000453874,False,False,False,False,False,False,False,False,False,False,False,False,False,False,False
7,/home/pi/sambashare/BacArbeit/randomized_iamges/7.jpg,0.05468537100023241,False,False,False,False,False,False,False,False,False,False,False,False,False,False,False
8,/home/pi/sambashare/BacArbeit/randomized_iamges/8.jpg,0.05452291100027651,False,False,False,False,False,False,False,False,False,False,False,False,False,False,False
9,/home/pi/sambashare/BacArbeit/randomized_iamges/9.jpg,0.054760629999691446,False,False,False,False,False,False,False,False,False,False,False,False,False,False,False
10,/home/pi/sambashare/BacArbeit/randomized_iamges/10.jpg,0.05466826100018807,False,False,False,False,False,False,False,False,False,False,False,False,False,False,False
11,/home/pi/sambashare/BacArbeit/randomized_iamges/11.jpg,0.05504625499997928,False,False,False,False,False,False,False,False,False,False,False,False,False,False,False
12,/home/pi/sambashare/BacArbeit/randomized_iamges/12.jpg,0.0545491699995182,False,False,False,False,False,False,False,False,False,False,False,False,False,False,False
13,/home/pi/sambashare/BacArbeit/randomized_iamges/13.jpg,0.054850499000167474,False,False,False,False,False,False,False,False,False,False,False,False,False,False,False
14,/home/pi/sambashare/BacArbeit/randomized_iamges/14.jpg,0.05450305999966076,False,False,False,False,False,False,False,False,False,False,False,False,False,False,False
15,/home/pi/sambashare/BacArbeit/randomized_iamges/15.jpg,0.05452224500004377,False,False,False,False,False,False,False,False,False,False,False,False,False,False,False
16,/home/pi/sambashare/BacArbeit/randomized_iamges/16.jpg,0.05426656300005561,False,False,False,False,False,False,False,False,False,False,False,False,False,False,False
17,/home/pi/sambashare/BacArbeit/randomized_iamges/17.jpg,0.05443289399954665,False,False,False,False,False,False,False,False,False,False,False,False,False,False,False
18,/home/pi/sambashare/BacArbeit/randomized_iamges/18.jpg,0.0544150969999464,False,False,False,False,False,False,False,False,False,False,False,False,False,False,False
19,/home/pi/sambashare/BacArbeit/randomized_iamges/19.jpg,0.0546298540002681,False,False,False,False,False,False,False,False,False,False,False,False,False,False,False
20,/home/pi/sambashare/BacArbeit/randomized_iamges/20.jpg,0.05474307599979511,False,False,False,False,False,False,False,False,False,False,False,False,False,False,False
21,/home/pi/sambashare/BacArbeit/randomized_iamges/21.jpg,0.05452613400029804,False,False,False,False,False,False,False,False,False,False,False,False,False,False,False
22,/home/pi/sambashare/BacArbeit/randomized_iamges/22.jpg,0.05481207400043786,False,False,False,False,False,False,False,False,False,False,False,False,False,False,False
23,/home/pi/sambashare/BacArbeit/randomized_iamges/23.jpg,0.05447115399965696,False,False,False,False,False,False,False,False,False,False,False,False,False,False,False
24,/home/pi/sambashare/BacArbeit/randomized_iamges/24.jpg,0.05492499900083203,False,False,False,False,False,False,False,False,False,False,False,False,False,False,False
25,/home/pi/sambashare/BacArbeit/randomized_iamges/25.jpg,0.05463926299944433,False,False,False,False,False,False,False,False,False,False,False,False,False,False,False
26,/home/pi/sambashare/BacArbeit/randomized_iamges/26.jpg,0.05458957800055941,False,False,False,False,False,False,False,False,False,False,False,False,False,False,False
27,/home/pi/sambashare/BacArbeit/randomized_iamges/27.jpg,0.05471853900053247,False,False,False,False,False,False,False,False,False,False,False,False,False,False,False
28,/home/pi/sambashare/BacArbeit/randomized_iamges/28.jpg,0.054820203999952355,False,False,False,False,False,False,False,False,False,False,False,False,False,False,False
29,/home/pi/sambashare/BacArbeit/randomized_iamges/29.jpg,0.05463111500012019,False,False,False,False,False,False,False,False,False,False,False,False,False,False,False
30,/home/pi/sambashare/BacArbeit/randomized_iamges/30.jpg,0.05446885700075654,False,False,False,False,False,False,False,False,False,False,False,False,False,False,False
31,/home/pi/sambashare/BacArbeit/randomized_iamges/31.jpg,0.05452876399976958,False,False,False,False,False,False,False,False,False,False,False,False,False,False,False
32,/home/pi/sambashare/BacArbeit/randomized_iamges/32.jpg,0.05476965099933295,False,False,False,False,False,False,False,False,False,False,False,False,False,False,False
33,/home/pi/sambashare/BacArbeit/randomized_iamges/33.jpg,0.05620818599982158,False,False,False,False,False,False,False,False,False,False,False,False,False,False,False
34,/home/pi/sambashare/BacArbeit/randomized_iamges/34.jpg,0.05479404000016075,False,False,False,False,False,False,False,False,False,False,False,False,False,False,False
35,/home/pi/sambashare/BacArbeit/randomized_iamges/35.jpg,0.05493394499990245,False,False,False,False,False,False,False,False,False,False,False,False,False,False,False
36,/home/pi/sambashare/BacArbeit/randomized_iamges/36.jpg,0.054745577999710804,False,False,False,False,False,False,False,False,False,False,False,False,False,False,False
37,/home/pi/sambashare/BacArbeit/randomized_iamges/37.jpg,0.05482661299993197,False,False,False,False,False,False,False,False,False,False,False,False,False,False,False
38,/home/pi/sambashare/BacArbeit/randomized_iamges/38.jpg,0.05464459699942381,False,False,False,False,False,False,False,False,False,False,False,False,False,False,False
39,/home/pi/sambashare/BacArbeit/randomized_iamges/39.jpg,0.05446589599978324,False,False,False,False,False,False,False,False,False,False,False,False,False,False,False
40,/home/pi/sambashare/BacArbeit/randomized_iamges/40.jpg,0.05500811000001704,False,False,False,False,False,False,False,False,False,False,False,False,False,False,False
41,/home/pi/sambashare/BacArbeit/randomized_iamges/41.jpg,0.0546112459996948,False,False,False,False,False,False,False,False,False,False,False,False,False,False,False
42,/home/pi/sambashare/BacArbeit/randomized_iamges/42.jpg,0.05481337200035341,False,False,False,False,False,False,False,False,False,False,False,False,False,False,False
43,/home/pi/sambashare/BacArbeit/randomized_iamges/43.jpg,0.05471620800017263,False,False,False,False,False,False,False,False,False,False,False,False,False,False,False
44,/home/pi/sambashare/BacArbeit/randomized_iamges/44.jpg,0.054839115000504535,False,False,False,False,False,False,False,False,False,False,False,False,False,False,False
45,/home/pi/sambashare/BacArbeit/randomized_iamges/45.jpg,0.05454382199968677,False,False,False,False,False,False,False,False,False,False,False,False,False,False,False
46,/home/pi/sambashare/BacArbeit/randomized_iamges/46.jpg,0.054813355000078445,False,False,False,False,False,False,False,False,False,False,False,False,False,False,False
47,/home/pi/sambashare/BacArbeit/randomized_iamges/47.jpg,0.06235732000004646,False,False,False,False,False,False,False,False,False,False,False,False,False,False,False
48,/home/pi/sambashare/BacArbeit/randomized_iamges/48.jpg,0.05470013500053028,False,False,False,False,False,False,False,False,False,False,False,False,False,False,False
49,/home/pi/sambashare/BacArbeit/randomized_iamges/49.jpg,0.05483565099984844,False,False,False,False,False,False,False,False,False,False,False,False,False,False,False
50,/home/pi/sambashare/BacArbeit/randomized_iamges/50.jpg,0.05483494799955224,False,False,False,False,False,False,False,False,False,False,False,False,False,False,False
51,/home/pi/sambashare/BacArbeit/randomized_iamges/51.jpg,0.05452071100080502,False,False,False,False,False,False,False,False,False,False,False,False,False,False,False
52,/home/pi/sambashare/BacArbeit/randomized_iamges/52.jpg,0.054565637000450806,False,False,False,False,False,False,False,False,False,False,False,False,False,False,False
53,/home/pi/sambashare/BacArbeit/randomized_iamges/53.jpg,0.054688170999725116,False,False,False,False,False,False,False,False,False,False,False,False,False,False,False
54,/home/pi/sambashare/BacArbeit/randomized_iamges/54.jpg,0.054557525000745954,False,False,False,False,False,False,False,False,False,False,False,False,False,False,False
55,/home/pi/sambashare/BacArbeit/randomized_iamges/55.jpg,0.05460030300037033,False,False,False,False,False,False,False,False,False,False,False,False,False,False,False
56,/home/pi/sambashare/BacArbeit/randomized_iamges/56.jpg,0.054792931000520184,False,False,False,False,False,False,False,False,False,False,False,False,False,False,False
57,/home/pi/sambashare/BacArbeit/randomized_iamges/57.jpg,0.05431888200018875,False,False,False,False,False,False,False,False,False,False,False,False,False,False,False
58,/home/pi/sambashare/BacArbeit/randomized_iamges/58.jpg,0.05480554200039478,False,False,False,False,False,False,False,False,False,False,False,False,False,False,False
59,/home/pi/sambashare/BacArbeit/randomized_iamges/59.jpg,0.05473339499985741,False,False,False,False,False,False,False,False,False,False,False,False,False,False,False
60,/home/pi/sambashare/BacArbeit/randomized_iamges/60.jpg,0.05489998499979265,False,False,False,False,False,False,False,False,False,False,False,False,False,False,False
61,/home/pi/sambashare/BacArbeit/randomized_iamges/61.jpg,0.054557490000661346,False,False,False,False,False,False,False,False,False,False,False,False,False,False,False
62,/home/pi/sambashare/BacArbeit/randomized_iamges/62.jpg,0.05459902700022212,False,False,False,False,False,False,False,False,False,False,False,False,False,False,False
63,/home/pi/sambashare/BacArbeit/randomized_iamges/63.jpg,0.05469643200012797,False,False,False,False,False,False,False,False,False,False,False,False,False,False,False
64,/home/pi/sambashare/BacArbeit/randomized_iamges/64.jpg,0.054376881000280264,False,False,False,False,False,False,False,False,False,False,False,False,False,False,False
65,/home/pi/sambashare/BacArbeit/randomized_iamges/65.jpg,0.05464237700016383,False,False,False,False,False,False,False,False,False,False,False,False,False,False,False
66,/home/pi/sambashare/BacArbeit/randomized_iamges/66.jpg,0.05453689700061659,False,False,False,False,False,False,False,False,False,False,False,False,False,False,False
67,/home/pi/sambashare/BacArbeit/randomized_iamges/67.jpg,0.0545381379997707,False,False,False,False,False,False,False,False,False,False,False,False,False,False,False
68,/home/pi/sambashare/BacArbeit/randomized_iamges/68.jpg,0.054243977000624,False,False,False,False,False,False,False,False,False,False,False,False,False,False,False
69,/home/pi/sambashare/BacArbeit/randomized_iamges/69.jpg,0.05506078000053094,False,False,False,False,False,False,False,False,False,False,False,False,False,False,False
70,/home/pi/sambashare/BacArbeit/randomized_iamges/70.jpg,0.05449119500008237,False,False,False,False,False,False,False,False,False,False,False,False,False,False,False
71,/home/pi/sambashare/BacArbeit/randomized_iamges/71.jpg,0.05482024600041768,False,False,False,False,False,False,False,False,False,False,False,False,False,False,False
72,/home/pi/sambashare/BacArbeit/randomized_iamges/72.jpg,0.055035874000168405,False,False,False,False,False,False,False,False,False,False,False,False,False,False,False
73,/home/pi/sambashare/BacArbeit/randomized_iamges/73.jpg,0.0546570079995945,False,False,False,False,False,False,False,False,False,False,False,False,False,False,False
74,/home/pi/sambashare/BacArbeit/randomized_iamges/74.jpg,0.055076538999855984,False,False,False,False,False,False,False,False,False,False,False,False,False,False,False
75,/home/pi/sambashare/BacArbeit/randomized_iamges/75.jpg,0.05461641599958966,False,False,False,False,False,False,False,False,False,False,False,False,False,False,False
76,/home/pi/sambashare/BacArbeit/randomized_iamges/76.jpg,0.05497637400003441,False,False,False,False,False,False,False,False,False,False,False,False,False,False,False
77,/home/pi/sambashare/BacArbeit/randomized_iamges/77.jpg,0.05509337199964648,False,False,False,False,False,False,False,False,False,False,False,False,False,False,False
78,/home/pi/sambashare/BacArbeit/randomized_iamges/78.jpg,0.05452962200070033,False,False,False,False,False,False,False,False,False,False,False,False,False,False,False
79,/home/pi/sambashare/BacArbeit/randomized_iamges/79.jpg,0.05493819000002986,False,False,False,False,False,False,False,False,False,False,False,False,False,False,False
80,/home/pi/sambashare/BacArbeit/randomized_iamges/80.jpg,0.05460515799950372,False,False,False,False,False,False,False,False,False,False,False,False,False,False,False
81,/home/pi/sambashare/BacArbeit/randomized_iamges/81.jpg,0.05491126499964594,False,False,False,False,False,False,False,False,False,False,False,False,False,False,False
82,/home/pi/sambashare/BacArbeit/randomized_iamges/82.jpg,0.0543834580003022,False,False,False,False,False,False,False,False,False,False,False,False,False,False,False
83,/home/pi/sambashare/BacArbeit/randomized_iamges/83.jpg,0.05508168899996235,False,False,False,False,False,False,False,False,False,False,False,False,False,False,False
84,/home/pi/sambashare/BacArbeit/randomized_iamges/84.jpg,0.05466649099980714,False,False,False,False,False,False,False,False,False,False,False,False,False,False,False
85,/home/pi/sambashare/BacArbeit/randomized_iamges/85.jpg,0.05480906299999333,False,False,False,False,False,False,False,False,False,False,False,False,False,False,False
86,/home/pi/sambashare/BacArbeit/randomized_iamges/86.jpg,0.05441675400015811,False,False,False,False,False,False,False,False,False,False,False,False,False,False,False
87,/home/pi/sambashare/BacArbeit/randomized_iamges/87.jpg,0.05497556099999201,False,False,False,False,False,False,False,False,False,False,False,False,False,False,False
88,/home/pi/sambashare/BacArbeit/randomized_iamges/88.jpg,0.0548432479999974,False,False,False,False,False,False,False,False,False,False,False,False,False,False,False
89,/home/pi/sambashare/BacArbeit/randomized_iamges/89.jpg,0.054854488000273705,False,False,False,False,False,False,False,False,False,False,False,False,False,False,False
90,/home/pi/sambashare/BacArbeit/randomized_iamges/90.jpg,0.0545708999998169,False,False,False,False,False,False,False,False,False,False,False,False,False,False,False
91,/home/pi/sambashare/BacArbeit/randomized_iamges/91.jpg,0.054670601999532664,False,False,False,False,False,False,False,False,False,False,False,False,False,False,False
92,/home/pi/sambashare/BacArbeit/randomized_iamges/92.jpg,0.054654066999319184,False,False,False,False,False,False,False,False,False,False,False,False,False,False,False
93,/home/pi/sambashare/BacArbeit/randomized_iamges/93.jpg,0.0546984180000436,False,False,False,False,False,False,False,False,False,False,False,False,False,False,False
94,/home/pi/sambashare/BacArbeit/randomized_iamges/94.jpg,0.05453490099989722,False,False,False,False,False,False,False,False,False,False,False,False,False,False,False
95,/home/pi/sambashare/BacArbeit/randomized_iamges/95.jpg,0.0546740839999984,False,False,False,False,False,False,False,False,False,False,False,False,False,False,False
96,/home/pi/sambashare/BacArbeit/randomized_iamges/96.jpg,0.05593943700023374,False,False,False,False,False,False,False,False,False,False,False,False,False,False,False
97,/home/pi/sambashare/BacArbeit/randomized_iamges/97.jpg,0.05476680599986139,False,False,False,False,False,False,False,False,False,False,False,False,False,False,False
98,/home/pi/sambashare/BacArbeit/randomized_iamges/98.jpg,0.0546072519991867,False,False,False,False,False,False,False,False,False,False,False,False,False,False,False
99,/home/pi/sambashare/BacArbeit/randomized_iamges/99.jpg,0.05465578900020773,False,False,False,False,False,False,False,False,False,False,False,False,False,False,False
100,/home/pi/sambashare/BacArbeit/randomized_iamges/100.jpg,0.0545512710004914,False,False,False,False,False,False,False,False,False,False,False,False,False,False,False
101,/home/pi/sambashare/BacArbeit/randomized_iamges/101.jpg,0.05486680400008481,False,False,False,False,False,False,False,False,False,False,False,False,False,False,False
102,/home/pi/sambashare/BacArbeit/randomized_iamges/102.jpg,0.055447036999794364,False,False,False,False,False,False,False,False,False,False,False,False,False,False,False
103,/home/pi/sambashare/BacArbeit/randomized_iamges/103.jpg,0.05511024500083295,False,False,False,False,False,False,False,False,False,False,False,False,False,False,False
104,/home/pi/sambashare/BacArbeit/randomized_iamges/104.jpg,0.05445888500071305,False,False,False,False,False,False,False,False,False,False,False,False,False,False,False
105,/home/pi/sambashare/BacArbeit/randomized_iamges/105.jpg,0.05486795299930236,False,False,False,False,False,False,False,False,False,False,False,False,False,False,False
106,/home/pi/sambashare/BacArbeit/randomized_iamges/106.jpg,0.054950730000200565,False,False,False,False,False,False,False,False,False,False,False,False,False,False,False
107,/home/pi/sambashare/BacArbeit/randomized_iamges/107.jpg,0.05508793200078799,False,False,False,False,False,False,False,False,False,False,False,False,False,False,False
108,/home/pi/sambashare/BacArbeit/randomized_iamges/108.jpg,0.05480332500064833,False,False,False,False,False,False,False,False,False,False,False,False,False,False,False
109,/home/pi/sambashare/BacArbeit/randomized_iamges/109.jpg,0.054935322999881464,False,False,False,False,False,False,False,False,False,False,False,False,False,False,False
110,/home/pi/sambashare/BacArbeit/randomized_iamges/110.jpg,0.05471021500034112,False,False,False,False,False,False,False,False,False,False,False,False,False,False,False
111,/home/pi/sambashare/BacArbeit/randomized_iamges/111.jpg,0.054935859999204695,False,False,False,False,False,False,False,False,False,False,False,False,False,False,False
112,/home/pi/sambashare/BacArbeit/randomized_iamges/112.jpg,0.05471315999966464,False,False,False,False,False,False,False,False,False,False,False,False,False,False,False
113,/home/pi/sambashare/BacArbeit/randomized_iamges/113.jpg,0.054916749000767595,False,False,False,False,False,False,False,False,False,False,False,False,False,False,False
114,/home/pi/sambashare/BacArbeit/randomized_iamges/114.jpg,0.05429236899999523,False,False,False,False,False,False,False,False,False,False,False,False,False,False,False
115,/home/pi/sambashare/BacArbeit/randomized_iamges/115.jpg,0.05478617700009636,False,False,False,False,False,False,False,False,False,False,False,False,False,False,False
116,/home/pi/sambashare/BacArbeit/randomized_iamges/116.jpg,0.054404849000093236,False,False,False,False,False,False,False,False,False,False,False,False,False,False,False
117,/home/pi/sambashare/BacArbeit/randomized_iamges/117.jpg,0.05462879099923157,False,False,False,False,False,False,False,False,False,False,False,False,False,False,False
118,/home/pi/sambashare/BacArbeit/randomized_iamges/118.jpg,0.054546032999496674,False,False,False,False,False,False,False,False,False,False,False,False,False,False,False
119,/home/pi/sambashare/BacArbeit/randomized_iamges/119.jpg,0.05482449200007977,False,False,False,False,False,False,False,False,False,False,False,False,False,False,False
120,/home/pi/sambashare/BacArbeit/randomized_iamges/120.jpg,0.05498854599954939,False,False,False,False,False,False,False,False,False,False,False,False,False,False,False
121,/home/pi/sambashare/BacArbeit/randomized_iamges/121.jpg,0.05484849200001918,False,False,False,False,False,False,False,False,False,False,False,False,False,False,False
122,/home/pi/sambashare/BacArbeit/randomized_iamges/122.jpg,0.05502817399974447,False,False,False,False,False,False,False,False,False,False,False,False,False,False,False
123,/home/pi/sambashare/BacArbeit/randomized_iamges/123.jpg,0.054614624999885564,False,False,False,False,False,False,False,False,False,False,False,False,False,False,False
124,/home/pi/sambashare/BacArbeit/randomized_iamges/124.jpg,0.054901510000490816,False,False,False,False,False,False,False,False,False,False,False,False,False,False,False
125,/home/pi/sambashare/BacArbeit/randomized_iamges/125.jpg,0.054583848000220314,False,False,False,False,False,False,False,False,False,False,False,False,False,False,False
126,/home/pi/sambashare/BacArbeit/randomized_iamges/126.jpg,0.05493069400017703,False,False,False,False,False,False,False,False,False,False,False,False,False,False,False
127,/home/pi/sambashare/BacArbeit/randomized_iamges/127.jpg,0.05469531000017014,False,False,False,False,False,False,False,False,False,False,False,False,False,False,False
128,/home/pi/sambashare/BacArbeit/randomized_iamges/128.jpg,0.05473923499994271,False,False,False,False,False,False,False,False,False,False,False,False,False,False,False
129,/home/pi/sambashare/BacArbeit/randomized_iamges/129.jpg,0.054814457000247785,False,False,False,False,False,False,False,False,False,False,False,False,False,False,False
130,/home/pi/sambashare/BacArbeit/randomized_iamges/130.jpg,0.054607625999778975,False,False,False,False,False,False,False,False,False,False,False,False,False,False,False
131,/home/pi/sambashare/BacArbeit/randomized_iamges/131.jpg,0.0548826790000021,False,False,False,False,False,False,False,False,False,False,False,False,False,False,False
132,/home/pi/sambashare/BacArbeit/randomized_iamges/132.jpg,0.054523867999705544,False,False,False,False,False,False,False,False,False,False,False,False,False,False,False
133,/home/pi/sambashare/BacArbeit/randomized_iamges/133.jpg,0.05486504800046532,False,False,False,False,False,False,False,False,False,False,False,False,False,False,False
134,/home/pi/sambashare/BacArbeit/randomized_iamges/134.jpg,0.05487860399989586,False,False,False,False,False,False,False,False,False,False,False,False,False,False,False
135,/home/pi/sambashare/BacArbeit/randomized_iamges/135.jpg,0.05504995299997972,False,False,False,False,False,False,False,False,False,False,False,False,False,False,False
136,/home/pi/sambashare/BacArbeit/randomized_iamges/136.jpg,0.05498149100003502,False,False,False,False,False,False,False,False,False,False,False,False,False,False,False
137,/home/pi/sambashare/BacArbeit/randomized_iamges/137.jpg,0.05437001900008909,False,False,False,False,False,False,False,False,False,False,False,False,False,False,False
138,/home/pi/sambashare/BacArbeit/randomized_iamges/138.jpg,0.054748069000197574,False,False,False,False,False,False,False,False,False,False,False,False,False,False,False
139,/home/pi/sambashare/BacArbeit/randomized_iamges/139.jpg,0.054751697999563476,False,False,False,False,False,False,False,False,False,False,False,False,False,False,False
140,/home/pi/sambashare/BacArbeit/randomized_iamges/140.jpg,0.05470797700036201,False,False,False,False,False,False,False,False,False,False,False,False,False,False,False
141,/home/pi/sambashare/BacArbeit/randomized_iamges/141.jpg,0.05448957400039944,False,False,False,False,False,False,False,False,False,False,False,False,False,False,False
142,/home/pi/sambashare/BacArbeit/randomized_iamges/142.jpg,0.05459373899975617,False,False,False,False,False,False,False,False,False,False,False,False,False,False,False
143,/home/pi/sambashare/BacArbeit/randomized_iamges/143.jpg,0.05479727300007653,False,False,False,False,False,False,False,False,False,False,False,False,False,False,False
144,/home/pi/sambashare/BacArbeit/randomized_iamges/144.jpg,0.054709885000193026,False,False,False,False,False,False,False,False,False,False,False,False,False,False,False
145,/home/pi/sambashare/BacArbeit/randomized_iamges/145.jpg,0.05445290700026817,False,False,False,False,False,False,False,False,False,False,False,False,False,False,False
146,/home/pi/sambashare/BacArbeit/randomized_iamges/146.jpg,0.05467986700023175,False,False,False,False,False,False,False,False,False,False,False,False,False,False,False
147,/home/pi/sambashare/BacArbeit/randomized_iamges/147.jpg,0.05478436600060377,False,False,False,False,False,False,False,False,False,False,False,False,False,False,False
148,/home/pi/sambashare/BacArbeit/randomized_iamges/148.jpg,0.054438278999441536,False,False,False,False,False,False,False,False,False,False,False,False,False,False,False
149,/home/pi/sambashare/BacArbeit/randomized_iamges/149.jpg,0.05496015999960946,False,False,False,False,False,False,False,False,False,False,False,False,False,False,False
150,/home/pi/sambashare/BacArbeit/randomized_iamges/150.jpg,0.05472001500038459,False,False,False,False,False,False,False,False,False,False,False,False,False,False,False
151,/home/pi/sambashare/BacArbeit/randomized_iamges/151.jpg,0.0548105329999089,False,False,False,False,False,False,False,False,False,False,False,False,False,False,False
152,/home/pi/sambashare/BacArbeit/randomized_iamges/152.jpg,0.0548321610003768,False,False,False,False,False,False,False,False,False,False,False,False,False,False,False
153,/home/pi/sambashare/BacArbeit/randomized_iamges/153.jpg,0.05471790600040549,False,False,False,False,False,False,False,False,False,False,False,False,False,False,False
154,/home/pi/sambashare/BacArbeit/randomized_iamges/154.jpg,0.05464685000060854,False,False,False,False,False,False,False,False,False,False,False,False,False,False,False
155,/home/pi/sambashare/BacArbeit/randomized_iamges/155.jpg,0.05446564900012163,False,False,False,False,False,False,False,False,False,False,False,False,False,False,False
156,/home/pi/sambashare/BacArbeit/randomized_iamges/156.jpg,0.05636623400005192,False,False,False,False,False,False,False,False,False,False,False,False,False,False,False
157,/home/pi/sambashare/BacArbeit/randomized_iamges/157.jpg,0.054639646999930847,False,False,False,False,False,False,False,False,False,False,False,False,False,False,False
158,/home/pi/sambashare/BacArbeit/randomized_iamges/158.jpg,0.0545985369999471,False,False,False,False,False,False,False,False,False,False,False,False,False,False,False
159,/home/pi/sambashare/BacArbeit/randomized_iamges/159.jpg,0.054834200000186684,False,False,False,False,False,False,False,False,False,False,False,False,False,False,False
160,/home/pi/sambashare/BacArbeit/randomized_iamges/160.jpg,0.054854052000337106,False,False,False,False,False,False,False,False,False,False,False,False,False,False,False
161,/home/pi/sambashare/BacArbeit/randomized_iamges/161.jpg,0.054842569999891566,False,False,False,False,False,False,False,False,False,False,False,False,False,False,False
162,/home/pi/sambashare/BacArbeit/randomized_iamges/162.jpg,0.054731942000216804,False,False,False,False,False,False,False,False,False,False,False,False,False,False,False
163,/home/pi/sambashare/BacArbeit/randomized_iamges/163.jpg,0.05447692699999607,False,False,False,False,False,False,False,False,False,False,False,False,False,False,False
164,/home/pi/sambashare/BacArbeit/randomized_iamges/164.jpg,0.05464520299938158,False,False,False,False,False,False,False,False,False,False,False,False,False,False,False
165,/home/pi/sambashare/BacArbeit/randomized_iamges/165.jpg,0.054995698999846354,False,False,False,False,False,False,False,False,False,False,False,False,False,False,False
166,/home/pi/sambashare/BacArbeit/randomized_iamges/166.jpg,0.054479243000059796,False,False,False,False,False,False,False,False,False,False,False,False,False,False,False
167,/home/pi/sambashare/BacArbeit/randomized_iamges/167.jpg,0.054979551000542415,False,False,False,False,False,False,False,False,False,False,False,False,False,False,False
168,/home/pi/sambashare/BacArbeit/randomized_iamges/168.jpg,0.054495780000252125,False,False,False,False,False,False,False,False,False,False,False,False,False,False,False
169,/home/pi/sambashare/BacArbeit/randomized_iamges/169.jpg,0.054581334000431525,False,False,False,False,False,False,False,False,False,False,False,False,False,False,False
170,/home/pi/sambashare/BacArbeit/randomized_iamges/170.jpg,0.05460111100001086,False,False,False,False,False,False,False,False,False,False,False,False,False,False,False
171,/home/pi/sambashare/BacArbeit/randomized_iamges/171.jpg,0.05453198299983342,False,False,False,False,False,False,False,False,False,False,False,False,False,False,False
172,/home/pi/sambashare/BacArbeit/randomized_iamges/172.jpg,0.05432005999955436,False,False,False,False,False,False,False,False,False,False,False,False,False,False,False
173,/home/pi/sambashare/BacArbeit/randomized_iamges/173.jpg,0.05493842199939536,False,False,False,False,False,False,False,False,False,False,False,False,False,False,False
174,/home/pi/sambashare/BacArbeit/randomized_iamges/174.jpg,0.05468909199953487,False,False,False,False,False,False,False,False,False,False,False,False,False,False,False
175,/home/pi/sambashare/BacArbeit/randomized_iamges/175.jpg,0.05477992400028597,False,False,False,False,False,False,False,False,False,False,False,False,False,False,False
176,/home/pi/sambashare/BacArbeit/randomized_iamges/176.jpg,0.05465759200069442,False,False,False,False,False,False,False,False,False,False,False,False,False,False,False
177,/home/pi/sambashare/BacArbeit/randomized_iamges/177.jpg,0.0549690340003508,False,False,False,False,False,False,False,False,False,False,False,False,False,False,False
178,/home/pi/sambashare/BacArbeit/randomized_iamges/178.jpg,0.05499079299988807,False,False,False,False,False,False,False,False,False,False,False,False,False,False,False
179,/home/pi/sambashare/BacArbeit/randomized_iamges/179.jpg,0.05485620200033736,False,False,False,False,False,False,False,False,False,False,False,False,False,False,False
180,/home/pi/sambashare/BacArbeit/randomized_iamges/180.jpg,0.054780204000053345,False,False,False,False,False,False,False,False,False,False,False,False,False,False,False
181,/home/pi/sambashare/BacArbeit/randomized_iamges/181.jpg,0.0550050520005243,False,False,False,False,False,False,False,False,False,False,False,False,False,False,False
182,/home/pi/sambashare/BacArbeit/randomized_iamges/182.jpg,0.054368357000385004,False,False,False,False,False,False,False,False,False,False,False,False,False,False,False
183,/home/pi/sambashare/BacArbeit/randomized_iamges/183.jpg,0.054931368000325165,False,False,False,False,False,False,False,False,False,False,False,False,False,False,False
184,/home/pi/sambashare/BacArbeit/randomized_iamges/184.jpg,0.054588965000220924,False,False,False,False,False,False,False,False,False,False,False,False,False,False,False
185,/home/pi/sambashare/BacArbeit/randomized_iamges/185.jpg,0.054486504000124114,False,False,False,False,False,False,False,False,False,False,False,False,False,False,False
186,/home/pi/sambashare/BacArbeit/randomized_iamges/186.jpg,0.05471937099991919,False,False,False,False,False,False,False,False,False,False,False,False,False,False,False
187,/home/pi/sambashare/BacArbeit/randomized_iamges/187.jpg,0.05470592699930421,False,False,False,False,False,False,False,False,False,False,False,False,False,False,False
188,/home/pi/sambashare/BacArbeit/randomized_iamges/188.jpg,0.05469364900000073,False,False,False,False,False,False,False,False,False,False,False,False,False,False,False
189,/home/pi/sambashare/BacArbeit/randomized_iamges/189.jpg,0.05459300300026371,False,False,False,False,False,False,False,False,False,False,False,False,False,False,False
190,/home/pi/sambashare/BacArbeit/randomized_iamges/190.jpg,0.054603041000518715,False,False,False,False,False,False,False,False,False,False,False,False,False,False,False
191,/home/pi/sambashare/BacArbeit/randomized_iamges/191.jpg,0.054550892999941425,False,False,False,False,False,False,False,False,False,False,False,False,False,False,False
192,/home/pi/sambashare/BacArbeit/randomized_iamges/192.jpg,0.0549159439997311,False,False,False,False,False,False,False,False,False,False,False,False,False,False,False
193,/home/pi/sambashare/BacArbeit/randomized_iamges/193.jpg,0.05502257100033603,False,False,False,False,False,False,False,False,False,False,False,False,False,False,False
194,/home/pi/sambashare/BacArbeit/randomized_iamges/194.jpg,0.05466024299948913,False,False,False,False,False,False,False,False,False,False,False,False,False,False,False
195,/home/pi/sambashare/BacArbeit/randomized_iamges/195.jpg,0.05497305400058394,False,False,False,False,False,False,False,False,False,False,False,False,False,False,False
196,/home/pi/sambashare/BacArbeit/randomized_iamges/196.jpg,0.05414856600054918,False,False,False,False,False,False,False,False,False,False,False,False,False,False,False
197,/home/pi/sambashare/BacArbeit/randomized_iamges/197.jpg,0.054875831999197544,False,False,False,False,False,False,False,False,False,False,False,False,False,False,False
198,/home/pi/sambashare/BacArbeit/randomized_iamges/198.jpg,0.05451080100010586,False,False,False,False,False,False,False,False,False,False,False,False,False,False,False
199,/home/pi/sambashare/BacArbeit/randomized_iamges/199.jpg,0.05624033200001577,False,False,False,False,False,False,False,False,False,False,False,False,False,False,False
200,/home/pi/sambashare/BacArbeit/randomized_iamges/200.jpg,0.05441956200047571,False,False,False,False,False,False,False,False,False,False,False,False,False,False,False
201,/home/pi/sambashare/BacArbeit/randomized_iamges/201.jpg,0.05463646699990932,False,False,False,False,False,False,False,False,False,False,False,False,False,False,False
202,/home/pi/sambashare/BacArbeit/randomized_iamges/202.jpg,0.05461452300005476,False,False,False,False,False,False,False,False,False,False,False,False,False,False,False
203,/home/pi/sambashare/BacArbeit/randomized_iamges/203.jpg,0.05495337000047584,False,False,False,False,False,False,False,False,False,False,False,False,False,False,False
204,/home/pi/sambashare/BacArbeit/randomized_iamges/204.jpg,0.05498840600012045,False,False,False,False,False,False,False,False,False,False,False,False,False,False,False
205,/home/pi/sambashare/BacArbeit/randomized_iamges/205.jpg,0.05467770700033725,False,False,False,False,False,False,False,False,False,False,False,False,False,False,False
206,/home/pi/sambashare/BacArbeit/randomized_iamges/206.jpg,0.055130646000179695,False,False,False,False,False,False,False,False,False,False,False,False,False,False,False
207,/home/pi/sambashare/BacArbeit/randomized_iamges/207.jpg,0.054570467999838,False,False,False,False,False,False,False,False,False,False,False,False,False,False,False
208,/home/pi/sambashare/BacArbeit/randomized_iamges/208.jpg,0.054758502000368026,False,False,False,False,False,False,False,False,False,False,False,False,False,False,False
209,/home/pi/sambashare/BacArbeit/randomized_iamges/209.jpg,0.05433743499997945,False,False,False,False,False,False,False,False,False,False,False,False,False,False,False
210,/home/pi/sambashare/BacArbeit/randomized_iamges/210.jpg,0.05466637400058971,False,False,False,False,False,False,False,False,False,False,False,False,False,False,False
211,/home/pi/sambashare/BacArbeit/randomized_iamges/211.jpg,0.05471874400063825,False,False,False,False,False,False,False,False,False,False,False,False,False,False,False
212,/home/pi/sambashare/BacArbeit/randomized_iamges/212.jpg,0.05401893799989921,False,False,False,False,False,False,False,False,False,False,False,False,False,False,False
213,/home/pi/sambashare/BacArbeit/randomized_iamges/213.jpg,0.05489840900008858,False,False,False,False,False,False,False,False,False,False,False,False,False,False,False
214,/home/pi/sambashare/BacArbeit/randomized_iamges/214.jpg,0.054234844999882625,False,False,False,False,False,False,False,False,False,False,False,False,False,False,False
215,/home/pi/sambashare/BacArbeit/randomized_iamges/215.jpg,0.05500101800043922,False,False,False,False,False,False,False,False,False,False,False,False,False,False,False
216,/home/pi/sambashare/BacArbeit/randomized_iamges/216.jpg,0.05481935500029067,False,False,False,False,False,False,False,False,False,False,False,False,False,False,False
217,/home/pi/sambashare/BacArbeit/randomized_iamges/217.jpg,0.05503661100010504,False,False,False,False,False,False,False,False,False,False,False,False,False,False,False
218,/home/pi/sambashare/BacArbeit/randomized_iamges/218.jpg,0.054579617999479524,False,False,False,False,False,False,False,False,False,False,False,False,False,False,False
219,/home/pi/sambashare/BacArbeit/randomized_iamges/219.jpg,0.054659615999298694,False,False,False,False,False,False,False,False,False,False,False,False,False,False,False
220,/home/pi/sambashare/BacArbeit/randomized_iamges/220.jpg,0.05471552300059557,False,False,False,False,False,False,False,False,False,False,False,False,False,False,False
221,/home/pi/sambashare/BacArbeit/randomized_iamges/221.jpg,0.05447763699976349,False,False,False,False,False,False,False,False,False,False,False,False,False,False,False
222,/home/pi/sambashare/BacArbeit/randomized_iamges/222.jpg,0.05463648600016313,False,False,False,False,False,False,False,False,False,False,False,False,False,False,False
223,/home/pi/sambashare/BacArbeit/randomized_iamges/223.jpg,0.054873668999789516,False,False,False,False,False,False,False,False,False,False,False,False,False,False,False
224,/home/pi/sambashare/BacArbeit/randomized_iamges/224.jpg,0.05484837299991341,False,False,False,False,False,False,False,False,False,False,False,False,False,False,False
225,/home/pi/sambashare/BacArbeit/randomized_iamges/225.jpg,0.054448064000098384,False,False,False,False,False,False,False,False,False,False,False,False,False,False,False
226,/home/pi/sambashare/BacArbeit/randomized_iamges/226.jpg,0.05489729999953852,False,False,False,False,False,False,False,False,False,False,False,False,False,False,False
227,/home/pi/sambashare/BacArbeit/randomized_iamges/227.jpg,0.054316547999405884,False,False,False,False,False,False,False,False,False,False,False,False,False,False,False
228,/home/pi/sambashare/BacArbeit/randomized_iamges/228.jpg,0.054654728999594226,False,False,False,False,False,False,False,False,False,False,False,False,False,False,False
229,/home/pi/sambashare/BacArbeit/randomized_iamges/229.jpg,0.0549246509999648,False,False,False,False,False,False,False,False,False,False,False,False,False,False,False
230,/home/pi/sambashare/BacArbeit/randomized_iamges/230.jpg,0.055032926999956544,False,False,False,False,False,False,False,False,False,False,False,False,False,False,False
231,/home/pi/sambashare/BacArbeit/randomized_iamges/231.jpg,0.05474828299975343,False,False,False,False,False,False,False,False,False,False,False,False,False,False,False
232,/home/pi/sambashare/BacArbeit/randomized_iamges/232.jpg,0.05451250900023297,False,False,False,False,False,False,False,False,False,False,False,False,False,False,False
233,/home/pi/sambashare/BacArbeit/randomized_iamges/233.jpg,0.0544491199998447,False,False,False,False,False,False,False,False,False,False,False,False,False,False,False
234,/home/pi/sambashare/BacArbeit/randomized_iamges/234.jpg,0.05480478199933714,False,False,False,False,False,False,False,False,False,False,False,False,False,False,False
235,/home/pi/sambashare/BacArbeit/randomized_iamges/235.jpg,0.054608895999990636,False,False,False,False,False,False,False,False,False,False,False,False,False,False,False
236,/home/pi/sambashare/BacArbeit/randomized_iamges/236.jpg,0.054623414000161574,False,False,False,False,False,False,False,False,False,False,False,False,False,False,False
237,/home/pi/sambashare/BacArbeit/randomized_iamges/237.jpg,0.05584156399982021,False,False,False,False,False,False,False,False,False,False,False,False,False,False,False
238,/home/pi/sambashare/BacArbeit/randomized_iamges/238.jpg,0.054713155000172264,False,False,False,False,False,False,False,False,False,False,False,False,False,False,False
239,/home/pi/sambashare/BacArbeit/randomized_iamges/239.jpg,0.056112951000613975,False,False,False,False,False,False,False,False,False,False,False,False,False,False,False
240,/home/pi/sambashare/BacArbeit/randomized_iamges/240.jpg,0.05885613400005241,False,False,False,False,False,False,False,False,False,False,False,False,False,False,False
241,/home/pi/sambashare/BacArbeit/randomized_iamges/241.jpg,0.05554612499963696,False,False,False,False,False,False,False,False,False,False,False,False,False,False,False
242,/home/pi/sambashare/BacArbeit/randomized_iamges/242.jpg,0.05560917899947526,False,False,False,False,False,False,False,False,False,False,False,False,False,False,False
243,/home/pi/sambashare/BacArbeit/randomized_iamges/243.jpg,0.05464459999984683,False,False,False,False,False,False,False,False,False,False,False,False,False,False,False
244,/home/pi/sambashare/BacArbeit/randomized_iamges/244.jpg,0.0545540279999841,False,False,False,False,False,False,False,False,False,False,False,False,False,False,False
245,/home/pi/sambashare/BacArbeit/randomized_iamges/245.jpg,0.05503050199968129,False,False,False,False,False,False,False,False,False,False,False,False,False,False,False
246,/home/pi/sambashare/BacArbeit/randomized_iamges/246.jpg,0.05478419099927123,False,False,False,False,False,False,False,False,False,False,False,False,False,False,False
247,/home/pi/sambashare/BacArbeit/randomized_iamges/247.jpg,0.05481426500045927,False,False,False,False,False,False,False,False,False,False,False,False,False,False,False
248,/home/pi/sambashare/BacArbeit/randomized_iamges/248.jpg,0.055144074999589066,False,False,False,False,False,False,False,False,False,False,False,False,False,False,False
249,/home/pi/sambashare/BacArbeit/randomized_iamges/249.jpg,0.05439445599949977,False,False,False,False,False,False,False,False,False,False,False,False,False,False,False
250,/home/pi/sambashare/BacArbeit/randomized_iamges/250.jpg,0.05475597100030427,False,False,False,False,False,False,False,False,False,False,False,False,False,False,False
251,/home/pi/sambashare/BacArbeit/randomized_iamges/251.jpg,0.054491899999447924,False,False,False,False,False,False,False,False,False,False,False,False,False,False,False
252,/home/pi/sambashare/BacArbeit/randomized_iamges/252.jpg,0.05497511500016117,False,False,False,False,False,False,False,False,False,False,False,False,False,False,False
253,/home/pi/sambashare/BacArbeit/randomized_iamges/253.jpg,0.054828209999868704,False,False,False,False,False,False,False,False,False,False,False,False,False,False,False
254,/home/pi/sambashare/BacArbeit/randomized_iamges/254.jpg,0.05468026799917425,False,False,False,False,False,False,False,False,False,False,False,False,False,False,False
255,/home/pi/sambashare/BacArbeit/randomized_iamges/255.jpg,0.05474387799949909,False,False,False,False,False,False,False,False,False,False,False,False,False,False,False
256,/home/pi/sambashare/BacArbeit/randomized_iamges/256.jpg,0.05435317999945255,False,False,False,False,False,False,False,False,False,False,False,False,False,False,False
257,/home/pi/sambashare/BacArbeit/randomized_iamges/257.jpg,0.05487695000010717,False,False,False,False,False,False,False,False,False,False,False,False,False,False,False
258,/home/pi/sambashare/BacArbeit/randomized_iamges/258.jpg,0.054541010000320966,False,False,False,False,False,False,False,False,False,False,False,False,False,False,False
259,/home/pi/sambashare/BacArbeit/randomized_iamges/259.jpg,0.054604046999884304,False,False,False,False,False,False,False,False,False,False,False,False,False,False,False
260,/home/pi/sambashare/BacArbeit/randomized_iamges/260.jpg,0.05516709399944375,False,False,False,False,False,False,False,False,False,False,False,False,False,False,False
261,/home/pi/sambashare/BacArbeit/randomized_iamges/261.jpg,0.054802174000542436,False,False,False,False,False,False,False,False,False,False,False,False,False,False,False
262,/home/pi/sambashare/BacArbeit/randomized_iamges/262.jpg,0.05471295400002418,False,False,False,False,False,False,False,False,False,False,False,False,False,False,False
263,/home/pi/sambashare/BacArbeit/randomized_iamges/263.jpg,0.054927377000240085,False,False,False,False,False,False,False,False,False,False,False,False,False,False,False
264,/home/pi/sambashare/BacArbeit/randomized_iamges/264.jpg,0.054780026999651454,False,False,False,False,False,False,False,False,False,False,False,False,False,False,False
265,/home/pi/sambashare/BacArbeit/randomized_iamges/265.jpg,0.054530086000340816,False,False,False,False,False,False,False,False,False,False,False,False,False,False,False
266,/home/pi/sambashare/BacArbeit/randomized_iamges/266.jpg,0.05463684400001512,False,False,False,False,False,False,False,False,False,False,False,False,False,False,False
267,/home/pi/sambashare/BacArbeit/randomized_iamges/267.jpg,0.05463227000018378,False,False,False,False,False,False,False,False,False,False,False,False,False,False,False
268,/home/pi/sambashare/BacArbeit/randomized_iamges/268.jpg,0.054623844000161625,False,False,False,False,False,False,False,False,False,False,False,False,False,False,False
269,/home/pi/sambashare/BacArbeit/randomized_iamges/269.jpg,0.054531437999685295,False,False,False,False,False,False,False,False,False,False,False,False,False,False,False
270,/home/pi/sambashare/BacArbeit/randomized_iamges/270.jpg,0.05459152900039044,False,False,False,False,False,False,False,False,False,False,False,False,False,False,False
271,/home/pi/sambashare/BacArbeit/randomized_iamges/271.jpg,0.054732194999814965,False,False,False,False,False,False,False,False,False,False,False,False,False,False,False
272,/home/pi/sambashare/BacArbeit/randomized_iamges/272.jpg,0.05456271499951981,False,False,False,False,False,False,False,False,False,False,False,False,False,False,False
273,/home/pi/sambashare/BacArbeit/randomized_iamges/273.jpg,0.05468499099970359,False,False,False,False,False,False,False,False,False,False,False,False,False,False,False
274,/home/pi/sambashare/BacArbeit/randomized_iamges/274.jpg,0.05474436300028174,False,False,False,False,False,False,False,False,False,False,False,False,False,False,False
275,/home/pi/sambashare/BacArbeit/randomized_iamges/275.jpg,0.05583836599998904,False,False,False,False,False,False,False,False,False,False,False,False,False,False,False
276,/home/pi/sambashare/BacArbeit/randomized_iamges/276.jpg,0.054771361000348406,False,False,False,False,False,False,False,False,False,False,False,False,False,False,False
277,/home/pi/sambashare/BacArbeit/randomized_iamges/277.jpg,0.054875285999514745,False,False,False,False,False,False,False,False,False,False,False,False,False,False,False
278,/home/pi/sambashare/BacArbeit/randomized_iamges/278.jpg,0.054571680000663036,False,False,False,False,False,False,False,False,False,False,False,False,False,False,False
279,/home/pi/sambashare/BacArbeit/randomized_iamges/279.jpg,0.05466867799987085,False,False,False,False,False,False,False,False,False,False,False,False,False,False,False
280,/home/pi/sambashare/BacArbeit/randomized_iamges/280.jpg,0.05478323200077284,False,False,False,False,False,False,False,False,False,False,False,False,False,False,False
281,/home/pi/sambashare/BacArbeit/randomized_iamges/281.jpg,0.05483565699978499,False,False,False,False,False,False,False,False,False,False,False,False,False,False,False
282,/home/pi/sambashare/BacArbeit/randomized_iamges/282.jpg,0.054830953999953636,False,False,False,False,False,False,False,False,False,False,False,False,False,False,False
283,/home/pi/sambashare/BacArbeit/randomized_iamges/283.jpg,0.055884475000311795,False,False,False,False,False,False,False,False,False,False,False,False,False,False,False
284,/home/pi/sambashare/BacArbeit/randomized_iamges/284.jpg,0.05476723199990374,False,False,False,False,False,False,False,False,False,False,False,False,False,False,False
285,/home/pi/sambashare/BacArbeit/randomized_iamges/285.jpg,0.05468908500006364,False,False,False,False,False,False,False,False,False,False,False,False,False,False,False
286,/home/pi/sambashare/BacArbeit/randomized_iamges/286.jpg,0.05481969499942352,False,False,False,False,False,False,False,False,False,False,False,False,False,False,False
287,/home/pi/sambashare/BacArbeit/randomized_iamges/287.jpg,0.054817047999677015,False,False,False,False,False,False,False,False,False,False,False,False,False,False,False
288,/home/pi/sambashare/BacArbeit/randomized_iamges/288.jpg,0.05495706399960909,False,False,False,False,False,False,False,False,False,False,False,False,False,False,False
289,/home/pi/sambashare/BacArbeit/randomized_iamges/289.jpg,0.05453275499985466,False,False,False,False,False,False,False,False,False,False,False,False,False,False,False
290,/home/pi/sambashare/BacArbeit/randomized_iamges/290.jpg,0.05519228299999668,False,False,False,False,False,False,False,False,False,False,False,False,False,False,False
291,/home/pi/sambashare/BacArbeit/randomized_iamges/291.jpg,0.05463610599963431,False,False,False,False,False,False,False,False,False,False,False,False,False,False,False
292,/home/pi/sambashare/BacArbeit/randomized_iamges/292.jpg,0.05475825200028339,False,False,False,False,False,False,False,False,False,False,False,False,False,False,False
293,/home/pi/sambashare/BacArbeit/randomized_iamges/293.jpg,0.054290722000587266,False,False,False,False,False,False,False,False,False,False,False,False,False,False,False
294,/home/pi/sambashare/BacArbeit/randomized_iamges/294.jpg,0.05496795200087945,False,False,False,False,False,False,False,False,False,False,False,False,False,False,False
295,/home/pi/sambashare/BacArbeit/randomized_iamges/295.jpg,0.054766028999438277,False,False,False,False,False,False,False,False,False,False,False,False,False,False,False
296,/home/pi/sambashare/BacArbeit/randomized_iamges/296.jpg,0.054927176000092004,False,False,False,False,False,False,False,False,False,False,False,False,False,False,False
297,/home/pi/sambashare/BacArbeit/randomized_iamges/297.jpg,0.054596070000116015,False,False,False,False,False,False,False,False,False,False,False,False,False,False,False
298,/home/pi/sambashare/BacArbeit/randomized_iamges/298.jpg,0.05454129400004604,False,False,False,False,False,False,False,False,False,False,False,False,False,False,False
299,/home/pi/sambashare/BacArbeit/randomized_iamges/299.jpg,0.05451983099919744,False,False,False,False,False,False,False,False,False,False,False,False,False,False,False
300,/home/pi/sambashare/BacArbeit/randomized_iamges/300.jpg,0.05440216599981795,False,False,False,False,False,False,False,False,False,False,False,False,False,False,False
301,/home/pi/sambashare/BacArbeit/randomized_iamges/301.jpg,0.05535737399986829,False,False,False,False,False,False,False,False,False,False,False,False,False,False,False
302,/home/pi/sambashare/BacArbeit/randomized_iamges/302.jpg,0.05457666300026176,False,False,False,False,False,False,False,False,False,False,False,False,False,False,False
303,/home/pi/sambashare/BacArbeit/randomized_iamges/303.jpg,0.05466729099953227,False,False,False,False,False,False,False,False,False,False,False,False,False,False,False
304,/home/pi/sambashare/BacArbeit/randomized_iamges/304.jpg,0.054973528999653354,False,False,False,False,False,False,False,False,False,False,False,False,False,False,False
305,/home/pi/sambashare/BacArbeit/randomized_iamges/305.jpg,0.05469932800042443,False,False,False,False,False,False,False,False,False,False,False,False,False,False,False
306,/home/pi/sambashare/BacArbeit/randomized_iamges/306.jpg,0.05501852800080087,False,False,False,False,False,False,False,False,False,False,False,False,False,False,False
307,/home/pi/sambashare/BacArbeit/randomized_iamges/307.jpg,0.05469406900010654,False,False,False,False,False,False,False,False,False,False,False,False,False,False,False
308,/home/pi/sambashare/BacArbeit/randomized_iamges/308.jpg,0.054612625999652664,False,False,False,False,False,False,False,False,False,False,False,False,False,False,False
309,/home/pi/sambashare/BacArbeit/randomized_iamges/309.jpg,0.054621477000182495,False,False,False,False,False,False,False,False,False,False,False,False,False,False,False
310,/home/pi/sambashare/BacArbeit/randomized_iamges/310.jpg,0.05464708999988943,False,False,False,False,False,False,False,False,False,False,False,False,False,False,False
311,/home/pi/sambashare/BacArbeit/randomized_iamges/311.jpg,0.05453285000021424,False,False,False,False,False,False,False,False,False,False,False,False,False,False,False
312,/home/pi/sambashare/BacArbeit/randomized_iamges/312.jpg,0.05486160500004189,False,False,False,False,False,False,False,False,False,False,False,False,False,False,False
313,/home/pi/sambashare/BacArbeit/randomized_iamges/313.jpg,0.05459088700081338,False,False,False,False,False,False,False,False,False,False,False,False,False,False,False
314,/home/pi/sambashare/BacArbeit/randomized_iamges/314.jpg,0.054826624000270385,False,False,False,False,False,False,False,False,False,False,False,False,False,False,False
315,/home/pi/sambashare/BacArbeit/randomized_iamges/315.jpg,0.05445848100043804,False,False,False,False,False,False,False,False,False,False,False,False,False,False,False
316,/home/pi/sambashare/BacArbeit/randomized_iamges/316.jpg,0.054982437000035134,False,False,False,False,False,False,False,False,False,False,False,False,False,False,False
317,/home/pi/sambashare/BacArbeit/randomized_iamges/317.jpg,0.05466560799959552,False,False,False,False,False,False,False,False,False,False,False,False,False,False,False
318,/home/pi/sambashare/BacArbeit/randomized_iamges/318.jpg,0.054498332000548544,False,False,False,False,False,False,False,False,False,False,False,False,False,False,False
319,/home/pi/sambashare/BacArbeit/randomized_iamges/319.jpg,0.05484304899982817,False,False,False,False,False,False,False,False,False,False,False,False,False,False,False
320,/home/pi/sambashare/BacArbeit/randomized_iamges/320.jpg,0.056182160999924236,False,False,False,False,False,False,False,False,False,False,False,False,False,False,False
321,/home/pi/sambashare/BacArbeit/randomized_iamges/321.jpg,0.05483745700075815,False,False,False,False,False,False,False,False,False,False,False,False,False,False,False
322,/home/pi/sambashare/BacArbeit/randomized_iamges/322.jpg,0.054605776999778755,False,False,False,False,False,False,False,False,False,False,False,False,False,False,False
323,/home/pi/sambashare/BacArbeit/randomized_iamges/323.jpg,0.05451344399989466,False,False,False,False,False,False,False,False,False,False,False,False,False,False,False
324,/home/pi/sambashare/BacArbeit/randomized_iamges/324.jpg,0.054491500000040105,False,False,False,False,False,False,False,False,False,False,False,False,False,False,False
325,/home/pi/sambashare/BacArbeit/randomized_iamges/325.jpg,0.05501169699982711,False,False,False,False,False,False,False,False,False,False,False,False,False,False,False
326,/home/pi/sambashare/BacArbeit/randomized_iamges/326.jpg,0.05450283299978764,False,False,False,False,False,False,False,False,False,False,False,False,False,False,False
327,/home/pi/sambashare/BacArbeit/randomized_iamges/327.jpg,0.05453059299998131,False,False,False,False,False,False,False,False,False,False,False,False,False,False,False
328,/home/pi/sambashare/BacArbeit/randomized_iamges/328.jpg,0.054459630000565085,False,False,False,False,False,False,False,False,False,False,False,False,False,False,False
329,/home/pi/sambashare/BacArbeit/randomized_iamges/329.jpg,0.054676126999765984,False,False,False,False,False,False,False,False,False,False,False,False,False,False,False
330,/home/pi/sambashare/BacArbeit/randomized_iamges/330.jpg,0.054620924000118976,False,False,False,False,False,False,False,False,False,False,False,False,False,False,False
331,/home/pi/sambashare/BacArbeit/randomized_iamges/331.jpg,0.055024141000103555,False,False,False,False,False,False,False,False,False,False,False,False,False,False,False
332,/home/pi/sambashare/BacArbeit/randomized_iamges/332.jpg,0.05439848300011363,False,False,False,False,False,False,False,False,False,False,False,False,False,False,False
333,/home/pi/sambashare/BacArbeit/randomized_iamges/333.jpg,0.05455292499937059,False,False,False,False,False,False,False,False,False,False,False,False,False,False,False
334,/home/pi/sambashare/BacArbeit/randomized_iamges/334.jpg,0.05521704600050725,False,False,False,False,False,False,False,False,False,False,False,False,False,False,False
335,/home/pi/sambashare/BacArbeit/randomized_iamges/335.jpg,0.05489032900004531,False,False,False,False,False,False,False,False,False,False,False,False,False,False,False
336,/home/pi/sambashare/BacArbeit/randomized_iamges/336.jpg,0.05487119999997958,False,False,False,False,False,False,False,False,False,False,False,False,False,False,False
337,/home/pi/sambashare/BacArbeit/randomized_iamges/337.jpg,0.054423575999862805,False,False,False,False,False,False,False,False,False,False,False,False,False,False,False
338,/home/pi/sambashare/BacArbeit/randomized_iamges/338.jpg,0.05499047600005724,False,False,False,False,False,False,False,False,False,False,False,False,False,False,False
339,/home/pi/sambashare/BacArbeit/randomized_iamges/339.jpg,0.05490077400008886,False,False,False,False,False,False,False,False,False,False,False,False,False,False,False
340,/home/pi/sambashare/BacArbeit/randomized_iamges/340.jpg,0.05455296400032239,False,False,False,False,False,False,False,False,False,False,False,False,False,False,False
341,/home/pi/sambashare/BacArbeit/randomized_iamges/341.jpg,0.05542893300025753,False,False,False,False,False,False,False,False,False,False,False,False,False,False,False
342,/home/pi/sambashare/BacArbeit/randomized_iamges/342.jpg,0.05511221500000829,False,False,False,False,False,False,False,False,False,False,False,False,False,False,False
343,/home/pi/sambashare/BacArbeit/randomized_iamges/343.jpg,0.05480966399954923,False,False,False,False,False,False,False,False,False,False,False,False,False,False,False
344,/home/pi/sambashare/BacArbeit/randomized_iamges/344.jpg,0.05461501900026633,False,False,False,False,False,False,False,False,False,False,False,False,False,False,False
345,/home/pi/sambashare/BacArbeit/randomized_iamges/345.jpg,0.055154548000245995,False,False,False,False,False,False,False,False,False,False,False,False,False,False,False
346,/home/pi/sambashare/BacArbeit/randomized_iamges/346.jpg,0.05475470300007146,False,False,False,False,False,False,False,False,False,False,False,False,False,False,False
347,/home/pi/sambashare/BacArbeit/randomized_iamges/347.jpg,0.054731684000216774,False,False,False,False,False,False,False,False,False,False,False,False,False,False,False
348,/home/pi/sambashare/BacArbeit/randomized_iamges/348.jpg,0.0546319630002472,False,False,False,False,False,False,False,False,False,False,False,False,False,False,False
349,/home/pi/sambashare/BacArbeit/randomized_iamges/349.jpg,0.055175085999508156,False,False,False,False,False,False,False,False,False,False,False,False,False,False,False
350,/home/pi/sambashare/BacArbeit/randomized_iamges/350.jpg,0.05459463099941786,False,False,False,False,False,False,False,False,False,False,False,False,False,False,False
351,/home/pi/sambashare/BacArbeit/randomized_iamges/351.jpg,0.05471977799970773,False,False,False,False,False,False,False,False,False,False,False,False,False,False,False
352,/home/pi/sambashare/BacArbeit/randomized_iamges/352.jpg,0.054705628999727196,False,False,False,False,False,False,False,False,False,False,False,False,False,False,False
353,/home/pi/sambashare/BacArbeit/randomized_iamges/353.jpg,0.05475224000019807,False,False,False,False,False,False,False,False,False,False,False,False,False,False,False
354,/home/pi/sambashare/BacArbeit/randomized_iamges/354.jpg,0.05492727399996511,False,False,False,False,False,False,False,False,False,False,False,False,False,False,False
355,/home/pi/sambashare/BacArbeit/randomized_iamges/355.jpg,0.0544848549998278,False,False,False,False,False,False,False,False,False,False,False,False,False,False,False
356,/home/pi/sambashare/BacArbeit/randomized_iamges/356.jpg,0.055058588000065356,False,False,False,False,False,False,False,False,False,False,False,False,False,False,False
357,/home/pi/sambashare/BacArbeit/randomized_iamges/357.jpg,0.05450333599947044,False,False,False,False,False,False,False,False,False,False,False,False,False,False,False
358,/home/pi/sambashare/BacArbeit/randomized_iamges/358.jpg,0.05518912299976364,False,False,False,False,False,False,False,False,False,False,False,False,False,False,False
359,/home/pi/sambashare/BacArbeit/randomized_iamges/359.jpg,0.0545391510004265,False,False,False,False,False,False,False,False,False,False,False,False,False,False,False
360,/home/pi/sambashare/BacArbeit/randomized_iamges/360.jpg,0.054550041000766214,False,False,False,False,False,False,False,False,False,False,False,False,False,False,False
361,/home/pi/sambashare/BacArbeit/randomized_iamges/361.jpg,0.054886535000150616,False,False,False,False,False,False,False,False,False,False,False,False,False,False,False
362,/home/pi/sambashare/BacArbeit/randomized_iamges/362.jpg,0.055018848999679903,False,False,False,False,False,False,False,False,False,False,False,False,False,False,False
363,/home/pi/sambashare/BacArbeit/randomized_iamges/363.jpg,0.05562247000034404,False,False,False,False,False,False,False,False,False,False,False,False,False,False,False
364,/home/pi/sambashare/BacArbeit/randomized_iamges/364.jpg,0.054828980999445776,False,False,False,False,False,False,False,False,False,False,False,False,False,False,False
365,/home/pi/sambashare/BacArbeit/randomized_iamges/365.jpg,0.05488738700023532,False,False,False,False,False,False,False,False,False,False,False,False,False,False,False
366,/home/pi/sambashare/BacArbeit/randomized_iamges/366.jpg,0.05483924000054685,False,False,False,False,False,False,False,False,False,False,False,False,False,False,False
367,/home/pi/sambashare/BacArbeit/randomized_iamges/367.jpg,0.054822981000143045,False,False,False,False,False,False,False,False,False,False,False,False,False,False,False
368,/home/pi/sambashare/BacArbeit/randomized_iamges/368.jpg,0.05515756900058477,False,False,False,False,False,False,False,False,False,False,False,False,False,False,False
369,/home/pi/sambashare/BacArbeit/randomized_iamges/369.jpg,0.05437630199958221,False,False,False,False,False,False,False,False,False,False,False,False,False,False,False
370,/home/pi/sambashare/BacArbeit/randomized_iamges/370.jpg,0.05486440599997877,False,False,False,False,False,False,False,False,False,False,False,False,False,False,False
371,/home/pi/sambashare/BacArbeit/randomized_iamges/371.jpg,0.0544345059997795,False,False,False,False,False,False,False,False,False,False,False,False,False,False,False
372,/home/pi/sambashare/BacArbeit/randomized_iamges/372.jpg,0.05455837500085181,False,False,False,False,False,False,False,False,False,False,False,False,False,False,False
373,/home/pi/sambashare/BacArbeit/randomized_iamges/373.jpg,0.05501546100003907,False,False,False,False,False,False,False,False,False,False,False,False,False,False,False
374,/home/pi/sambashare/BacArbeit/randomized_iamges/374.jpg,0.05487877700034005,False,False,False,False,False,False,False,False,False,False,False,False,False,False,False
375,/home/pi/sambashare/BacArbeit/randomized_iamges/375.jpg,0.054976905999865266,False,False,False,False,False,False,False,False,False,False,False,False,False,False,False
376,/home/pi/sambashare/BacArbeit/randomized_iamges/376.jpg,0.05481833399971947,False,False,False,False,False,False,False,False,False,False,False,False,False,False,False
377,/home/pi/sambashare/BacArbeit/randomized_iamges/377.jpg,0.05474446500011254,False,False,False,False,False,False,False,False,False,False,False,False,False,False,False
378,/home/pi/sambashare/BacArbeit/randomized_iamges/378.jpg,0.05480931599959149,False,False,False,False,False,False,False,False,False,False,False,False,False,False,False
379,/home/pi/sambashare/BacArbeit/randomized_iamges/379.jpg,0.05418528700010938,False,False,False,False,False,False,False,False,False,False,False,False,False,False,False
380,/home/pi/sambashare/BacArbeit/randomized_iamges/380.jpg,0.05467640999995638,False,False,False,False,False,False,False,False,False,False,False,False,False,False,False
381,/home/pi/sambashare/BacArbeit/randomized_iamges/381.jpg,0.05427710100047989,False,False,False,False,False,False,False,False,False,False,False,False,False,False,False
382,/home/pi/sambashare/BacArbeit/randomized_iamges/382.jpg,0.05486562999976741,False,False,False,False,False,False,False,False,False,False,False,False,False,False,False
383,/home/pi/sambashare/BacArbeit/randomized_iamges/383.jpg,0.054496562000167614,False,False,False,False,False,False,False,False,False,False,False,False,False,False,False
384,/home/pi/sambashare/BacArbeit/randomized_iamges/384.jpg,0.054653318999953626,False,False,False,False,False,False,False,False,False,False,False,False,False,False,False
385,/home/pi/sambashare/BacArbeit/randomized_iamges/385.jpg,0.05471896699964418,False,False,False,False,False,False,False,False,False,False,False,False,False,False,False
386,/home/pi/sambashare/BacArbeit/randomized_iamges/386.jpg,0.05470885499926226,False,False,False,False,False,False,False,False,False,False,False,False,False,False,False
387,/home/pi/sambashare/BacArbeit/randomized_iamges/387.jpg,0.05433587900006387,False,False,False,False,False,False,False,False,False,False,False,False,False,False,False
388,/home/pi/sambashare/BacArbeit/randomized_iamges/388.jpg,0.05471918899911543,False,False,False,False,False,False,False,False,False,False,False,False,False,False,False
389,/home/pi/sambashare/BacArbeit/randomized_iamges/389.jpg,0.05500688799929776,False,False,False,False,False,False,False,False,False,False,False,False,False,False,False
390,/home/pi/sambashare/BacArbeit/randomized_iamges/390.jpg,0.054597172000285354,False,False,False,False,False,False,False,False,False,False,False,False,False,False,False
391,/home/pi/sambashare/BacArbeit/randomized_iamges/391.jpg,0.05480787299984513,False,False,False,False,False,False,False,False,False,False,False,False,False,False,False
392,/home/pi/sambashare/BacArbeit/randomized_iamges/392.jpg,0.05453089500042552,False,False,False,False,False,False,False,False,False,False,False,False,False,False,False
393,/home/pi/sambashare/BacArbeit/randomized_iamges/393.jpg,0.06246574800024973,False,False,False,False,False,False,False,False,False,False,False,False,False,False,False
394,/home/pi/sambashare/BacArbeit/randomized_iamges/394.jpg,0.05414477099930082,False,False,False,False,False,False,False,False,False,False,False,False,False,False,False
395,/home/pi/sambashare/BacArbeit/randomized_iamges/395.jpg,0.05516733100012061,False,False,False,False,False,False,False,False,False,False,False,False,False,False,False
396,/home/pi/sambashare/BacArbeit/randomized_iamges/396.jpg,0.05428571500033286,False,False,False,False,False,False,False,False,False,False,False,False,False,False,False
397,/home/pi/sambashare/BacArbeit/randomized_iamges/397.jpg,0.0546810239993647,False,False,False,False,False,False,False,False,False,False,False,False,False,False,False
398,/home/pi/sambashare/BacArbeit/randomized_iamges/398.jpg,0.054657524000504054,False,False,False,False,False,False,False,False,False,False,False,False,False,False,False
399,/home/pi/sambashare/BacArbeit/randomized_iamges/399.jpg,0.05482081799982552,False,False,False,False,False,False,False,False,False,False,False,False,False,False,False
400,/home/pi/sambashare/BacArbeit/randomized_iamges/400.jpg,0.05469635700046638,False,False,False,False,False,False,False,False,False,False,False,False,False,False,False
401,/home/pi/sambashare/BacArbeit/randomized_iamges/401.jpg,0.054768615000284626,False,False,False,False,False,False,False,False,False,False,False,False,False,False,False
402,/home/pi/sambashare/BacArbeit/randomized_iamges/402.jpg,0.05457596999985981,False,False,False,False,False,False,False,False,False,False,False,False,False,False,False
403,/home/pi/sambashare/BacArbeit/randomized_iamges/403.jpg,0.05475800400017761,False,False,False,False,False,False,False,False,False,False,False,False,False,False,False
404,/home/pi/sambashare/BacArbeit/randomized_iamges/404.jpg,0.05464202400071372,False,False,False,False,False,False,False,False,False,False,False,False,False,False,False
405,/home/pi/sambashare/BacArbeit/randomized_iamges/405.jpg,0.05435325000053126,False,False,False,False,False,False,False,False,False,False,False,False,False,False,False
406,/home/pi/sambashare/BacArbeit/randomized_iamges/406.jpg,0.05466906199944788,False,False,False,False,False,False,False,False,False,False,False,False,False,False,False
407,/home/pi/sambashare/BacArbeit/randomized_iamges/407.jpg,0.0547734310002852,False,False,False,False,False,False,False,False,False,False,False,False,False,False,False
408,/home/pi/sambashare/BacArbeit/randomized_iamges/408.jpg,0.054801338000288524,False,False,False,False,False,False,False,False,False,False,False,False,False,False,False
409,/home/pi/sambashare/BacArbeit/randomized_iamges/409.jpg,0.05437290000008943,False,False,False,False,False,False,False,False,False,False,False,False,False,False,False
410,/home/pi/sambashare/BacArbeit/randomized_iamges/410.jpg,0.05505398300010711,False,False,False,False,False,False,False,False,False,False,False,False,False,False,False
411,/home/pi/sambashare/BacArbeit/randomized_iamges/411.jpg,0.05453895200025727,False,False,False,False,False,False,False,False,False,False,False,False,False,False,False
412,/home/pi/sambashare/BacArbeit/randomized_iamges/412.jpg,0.05493744700015668,False,False,False,False,False,False,False,False,False,False,False,False,False,False,False
413,/home/pi/sambashare/BacArbeit/randomized_iamges/413.jpg,0.05446186100016348,False,False,False,False,False,False,False,False,False,False,False,False,False,False,False
414,/home/pi/sambashare/BacArbeit/randomized_iamges/414.jpg,0.05485700400004134,False,False,False,False,False,False,False,False,False,False,False,False,False,False,False
415,/home/pi/sambashare/BacArbeit/randomized_iamges/415.jpg,0.05490800400002627,False,False,False,False,False,False,False,False,False,False,False,False,False,False,False
416,/home/pi/sambashare/BacArbeit/randomized_iamges/416.jpg,0.054452640000818064,False,False,False,False,False,False,False,False,False,False,False,False,False,False,False
417,/home/pi/sambashare/BacArbeit/randomized_iamges/417.jpg,0.05492040999979508,False,False,False,False,False,False,False,False,False,False,False,False,False,False,False
418,/home/pi/sambashare/BacArbeit/randomized_iamges/418.jpg,0.054791080000541115,False,False,False,False,False,False,False,False,False,False,False,False,False,False,False
419,/home/pi/sambashare/BacArbeit/randomized_iamges/419.jpg,0.05451541700040252,False,False,False,False,False,False,False,False,False,False,False,False,False,False,False
420,/home/pi/sambashare/BacArbeit/randomized_iamges/420.jpg,0.05447741700027109,False,False,False,False,False,False,False,False,False,False,False,False,False,False,False
421,/home/pi/sambashare/BacArbeit/randomized_iamges/421.jpg,0.05446784400010074,False,False,False,False,False,False,False,False,False,False,False,False,False,False,False
422,/home/pi/sambashare/BacArbeit/randomized_iamges/422.jpg,0.05494209700009378,False,False,False,False,False,False,False,False,False,False,False,False,False,False,False
423,/home/pi/sambashare/BacArbeit/randomized_iamges/423.jpg,0.05501455800003896,False,False,False,False,False,False,False,False,False,False,False,False,False,False,False
424,/home/pi/sambashare/BacArbeit/randomized_iamges/424.jpg,0.05450404699968203,False,False,False,False,False,False,False,False,False,False,False,False,False,False,False
425,/home/pi/sambashare/BacArbeit/randomized_iamges/425.jpg,0.054686211999978696,False,False,False,False,False,False,False,False,False,False,False,False,False,False,False
426,/home/pi/sambashare/BacArbeit/randomized_iamges/426.jpg,0.054739488000450365,False,False,False,False,False,False,False,False,False,False,False,False,False,False,False
427,/home/pi/sambashare/BacArbeit/randomized_iamges/427.jpg,0.054831468999509525,False,False,False,False,False,False,False,False,False,False,False,False,False,False,False
428,/home/pi/sambashare/BacArbeit/randomized_iamges/428.jpg,0.05459293500007334,False,False,False,False,False,False,False,False,False,False,False,False,False,False,False
429,/home/pi/sambashare/BacArbeit/randomized_iamges/429.jpg,0.054400085999986914,False,False,False,False,False,False,False,False,False,False,False,False,False,False,False
430,/home/pi/sambashare/BacArbeit/randomized_iamges/430.jpg,0.05476356199960719,False,False,False,False,False,False,False,False,False,False,False,False,False,False,False
431,/home/pi/sambashare/BacArbeit/randomized_iamges/431.jpg,0.05425986600039323,False,False,False,False,False,False,False,False,False,False,False,False,False,False,False
432,/home/pi/sambashare/BacArbeit/randomized_iamges/432.jpg,0.055050613999810594,False,False,False,False,False,False,False,False,False,False,False,False,False,False,False
433,/home/pi/sambashare/BacArbeit/randomized_iamges/433.jpg,0.054539732999728585,False,False,False,False,False,False,False,False,False,False,False,False,False,False,False
434,/home/pi/sambashare/BacArbeit/randomized_iamges/434.jpg,0.054960634999588365,False,False,False,False,False,False,False,False,False,False,False,False,False,False,False
435,/home/pi/sambashare/BacArbeit/randomized_iamges/435.jpg,0.054495141000188596,False,False,False,False,False,False,False,False,False,False,False,False,False,False,False
436,/home/pi/sambashare/BacArbeit/randomized_iamges/436.jpg,0.05468547199961904,False,False,False,False,False,False,False,False,False,False,False,False,False,False,False
437,/home/pi/sambashare/BacArbeit/randomized_iamges/437.jpg,0.05482804399980523,False,False,False,False,False,False,False,False,False,False,False,False,False,False,False
438,/home/pi/sambashare/BacArbeit/randomized_iamges/438.jpg,0.05502518999946915,False,False,False,False,False,False,False,False,False,False,False,False,False,False,False
439,/home/pi/sambashare/BacArbeit/randomized_iamges/439.jpg,0.05462423100016167,False,False,False,False,False,False,False,False,False,False,False,False,False,False,False
440,/home/pi/sambashare/BacArbeit/randomized_iamges/440.jpg,0.05474813700038794,False,False,False,False,False,False,False,False,False,False,False,False,False,False,False
441,/home/pi/sambashare/BacArbeit/randomized_iamges/441.jpg,0.05468425000071875,False,False,False,False,False,False,False,False,False,False,False,False,False,False,False
442,/home/pi/sambashare/BacArbeit/randomized_iamges/442.jpg,0.05454725099934876,False,False,False,False,False,False,False,False,False,False,False,False,False,False,False
443,/home/pi/sambashare/BacArbeit/randomized_iamges/443.jpg,0.054671251000399934,False,False,False,False,False,False,False,False,False,False,False,False,False,False,False
444,/home/pi/sambashare/BacArbeit/randomized_iamges/444.jpg,0.054414068999903975,False,False,False,False,False,False,False,False,False,False,False,False,False,False,False
445,/home/pi/sambashare/BacArbeit/randomized_iamges/445.jpg,0.05516013299984479,False,False,False,False,False,False,False,False,False,False,False,False,False,False,False
446,/home/pi/sambashare/BacArbeit/randomized_iamges/446.jpg,0.05473526900004799,False,False,False,False,False,False,False,False,False,False,False,False,False,False,False
447,/home/pi/sambashare/BacArbeit/randomized_iamges/447.jpg,0.05465819599976385,False,False,False,False,False,False,False,False,False,False,False,False,False,False,False
448,/home/pi/sambashare/BacArbeit/randomized_iamges/448.jpg,0.05461523399935686,False,False,False,False,False,False,False,False,False,False,False,False,False,False,False
449,/home/pi/sambashare/BacArbeit/randomized_iamges/449.jpg,0.05495213599988347,False,False,False,False,False,False,False,False,False,False,False,False,False,False,False
450,/home/pi/sambashare/BacArbeit/randomized_iamges/450.jpg,0.054882877999261837,False,False,False,False,False,False,False,False,False,False,False,False,False,False,False
451,/home/pi/sambashare/BacArbeit/randomized_iamges/451.jpg,0.05456160500034457,False,False,False,False,False,False,False,False,False,False,False,False,False,False,False
452,/home/pi/sambashare/BacArbeit/randomized_iamges/452.jpg,0.05458969699975569,False,False,False,False,False,False,False,False,False,False,False,False,False,False,False
453,/home/pi/sambashare/BacArbeit/randomized_iamges/453.jpg,0.0548098969993589,False,False,False,False,False,False,False,False,False,False,False,False,False,False,False
454,/home/pi/sambashare/BacArbeit/randomized_iamges/454.jpg,0.05507352299991908,False,False,False,False,False,False,False,False,False,False,False,False,False,False,False
455,/home/pi/sambashare/BacArbeit/randomized_iamges/455.jpg,0.05471738100004586,False,False,False,False,False,False,False,False,False,False,False,False,False,False,False
456,/home/pi/sambashare/BacArbeit/randomized_iamges/456.jpg,0.05486685999949259,False,False,False,False,False,False,False,False,False,False,False,False,False,False,False
457,/home/pi/sambashare/BacArbeit/randomized_iamges/457.jpg,0.054584697999416676,False,False,False,False,False,False,False,False,False,False,False,False,False,False,False
458,/home/pi/sambashare/BacArbeit/randomized_iamges/458.jpg,0.05480241700024635,False,False,False,False,False,False,False,False,False,False,False,False,False,False,False
459,/home/pi/sambashare/BacArbeit/randomized_iamges/459.jpg,0.05503726499955519,False,False,False,False,False,False,False,False,False,False,False,False,False,False,False
460,/home/pi/sambashare/BacArbeit/randomized_iamges/460.jpg,0.05493956400005118,False,False,False,False,False,False,False,False,False,False,False,False,False,False,False
461,/home/pi/sambashare/BacArbeit/randomized_iamges/461.jpg,0.0548404910005047,False,False,False,False,False,False,False,False,False,False,False,False,False,False,False
462,/home/pi/sambashare/BacArbeit/randomized_iamges/462.jpg,0.054691418000402336,False,False,False,False,False,False,False,False,False,False,False,False,False,False,False
463,/home/pi/sambashare/BacArbeit/randomized_iamges/463.jpg,0.05455164300019533,False,False,False,False,False,False,False,False,False,False,False,False,False,False,False
464,/home/pi/sambashare/BacArbeit/randomized_iamges/464.jpg,0.054611512000519724,False,False,False,False,False,False,False,False,False,False,False,False,False,False,False
465,/home/pi/sambashare/BacArbeit/randomized_iamges/465.jpg,0.05470208499991713,False,False,False,False,False,False,False,False,False,False,False,False,False,False,False
466,/home/pi/sambashare/BacArbeit/randomized_iamges/466.jpg,0.05466530800003966,False,False,False,False,False,False,False,False,False,False,False,False,False,False,False
467,/home/pi/sambashare/BacArbeit/randomized_iamges/467.jpg,0.05468490099974588,False,False,False,False,False,False,False,False,False,False,False,False,False,False,False
468,/home/pi/sambashare/BacArbeit/randomized_iamges/468.jpg,0.054815491999761434,False,False,False,False,False,False,False,False,False,False,False,False,False,False,False
469,/home/pi/sambashare/BacArbeit/randomized_iamges/469.jpg,0.05452510800023447,False,False,False,False,False,False,False,False,False,False,False,False,False,False,False
470,/home/pi/sambashare/BacArbeit/randomized_iamges/470.jpg,0.05485960199985129,False,False,False,False,False,False,False,False,False,False,False,False,False,False,False
471,/home/pi/sambashare/BacArbeit/randomized_iamges/471.jpg,0.05489073199987615,False,False,False,False,False,False,False,False,False,False,False,False,False,False,False
472,/home/pi/sambashare/BacArbeit/randomized_iamges/472.jpg,0.05486021399974561,False,False,False,False,False,False,False,False,False,False,False,False,False,False,False
473,/home/pi/sambashare/BacArbeit/randomized_iamges/473.jpg,0.05475317799937329,False,False,False,False,False,False,False,False,False,False,False,False,False,False,False
474,/home/pi/sambashare/BacArbeit/randomized_iamges/474.jpg,0.05493843500062212,False,False,False,False,False,False,False,False,False,False,False,False,False,False,False
475,/home/pi/sambashare/BacArbeit/randomized_iamges/475.jpg,0.054678641999998945,False,False,False,False,False,False,False,False,False,False,False,False,False,False,False
476,/home/pi/sambashare/BacArbeit/randomized_iamges/476.jpg,0.05447099599950889,False,False,False,False,False,False,False,False,False,False,False,False,False,False,False
477,/home/pi/sambashare/BacArbeit/randomized_iamges/477.jpg,0.05466666099982831,False,False,False,False,False,False,False,False,False,False,False,False,False,False,False
478,/home/pi/sambashare/BacArbeit/randomized_iamges/478.jpg,0.054901769000025524,False,False,False,False,False,False,False,False,False,False,False,False,False,False,False
479,/home/pi/sambashare/BacArbeit/randomized_iamges/479.jpg,0.05447049799931847,False,False,False,False,False,False,False,False,False,False,False,False,False,False,False
480,/home/pi/sambashare/BacArbeit/randomized_iamges/480.jpg,0.0548724560003393,False,False,False,False,False,False,False,False,False,False,False,False,False,False,False
481,/home/pi/sambashare/BacArbeit/randomized_iamges/481.jpg,0.05448755299948971,False,False,False,False,False,False,False,False,False,False,False,False,False,False,False
482,/home/pi/sambashare/BacArbeit/randomized_iamges/482.jpg,0.05470006899940927,False,False,False,False,False,False,False,False,False,False,False,False,False,False,False
483,/home/pi/sambashare/BacArbeit/randomized_iamges/483.jpg,0.054271371999675466,False,False,False,False,False,False,False,False,False,False,False,False,False,False,False
484,/home/pi/sambashare/BacArbeit/randomized_iamges/484.jpg,0.05492521399992256,False,False,False,False,False,False,False,False,False,False,False,False,False,False,False
485,/home/pi/sambashare/BacArbeit/randomized_iamges/485.jpg,0.05501886100046249,False,False,False,False,False,False,False,False,False,False,False,False,False,False,False
486,/home/pi/sambashare/BacArbeit/randomized_iamges/486.jpg,0.054963417000180925,False,False,False,False,False,False,False,False,False,False,False,False,False,False,False
487,/home/pi/sambashare/BacArbeit/randomized_iamges/487.jpg,0.05467236500044237,False,False,False,False,False,False,False,False,False,False,False,False,False,False,False
488,/home/pi/sambashare/BacArbeit/randomized_iamges/488.jpg,0.05480403099954856,False,False,False,False,False,False,False,False,False,False,False,False,False,False,False
489,/home/pi/sambashare/BacArbeit/randomized_iamges/489.jpg,0.054374813999857,False,False,False,False,False,False,False,False,False,False,False,False,False,False,False
490,/home/pi/sambashare/BacArbeit/randomized_iamges/490.jpg,0.0547033470002134,False,False,False,False,False,False,False,False,False,False,False,False,False,False,False
491,/home/pi/sambashare/BacArbeit/randomized_iamges/491.jpg,0.05447662899950956,False,False,False,False,False,False,False,False,False,False,False,False,False,False,False
492,/home/pi/sambashare/BacArbeit/randomized_iamges/492.jpg,0.054467777000354545,False,False,False,False,False,False,False,False,False,False,False,False,False,False,False
493,/home/pi/sambashare/BacArbeit/randomized_iamges/493.jpg,0.054831234999255685,False,False,False,False,False,False,False,False,False,False,False,False,False,False,False
494,/home/pi/sambashare/BacArbeit/randomized_iamges/494.jpg,0.05465727400041942,False,False,False,False,False,False,False,False,False,False,False,False,False,False,False
495,/home/pi/sambashare/BacArbeit/randomized_iamges/495.jpg,0.055059751000044344,False,False,False,False,False,False,False,False,False,False,False,False,False,False,False
496,/home/pi/sambashare/BacArbeit/randomized_iamges/496.jpg,0.05470355200031918,False,False,False,False,False,False,False,False,False,False,False,False,False,False,False
497,/home/pi/sambashare/BacArbeit/randomized_iamges/497.jpg,0.055054547000509046,False,False,False,False,False,False,False,False,False,False,False,False,False,False,False
498,/home/pi/sambashare/BacArbeit/randomized_iamges/498.jpg,0.05435989000034169,False,False,False,False,False,False,False,False,False,False,False,False,False,False,False
499,/home/pi/sambashare/BacArbeit/randomized_iamges/499.jpg,0.05481436500031123,False,False,False,False,False,False,False,False,False,False,False,False,False,False,False
500,/home/pi/sambashare/BacArbeit/randomized_iamges/500.jpg,0.054356556000129785,False,False,False,False,False,False,False,False,False,False,False,False,False,False,False
501,/home/pi/sambashare/BacArbeit/randomized_iamges/501.jpg,0.05506536200027767,False,False,False,False,False,False,False,False,False,False,False,False,False,False,False
502,/home/pi/sambashare/BacArbeit/randomized_iamges/502.jpg,0.05438018600034411,False,False,False,False,False,False,False,False,False,False,False,False,False,False,False
503,/home/pi/sambashare/BacArbeit/randomized_iamges/503.jpg,0.05486916200061387,False,False,False,False,False,False,False,False,False,False,False,False,False,False,False
504,/home/pi/sambashare/BacArbeit/randomized_iamges/504.jpg,0.05485168099949078,False,False,False,False,False,False,False,False,False,False,False,False,False,False,False
505,/home/pi/sambashare/BacArbeit/randomized_iamges/505.jpg,0.054614740000033635,False,False,False,False,False,False,False,False,False,False,False,False,False,False,False
506,/home/pi/sambashare/BacArbeit/randomized_iamges/506.jpg,0.05475229300009232,False,False,False,False,False,False,False,False,False,False,False,False,False,False,False
507,/home/pi/sambashare/BacArbeit/randomized_iamges/507.jpg,0.054759978000220144,False,False,False,False,False,False,False,False,False,False,False,False,False,False,False
508,/home/pi/sambashare/BacArbeit/randomized_iamges/508.jpg,0.0549284210001133,False,False,False,False,False,False,False,False,False,False,False,False,False,False,False
509,/home/pi/sambashare/BacArbeit/randomized_iamges/509.jpg,0.05452801899991755,False,False,False,False,False,False,False,False,False,False,False,False,False,False,False
510,/home/pi/sambashare/BacArbeit/randomized_iamges/510.jpg,0.05485349500031589,False,False,False,False,False,False,False,False,False,False,False,False,False,False,False
511,/home/pi/sambashare/BacArbeit/randomized_iamges/511.jpg,0.05489925399979256,False,False,False,False,False,False,False,False,False,False,False,False,False,False,False
512,/home/pi/sambashare/BacArbeit/randomized_iamges/512.jpg,0.05491297599928657,False,False,False,False,False,False,False,False,False,False,False,False,False,False,False
513,/home/pi/sambashare/BacArbeit/randomized_iamges/513.jpg,0.05435494599987578,False,False,False,False,False,False,False,False,False,False,False,False,False,False,False
514,/home/pi/sambashare/BacArbeit/randomized_iamges/514.jpg,0.05468064599972422,False,False,False,False,False,False,False,False,False,False,False,False,False,False,False
515,/home/pi/sambashare/BacArbeit/randomized_iamges/515.jpg,0.05478714499986381,False,False,False,False,False,False,False,False,False,False,False,False,False,False,False
516,/home/pi/sambashare/BacArbeit/randomized_iamges/516.jpg,0.05478714499986381,False,False,False,False,False,False,False,False,False,False,False,False,False,False,False
517,/home/pi/sambashare/BacArbeit/randomized_iamges/517.jpg,0.05455733400049212,False,False,False,False,False,False,False,False,False,False,False,False,False,False,False
518,/home/pi/sambashare/BacArbeit/randomized_iamges/518.jpg,0.05480392299978121,False,False,False,False,False,False,False,False,False,False,False,False,False,False,False
519,/home/pi/sambashare/BacArbeit/randomized_iamges/519.jpg,0.05442787199990562,False,False,False,False,False,False,False,False,False,False,False,False,False,False,False
520,/home/pi/sambashare/BacArbeit/randomized_iamges/520.jpg,0.05477244199937559,False,False,False,False,False,False,False,False,False,False,False,False,False,False,False
521,/home/pi/sambashare/BacArbeit/randomized_iamges/521.jpg,0.05486621899945021,False,False,False,False,False,False,False,False,False,False,False,False,False,False,False
522,/home/pi/sambashare/BacArbeit/randomized_iamges/522.jpg,0.054569240999626345,False,False,False,False,False,False,False,False,False,False,False,False,False,False,False
523,/home/pi/sambashare/BacArbeit/randomized_iamges/523.jpg,0.05500968000069406,False,False,False,False,False,False,False,False,False,False,False,False,False,False,False
524,/home/pi/sambashare/BacArbeit/randomized_iamges/524.jpg,0.05445363100079703,False,False,False,False,False,False,False,False,False,False,False,False,False,False,False
525,/home/pi/sambashare/BacArbeit/randomized_iamges/525.jpg,0.054788552999525564,False,False,False,False,False,False,False,False,False,False,False,False,False,False,False
526,/home/pi/sambashare/BacArbeit/randomized_iamges/526.jpg,0.05445742699976108,False,False,False,False,False,False,False,False,False,False,False,False,False,False,False
527,/home/pi/sambashare/BacArbeit/randomized_iamges/527.jpg,0.054918181999710214,False,False,False,False,False,False,False,False,False,False,False,False,False,False,False
528,/home/pi/sambashare/BacArbeit/randomized_iamges/528.jpg,0.0548620720001054,False,False,False,False,False,False,False,False,False,False,False,False,False,False,False
529,/home/pi/sambashare/BacArbeit/randomized_iamges/529.jpg,0.05478838799990626,False,False,False,False,False,False,False,False,False,False,False,False,False,False,False
530,/home/pi/sambashare/BacArbeit/randomized_iamges/530.jpg,0.05442600400056108,False,False,False,False,False,False,False,False,False,False,False,False,False,False,False
531,/home/pi/sambashare/BacArbeit/randomized_iamges/531.jpg,0.05500905099961528,False,False,False,False,False,False,False,False,False,False,False,False,False,False,False
532,/home/pi/sambashare/BacArbeit/randomized_iamges/532.jpg,0.05497562599975936,False,False,False,False,False,False,False,False,False,False,False,False,False,False,False
533,/home/pi/sambashare/BacArbeit/randomized_iamges/533.jpg,0.054812071999549516,False,False,False,False,False,False,False,False,False,False,False,False,False,False,False
534,/home/pi/sambashare/BacArbeit/randomized_iamges/534.jpg,0.05441761400015821,False,False,False,False,False,False,False,False,False,False,False,False,False,False,False
535,/home/pi/sambashare/BacArbeit/randomized_iamges/535.jpg,0.05482707200008008,False,False,False,False,False,False,False,False,False,False,False,False,False,False,False
536,/home/pi/sambashare/BacArbeit/randomized_iamges/536.jpg,0.05470696200063685,False,False,False,False,False,False,False,False,False,False,False,False,False,False,False
537,/home/pi/sambashare/BacArbeit/randomized_iamges/537.jpg,0.05496740300077363,False,False,False,False,False,False,False,False,False,False,False,False,False,False,False
538,/home/pi/sambashare/BacArbeit/randomized_iamges/538.jpg,0.05471357400074339,False,False,False,False,False,False,False,False,False,False,False,False,False,False,False
539,/home/pi/sambashare/BacArbeit/randomized_iamges/539.jpg,0.05456661300013366,False,False,False,False,False,False,False,False,False,False,False,False,False,False,False
540,/home/pi/sambashare/BacArbeit/randomized_iamges/540.jpg,0.05434400600006484,False,False,False,False,False,False,False,False,False,False,False,False,False,False,False
541,/home/pi/sambashare/BacArbeit/randomized_iamges/541.jpg,0.0551086249997752,False,False,False,False,False,False,False,False,False,False,False,False,False,False,False
542,/home/pi/sambashare/BacArbeit/randomized_iamges/542.jpg,0.05480462899959093,False,False,False,False,False,False,False,False,False,False,False,False,False,False,False
543,/home/pi/sambashare/BacArbeit/randomized_iamges/543.jpg,0.05474735200004943,False,False,False,False,False,False,False,False,False,False,False,False,False,False,False
544,/home/pi/sambashare/BacArbeit/randomized_iamges/544.jpg,0.0541464719999567,False,False,False,False,False,False,False,False,False,False,False,False,False,False,False
545,/home/pi/sambashare/BacArbeit/randomized_iamges/545.jpg,0.05472235199977149,False,False,False,False,False,False,False,False,False,False,False,False,False,False,False
546,/home/pi/sambashare/BacArbeit/randomized_iamges/546.jpg,0.054614910000054806,False,False,False,False,False,False,False,False,False,False,False,False,False,False,False
547,/home/pi/sambashare/BacArbeit/randomized_iamges/547.jpg,0.05497944200033089,False,False,False,False,False,False,False,False,False,False,False,False,False,False,False
548,/home/pi/sambashare/BacArbeit/randomized_iamges/548.jpg,0.05460403899996891,False,False,False,False,False,False,False,False,False,False,False,False,False,False,False
549,/home/pi/sambashare/BacArbeit/randomized_iamges/549.jpg,0.05471879699962301,False,False,False,False,False,False,False,False,False,False,False,False,False,False,False
550,/home/pi/sambashare/BacArbeit/randomized_iamges/550.jpg,0.05465352000010171,False,False,False,False,False,False,False,False,False,False,False,False,False,False,False
551,/home/pi/sambashare/BacArbeit/randomized_iamges/551.jpg,0.05475151999962691,False,False,False,False,False,False,False,False,False,False,False,False,False,False,False
552,/home/pi/sambashare/BacArbeit/randomized_iamges/552.jpg,0.05481701900043845,False,False,False,False,False,False,False,False,False,False,False,False,False,False,False
553,/home/pi/sambashare/BacArbeit/randomized_iamges/553.jpg,0.054546374999517866,False,False,False,False,False,False,False,False,False,False,False,False,False,False,False
554,/home/pi/sambashare/BacArbeit/randomized_iamges/554.jpg,0.05487946299945179,False,False,False,False,False,False,False,False,False,False,False,False,False,False,False
555,/home/pi/sambashare/BacArbeit/randomized_iamges/555.jpg,0.05497292500058393,False,False,False,False,False,False,False,False,False,False,False,False,False,False,False
556,/home/pi/sambashare/BacArbeit/randomized_iamges/556.jpg,0.055300828000326874,False,False,False,False,False,False,False,False,False,False,False,False,False,False,False
557,/home/pi/sambashare/BacArbeit/randomized_iamges/557.jpg,0.05442126500020095,False,False,False,False,False,False,False,False,False,False,False,False,False,False,False
558,/home/pi/sambashare/BacArbeit/randomized_iamges/558.jpg,0.05499573899942334,False,False,False,False,False,False,False,False,False,False,False,False,False,False,False
559,/home/pi/sambashare/BacArbeit/randomized_iamges/559.jpg,0.054876962999514944,False,False,False,False,False,False,False,False,False,False,False,False,False,False,False
560,/home/pi/sambashare/BacArbeit/randomized_iamges/560.jpg,0.05642407100003766,False,False,False,False,False,False,False,False,False,False,False,False,False,False,False
561,/home/pi/sambashare/BacArbeit/randomized_iamges/561.jpg,0.05470850199981214,False,False,False,False,False,False,False,False,False,False,False,False,False,False,False
562,/home/pi/sambashare/BacArbeit/randomized_iamges/562.jpg,0.054713446000278054,False,False,False,False,False,False,False,False,False,False,False,False,False,False,False
563,/home/pi/sambashare/BacArbeit/randomized_iamges/563.jpg,0.054560912999477296,False,False,False,False,False,False,False,False,False,False,False,False,False,False,False
564,/home/pi/sambashare/BacArbeit/randomized_iamges/564.jpg,0.054673671000273316,False,False,False,False,False,False,False,False,False,False,False,False,False,False,False
565,/home/pi/sambashare/BacArbeit/randomized_iamges/565.jpg,0.05470257799970568,False,False,False,False,False,False,False,False,False,False,False,False,False,False,False
566,/home/pi/sambashare/BacArbeit/randomized_iamges/566.jpg,0.055122609000136435,False,False,False,False,False,False,False,False,False,False,False,False,False,False,False
567,/home/pi/sambashare/BacArbeit/randomized_iamges/567.jpg,0.05464954099988972,False,False,False,False,False,False,False,False,False,False,False,False,False,False,False
568,/home/pi/sambashare/BacArbeit/randomized_iamges/568.jpg,0.05472798399932799,False,False,False,False,False,False,False,False,False,False,False,False,False,False,False
569,/home/pi/sambashare/BacArbeit/randomized_iamges/569.jpg,0.05478011400009564,False,False,False,False,False,False,False,False,False,False,False,False,False,False,False
570,/home/pi/sambashare/BacArbeit/randomized_iamges/570.jpg,0.05471533699983411,False,False,False,False,False,False,False,False,False,False,False,False,False,False,False
571,/home/pi/sambashare/BacArbeit/randomized_iamges/571.jpg,0.055058795000149985,False,False,False,False,False,False,False,False,False,False,False,False,False,False,False
572,/home/pi/sambashare/BacArbeit/randomized_iamges/572.jpg,0.054603986000074656,False,False,False,False,False,False,False,False,False,False,False,False,False,False,False
573,/home/pi/sambashare/BacArbeit/randomized_iamges/573.jpg,0.054594338000242715,False,False,False,False,False,False,False,False,False,False,False,False,False,False,False
574,/home/pi/sambashare/BacArbeit/randomized_iamges/574.jpg,0.05491785300000629,False,False,False,False,False,False,False,False,False,False,False,False,False,False,False
575,/home/pi/sambashare/BacArbeit/randomized_iamges/575.jpg,0.054134216000420565,False,False,False,False,False,False,False,False,False,False,False,False,False,False,False
576,/home/pi/sambashare/BacArbeit/randomized_iamges/576.jpg,0.0548713170001065,False,False,False,False,False,False,False,False,False,False,False,False,False,False,False
577,/home/pi/sambashare/BacArbeit/randomized_iamges/577.jpg,0.05429999100033456,False,False,False,False,False,False,False,False,False,False,False,False,False,False,False
578,/home/pi/sambashare/BacArbeit/randomized_iamges/578.jpg,0.05481611400045949,False,False,False,False,False,False,False,False,False,False,False,False,False,False,False
579,/home/pi/sambashare/BacArbeit/randomized_iamges/579.jpg,0.054416787000263867,False,False,False,False,False,False,False,False,False,False,False,False,False,False,False
580,/home/pi/sambashare/BacArbeit/randomized_iamges/580.jpg,0.054560006000428984,False,False,False,False,False,False,False,False,False,False,False,False,False,False,False
581,/home/pi/sambashare/BacArbeit/randomized_iamges/581.jpg,0.054186547999961476,False,False,False,False,False,False,False,False,False,False,False,False,False,False,False
582,/home/pi/sambashare/BacArbeit/randomized_iamges/582.jpg,0.055114683999818226,False,False,False,False,False,False,False,False,False,False,False,False,False,False,False
583,/home/pi/sambashare/BacArbeit/randomized_iamges/583.jpg,0.05471894899983454,False,False,False,False,False,False,False,False,False,False,False,False,False,False,False
584,/home/pi/sambashare/BacArbeit/randomized_iamges/584.jpg,0.05478000399943994,False,False,False,False,False,False,False,False,False,False,False,False,False,False,False
585,/home/pi/sambashare/BacArbeit/randomized_iamges/585.jpg,0.05486933600059274,False,False,False,False,False,False,False,False,False,False,False,False,False,False,False
586,/home/pi/sambashare/BacArbeit/randomized_iamges/586.jpg,0.05466389499997604,False,False,False,False,False,False,False,False,False,False,False,False,False,False,False
587,/home/pi/sambashare/BacArbeit/randomized_iamges/587.jpg,0.05472857999939151,False,False,False,False,False,False,False,False,False,False,False,False,False,False,False
588,/home/pi/sambashare/BacArbeit/randomized_iamges/588.jpg,0.05505594599981123,False,False,False,False,False,False,False,False,False,False,False,False,False,False,False
589,/home/pi/sambashare/BacArbeit/randomized_iamges/589.jpg,0.05476987600013672,False,False,False,False,False,False,False,False,False,False,False,False,False,False,False
590,/home/pi/sambashare/BacArbeit/randomized_iamges/590.jpg,0.05480802300007781,False,False,False,False,False,False,False,False,False,False,False,False,False,False,False
591,/home/pi/sambashare/BacArbeit/randomized_iamges/591.jpg,0.05472533900046983,False,False,False,False,False,False,False,False,False,False,False,False,False,False,False
592,/home/pi/sambashare/BacArbeit/randomized_iamges/592.jpg,0.054597026000010374,False,False,False,False,False,False,False,False,False,False,False,False,False,False,False
593,/home/pi/sambashare/BacArbeit/randomized_iamges/593.jpg,0.05481585600045946,False,False,False,False,False,False,False,False,False,False,False,False,False,False,False
594,/home/pi/sambashare/BacArbeit/randomized_iamges/594.jpg,0.05459722999967198,False,False,False,False,False,False,False,False,False,False,False,False,False,False,False
595,/home/pi/sambashare/BacArbeit/randomized_iamges/595.jpg,0.05484218899982807,False,False,False,False,False,False,False,False,False,False,False,False,False,False,False
596,/home/pi/sambashare/BacArbeit/randomized_iamges/596.jpg,0.054531415000383276,False,False,False,False,False,False,False,False,False,False,False,False,False,False,False
597,/home/pi/sambashare/BacArbeit/randomized_iamges/597.jpg,0.05473320999954012,False,False,False,False,False,False,False,False,False,False,False,False,False,False,False
598,/home/pi/sambashare/BacArbeit/randomized_iamges/598.jpg,0.054241808999904606,False,False,False,False,False,False,False,False,False,False,False,False,False,False,False
599,/home/pi/sambashare/BacArbeit/randomized_iamges/599.jpg,0.054866968000169436,False,False,False,False,False,False,False,False,False,False,False,False,False,False,False
600,/home/pi/sambashare/BacArbeit/randomized_iamges/600.jpg,0.05439628900057869,False,False,False,False,False,False,False,False,False,False,False,False,False,False,False
601,/home/pi/sambashare/BacArbeit/randomized_iamges/601.jpg,0.05492094900000666,False,False,False,False,False,False,False,False,False,False,False,False,False,False,False
602,/home/pi/sambashare/BacArbeit/randomized_iamges/602.jpg,0.05466161900039879,False,False,False,False,False,False,False,False,False,False,False,False,False,False,False
603,/home/pi/sambashare/BacArbeit/randomized_iamges/603.jpg,0.05485968999983015,False,False,False,False,False,False,False,False,False,False,False,False,False,False,False
604,/home/pi/sambashare/BacArbeit/randomized_iamges/604.jpg,0.05455378699934954,False,False,False,False,False,False,False,False,False,False,False,False,False,False,False
605,/home/pi/sambashare/BacArbeit/randomized_iamges/605.jpg,0.054816079000374884,False,False,False,False,False,False,False,False,False,False,False,False,False,False,False
606,/home/pi/sambashare/BacArbeit/randomized_iamges/606.jpg,0.055010559000038484,False,False,False,False,False,False,False,False,False,False,False,False,False,False,False
607,/home/pi/sambashare/BacArbeit/randomized_iamges/607.jpg,0.05454813899996225,False,False,False,False,False,False,False,False,False,False,False,False,False,False,False
608,/home/pi/sambashare/BacArbeit/randomized_iamges/608.jpg,0.0554049419997682,False,False,False,False,False,False,False,False,False,False,False,False,False,False,False
609,/home/pi/sambashare/BacArbeit/randomized_iamges/609.jpg,0.05428940099955071,False,False,False,False,False,False,False,False,False,False,False,False,False,False,False
610,/home/pi/sambashare/BacArbeit/randomized_iamges/610.jpg,0.054845358000420674,False,False,False,False,False,False,False,False,False,False,False,False,False,False,False
611,/home/pi/sambashare/BacArbeit/randomized_iamges/611.jpg,0.05462874999921041,False,False,False,False,False,False,False,False,False,False,False,False,False,False,False
612,/home/pi/sambashare/BacArbeit/randomized_iamges/612.jpg,0.05503879999923811,False,False,False,False,False,False,False,False,False,False,False,False,False,False,False
613,/home/pi/sambashare/BacArbeit/randomized_iamges/613.jpg,0.05436332799945376,False,False,False,False,False,False,False,False,False,False,False,False,False,False,False
614,/home/pi/sambashare/BacArbeit/randomized_iamges/614.jpg,0.05485813599989342,False,False,False,False,False,False,False,False,False,False,False,False,False,False,False
615,/home/pi/sambashare/BacArbeit/randomized_iamges/615.jpg,0.05456189899996389,False,False,False,False,False,False,False,False,False,False,False,False,False,False,False
616,/home/pi/sambashare/BacArbeit/randomized_iamges/616.jpg,0.054914153000027,False,False,False,False,False,False,False,False,False,False,False,False,False,False,False
617,/home/pi/sambashare/BacArbeit/randomized_iamges/617.jpg,0.054555140000047686,False,False,False,False,False,False,False,False,False,False,False,False,False,False,False
618,/home/pi/sambashare/BacArbeit/randomized_iamges/618.jpg,0.05527557499954128,False,False,False,False,False,False,False,False,False,False,False,False,False,False,False
619,/home/pi/sambashare/BacArbeit/randomized_iamges/619.jpg,0.05479858100079582,False,False,False,False,False,False,False,False,False,False,False,False,False,False,False
620,/home/pi/sambashare/BacArbeit/randomized_iamges/620.jpg,0.05509096599962504,False,False,False,False,False,False,False,False,False,False,False,False,False,False,False
621,/home/pi/sambashare/BacArbeit/randomized_iamges/621.jpg,0.05453284400027769,False,False,False,False,False,False,False,False,False,False,False,False,False,False,False
622,/home/pi/sambashare/BacArbeit/randomized_iamges/622.jpg,0.05468015699989337,False,False,False,False,False,False,False,False,False,False,False,False,False,False,False
623,/home/pi/sambashare/BacArbeit/randomized_iamges/623.jpg,0.05475539700000809,False,False,False,False,False,False,False,False,False,False,False,False,False,False,False
624,/home/pi/sambashare/BacArbeit/randomized_iamges/624.jpg,0.05477045299994643,False,False,False,False,False,False,False,False,False,False,False,False,False,False,False
625,/home/pi/sambashare/BacArbeit/randomized_iamges/625.jpg,0.05483530399942538,False,False,False,False,False,False,False,False,False,False,False,False,False,False,False
626,/home/pi/sambashare/BacArbeit/randomized_iamges/626.jpg,0.054638528000396036,False,False,False,False,False,False,False,False,False,False,False,False,False,False,False
627,/home/pi/sambashare/BacArbeit/randomized_iamges/627.jpg,0.05473949099996389,False,False,False,False,False,False,False,False,False,False,False,False,False,False,False
628,/home/pi/sambashare/BacArbeit/randomized_iamges/628.jpg,0.05493065400060004,False,False,False,False,False,False,False,False,False,False,False,False,False,False,False
629,/home/pi/sambashare/BacArbeit/randomized_iamges/629.jpg,0.05488761800006614,False,False,False,False,False,False,False,False,False,False,False,False,False,False,False
630,/home/pi/sambashare/BacArbeit/randomized_iamges/630.jpg,0.05456914099977439,False,False,False,False,False,False,False,False,False,False,False,False,False,False,False
631,/home/pi/sambashare/BacArbeit/randomized_iamges/631.jpg,0.055105781999372994,False,False,False,False,False,False,False,False,False,False,False,False,False,False,False
632,/home/pi/sambashare/BacArbeit/randomized_iamges/632.jpg,0.05440149500009284,False,False,False,False,False,False,False,False,False,False,False,False,False,False,False
633,/home/pi/sambashare/BacArbeit/randomized_iamges/633.jpg,0.054677695000464155,False,False,False,False,False,False,False,False,False,False,False,False,False,False,False
634,/home/pi/sambashare/BacArbeit/randomized_iamges/634.jpg,0.054515698000614066,False,False,False,False,False,False,False,False,False,False,False,False,False,False,False
635,/home/pi/sambashare/BacArbeit/randomized_iamges/635.jpg,0.05511194999962754,False,False,False,False,False,False,False,False,False,False,False,False,False,False,False
636,/home/pi/sambashare/BacArbeit/randomized_iamges/636.jpg,0.05464099300024827,False,False,False,False,False,False,False,False,False,False,False,False,False,False,False
637,/home/pi/sambashare/BacArbeit/randomized_iamges/637.jpg,0.05508820900013234,False,False,False,False,False,False,False,False,False,False,False,False,False,False,False
638,/home/pi/sambashare/BacArbeit/randomized_iamges/638.jpg,0.054785899000307836,False,False,False,False,False,False,False,False,False,False,False,False,False,False,False
639,/home/pi/sambashare/BacArbeit/randomized_iamges/639.jpg,0.05471371400017233,False,False,False,False,False,False,False,False,False,False,False,False,False,False,False
640,/home/pi/sambashare/BacArbeit/randomized_iamges/640.jpg,0.05510033900009148,False,False,False,False,False,False,False,False,False,False,False,False,False,False,False
641,/home/pi/sambashare/BacArbeit/randomized_iamges/641.jpg,0.05479406500035111,False,False,False,False,False,False,False,False,False,False,False,False,False,False,False
642,/home/pi/sambashare/BacArbeit/randomized_iamges/642.jpg,0.05509580099987943,False,False,False,False,False,False,False,False,False,False,False,False,False,False,False
643,/home/pi/sambashare/BacArbeit/randomized_iamges/643.jpg,0.05446754999957193,False,False,False,False,False,False,False,False,False,False,False,False,False,False,False
644,/home/pi/sambashare/BacArbeit/randomized_iamges/644.jpg,0.05456351300017559,False,False,False,False,False,False,False,False,False,False,False,False,False,False,False
645,/home/pi/sambashare/BacArbeit/randomized_iamges/645.jpg,0.0544315879997157,False,False,False,False,False,False,False,False,False,False,False,False,False,False,False
646,/home/pi/sambashare/BacArbeit/randomized_iamges/646.jpg,0.054884878999473585,False,False,False,False,False,False,False,False,False,False,False,False,False,False,False
647,/home/pi/sambashare/BacArbeit/randomized_iamges/647.jpg,0.05458012399958534,False,False,False,False,False,False,False,False,False,False,False,False,False,False,False
648,/home/pi/sambashare/BacArbeit/randomized_iamges/648.jpg,0.05477949299984175,False,False,False,False,False,False,False,False,False,False,False,False,False,False,False
649,/home/pi/sambashare/BacArbeit/randomized_iamges/649.jpg,0.05444079300013982,False,False,False,False,False,False,False,False,False,False,False,False,False,False,False
650,/home/pi/sambashare/BacArbeit/randomized_iamges/650.jpg,0.055264022999836016,False,False,False,False,False,False,False,False,False,False,False,False,False,False,False
651,/home/pi/sambashare/BacArbeit/randomized_iamges/651.jpg,0.05450125500010472,False,False,False,False,False,False,False,False,False,False,False,False,False,False,False
652,/home/pi/sambashare/BacArbeit/randomized_iamges/652.jpg,0.05506560000048921,False,False,False,False,False,False,False,False,False,False,False,False,False,False,False
653,/home/pi/sambashare/BacArbeit/randomized_iamges/653.jpg,0.05464314300024853,False,False,False,False,False,False,False,False,False,False,False,False,False,False,False
654,/home/pi/sambashare/BacArbeit/randomized_iamges/654.jpg,0.05491038000036497,False,False,False,False,False,False,False,False,False,False,False,False,False,False,False
655,/home/pi/sambashare/BacArbeit/randomized_iamges/655.jpg,0.054522680999980366,False,False,False,False,False,False,False,False,False,False,False,False,False,False,False
656,/home/pi/sambashare/BacArbeit/randomized_iamges/656.jpg,0.05484288000025117,False,False,False,False,False,False,False,False,False,False,False,False,False,False,False
657,/home/pi/sambashare/BacArbeit/randomized_iamges/657.jpg,0.05480736299978162,False,False,False,False,False,False,False,False,False,False,False,False,False,False,False
658,/home/pi/sambashare/BacArbeit/randomized_iamges/658.jpg,0.054482626000208256,False,False,False,False,False,False,False,False,False,False,False,False,False,False,False
659,/home/pi/sambashare/BacArbeit/randomized_iamges/659.jpg,0.054632402999232,False,False,False,False,False,False,False,False,False,False,False,False,False,False,False
660,/home/pi/sambashare/BacArbeit/randomized_iamges/660.jpg,0.05434181399959925,False,False,False,False,False,False,False,False,False,False,False,False,False,False,False
661,/home/pi/sambashare/BacArbeit/randomized_iamges/661.jpg,0.054571384999690054,False,False,False,False,False,False,False,False,False,False,False,False,False,False,False
662,/home/pi/sambashare/BacArbeit/randomized_iamges/662.jpg,0.054567719000260695,False,False,False,False,False,False,False,False,False,False,False,False,False,False,False
663,/home/pi/sambashare/BacArbeit/randomized_iamges/663.jpg,0.054917899000429315,False,False,False,False,False,False,False,False,False,False,False,False,False,False,False
664,/home/pi/sambashare/BacArbeit/randomized_iamges/664.jpg,0.05433647999961977,False,False,False,False,False,False,False,False,False,False,False,False,False,False,False
665,/home/pi/sambashare/BacArbeit/randomized_iamges/665.jpg,0.05493684300017776,False,False,False,False,False,False,False,False,False,False,False,False,False,False,False
666,/home/pi/sambashare/BacArbeit/randomized_iamges/666.jpg,0.05483067800014396,False,False,False,False,False,False,False,False,False,False,False,False,False,False,False
667,/home/pi/sambashare/BacArbeit/randomized_iamges/667.jpg,0.05493617699994502,False,False,False,False,False,False,False,False,False,False,False,False,False,False,False
668,/home/pi/sambashare/BacArbeit/randomized_iamges/668.jpg,0.054629790999570105,False,False,False,False,False,False,False,False,False,False,False,False,False,False,False
669,/home/pi/sambashare/BacArbeit/randomized_iamges/669.jpg,0.054881584999748156,False,False,False,False,False,False,False,False,False,False,False,False,False,False,False
670,/home/pi/sambashare/BacArbeit/randomized_iamges/670.jpg,0.0551305830003912,False,False,False,False,False,False,False,False,False,False,False,False,False,False,False
671,/home/pi/sambashare/BacArbeit/randomized_iamges/671.jpg,0.05466770000020915,False,False,False,False,False,False,False,False,False,False,False,False,False,False,False
672,/home/pi/sambashare/BacArbeit/randomized_iamges/672.jpg,0.05455962800078851,False,False,False,False,False,False,False,False,False,False,False,False,False,False,False
673,/home/pi/sambashare/BacArbeit/randomized_iamges/673.jpg,0.05441192600028444,False,False,False,False,False,False,False,False,False,False,False,False,False,False,False
674,/home/pi/sambashare/BacArbeit/randomized_iamges/674.jpg,0.05489117900015117,False,False,False,False,False,False,False,False,False,False,False,False,False,False,False
675,/home/pi/sambashare/BacArbeit/randomized_iamges/675.jpg,0.054952399999820045,False,False,False,False,False,False,False,False,False,False,False,False,False,False,False
676,/home/pi/sambashare/BacArbeit/randomized_iamges/676.jpg,0.054896048000045994,False,False,False,False,False,False,False,False,False,False,False,False,False,False,False
677,/home/pi/sambashare/BacArbeit/randomized_iamges/677.jpg,0.05501536199972179,False,False,False,False,False,False,False,False,False,False,False,False,False,False,False
678,/home/pi/sambashare/BacArbeit/randomized_iamges/678.jpg,0.05475030900015554,False,False,False,False,False,False,False,False,False,False,False,False,False,False,False
679,/home/pi/sambashare/BacArbeit/randomized_iamges/679.jpg,0.05478355000013835,False,False,False,False,False,False,False,False,False,False,False,False,False,False,False
680,/home/pi/sambashare/BacArbeit/randomized_iamges/680.jpg,0.0599613890008186,False,False,False,False,False,False,False,False,False,False,False,False,False,False,False
681,/home/pi/sambashare/BacArbeit/randomized_iamges/681.jpg,0.05595394200008741,False,False,False,False,False,False,False,False,False,False,False,False,False,False,False
682,/home/pi/sambashare/BacArbeit/randomized_iamges/682.jpg,0.055443913000090106,False,False,False,False,False,False,False,False,False,False,False,False,False,False,False
683,/home/pi/sambashare/BacArbeit/randomized_iamges/683.jpg,0.05569003900018288,False,False,False,False,False,False,False,False,False,False,False,False,False,False,False
684,/home/pi/sambashare/BacArbeit/randomized_iamges/684.jpg,0.056196032999650924,False,False,False,False,False,False,False,False,False,False,False,False,False,False,False
685,/home/pi/sambashare/BacArbeit/randomized_iamges/685.jpg,0.05588837000050262,False,False,False,False,False,False,False,False,False,False,False,False,False,False,False
686,/home/pi/sambashare/BacArbeit/randomized_iamges/686.jpg,0.055696002000331646,False,False,False,False,False,False,False,False,False,False,False,False,False,False,False
687,/home/pi/sambashare/BacArbeit/randomized_iamges/687.jpg,0.05590894299984939,False,False,False,False,False,False,False,False,False,False,False,False,False,False,False
688,/home/pi/sambashare/BacArbeit/randomized_iamges/688.jpg,0.055695224000373855,False,False,False,False,False,False,False,False,False,False,False,False,False,False,False
689,/home/pi/sambashare/BacArbeit/randomized_iamges/689.jpg,0.055688095000732574,False,False,False,False,False,False,False,False,False,False,False,False,False,False,False
690,/home/pi/sambashare/BacArbeit/randomized_iamges/690.jpg,0.05578411199985567,False,False,False,False,False,False,False,False,False,False,False,False,False,False,False
691,/home/pi/sambashare/BacArbeit/randomized_iamges/691.jpg,0.05584411200015893,False,False,False,False,False,False,False,False,False,False,False,False,False,False,False
692,/home/pi/sambashare/BacArbeit/randomized_iamges/692.jpg,0.05554135599959409,False,False,False,False,False,False,False,False,False,False,False,False,False,False,False
693,/home/pi/sambashare/BacArbeit/randomized_iamges/693.jpg,0.055872537000141165,False,False,False,False,False,False,False,False,False,False,False,False,False,False,False
694,/home/pi/sambashare/BacArbeit/randomized_iamges/694.jpg,0.055303138000454055,False,False,False,False,False,False,False,False,False,False,False,False,False,False,False
695,/home/pi/sambashare/BacArbeit/randomized_iamges/695.jpg,0.05577898299998196,False,False,False,False,False,False,False,False,False,False,False,False,False,False,False
696,/home/pi/sambashare/BacArbeit/randomized_iamges/696.jpg,0.0556474300001355,False,False,False,False,False,False,False,False,False,False,False,False,False,False,False
697,/home/pi/sambashare/BacArbeit/randomized_iamges/697.jpg,0.05610216399963974,False,False,False,False,False,False,False,False,False,False,False,False,False,False,False
698,/home/pi/sambashare/BacArbeit/randomized_iamges/698.jpg,0.05549985800007562,False,False,False,False,False,False,False,False,False,False,False,False,False,False,False
699,/home/pi/sambashare/BacArbeit/randomized_iamges/699.jpg,0.05566876299963042,False,False,False,False,False,False,False,False,False,False,False,False,False,False,False
700,/home/pi/sambashare/BacArbeit/randomized_iamges/700.jpg,0.05588977900060854,False,False,False,False,False,False,False,False,False,False,False,False,False,False,False
701,/home/pi/sambashare/BacArbeit/randomized_iamges/701.jpg,0.055546468999637,False,False,False,False,False,False,False,False,False,False,False,False,False,False,False
702,/home/pi/sambashare/BacArbeit/randomized_iamges/702.jpg,0.05578292800055351,False,False,False,False,False,False,False,False,False,False,False,False,False,False,False
703,/home/pi/sambashare/BacArbeit/randomized_iamges/703.jpg,0.055602541000553174,False,False,False,False,False,False,False,False,False,False,False,False,False,False,False
704,/home/pi/sambashare/BacArbeit/randomized_iamges/704.jpg,0.055582430999493226,False,False,False,False,False,False,False,False,False,False,False,False,False,False,False
705,/home/pi/sambashare/BacArbeit/randomized_iamges/705.jpg,0.05567796699961036,False,False,False,False,False,False,False,False,False,False,False,False,False,False,False
706,/home/pi/sambashare/BacArbeit/randomized_iamges/706.jpg,0.05559224600074231,False,False,False,False,False,False,False,False,False,False,False,False,False,False,False
707,/home/pi/sambashare/BacArbeit/randomized_iamges/707.jpg,0.055587005999768735,False,False,False,False,False,False,False,False,False,False,False,False,False,False,False
708,/home/pi/sambashare/BacArbeit/randomized_iamges/708.jpg,0.05566037599965057,False,False,False,False,False,False,False,False,False,False,False,False,False,False,False
709,/home/pi/sambashare/BacArbeit/randomized_iamges/709.jpg,0.05561985700023797,False,False,False,False,False,False,False,False,False,False,False,False,False,False,False
710,/home/pi/sambashare/BacArbeit/randomized_iamges/710.jpg,0.055852966000202287,False,False,False,False,False,False,False,False,False,False,False,False,False,False,False
711,/home/pi/sambashare/BacArbeit/randomized_iamges/711.jpg,0.055673504999504075,False,False,False,False,False,False,False,False,False,False,False,False,False,False,False
712,/home/pi/sambashare/BacArbeit/randomized_iamges/712.jpg,0.055876112999612815,False,False,False,False,False,False,False,False,False,False,False,False,False,False,False
713,/home/pi/sambashare/BacArbeit/randomized_iamges/713.jpg,0.05553207999946608,False,False,False,False,False,False,False,False,False,False,False,False,False,False,False
714,/home/pi/sambashare/BacArbeit/randomized_iamges/714.jpg,0.055780595999749494,False,False,False,False,False,False,False,False,False,False,False,False,False,False,False
715,/home/pi/sambashare/BacArbeit/randomized_iamges/715.jpg,0.05542230500032019,False,False,False,False,False,False,False,False,False,False,False,False,False,False,False
716,/home/pi/sambashare/BacArbeit/randomized_iamges/716.jpg,0.05618238700026268,False,False,False,False,False,False,False,False,False,False,False,False,False,False,False
717,/home/pi/sambashare/BacArbeit/randomized_iamges/717.jpg,0.05581335500028217,False,False,False,False,False,False,False,False,False,False,False,False,False,False,False
718,/home/pi/sambashare/BacArbeit/randomized_iamges/718.jpg,0.055967649999729474,False,False,False,False,False,False,False,False,False,False,False,False,False,False,False
719,/home/pi/sambashare/BacArbeit/randomized_iamges/719.jpg,0.05570530199929635,False,False,False,False,False,False,False,False,False,False,False,False,False,False,False
720,/home/pi/sambashare/BacArbeit/randomized_iamges/720.jpg,0.05581361499935156,False,False,False,False,False,False,False,False,False,False,False,False,False,False,False
721,/home/pi/sambashare/BacArbeit/randomized_iamges/721.jpg,0.05619912900056079,False,False,False,False,False,False,False,False,False,False,False,False,False,False,False
722,/home/pi/sambashare/BacArbeit/randomized_iamges/722.jpg,0.05565652499990392,False,False,False,False,False,False,False,False,False,False,False,False,False,False,False
723,/home/pi/sambashare/BacArbeit/randomized_iamges/723.jpg,0.055474341999797616,False,False,False,False,False,False,False,False,False,False,False,False,False,False,False
724,/home/pi/sambashare/BacArbeit/randomized_iamges/724.jpg,0.05581855899981747,False,False,False,False,False,False,False,False,False,False,False,False,False,False,False
725,/home/pi/sambashare/BacArbeit/randomized_iamges/725.jpg,0.055954021000616194,False,False,False,False,False,False,False,False,False,False,False,False,False,False,False
726,/home/pi/sambashare/BacArbeit/randomized_iamges/726.jpg,0.055773690000023635,False,False,False,False,False,False,False,False,False,False,False,False,False,False,False
727,/home/pi/sambashare/BacArbeit/randomized_iamges/727.jpg,0.05582387399954314,False,False,False,False,False,False,False,False,False,False,False,False,False,False,False
728,/home/pi/sambashare/BacArbeit/randomized_iamges/728.jpg,0.05552537800031132,False,False,False,False,False,False,False,False,False,False,False,False,False,False,False
729,/home/pi/sambashare/BacArbeit/randomized_iamges/729.jpg,0.056103761000485974,False,False,False,False,False,False,False,False,False,False,False,False,False,False,False
730,/home/pi/sambashare/BacArbeit/randomized_iamges/730.jpg,0.05610231700029544,False,False,False,False,False,False,False,False,False,False,False,False,False,False,False
731,/home/pi/sambashare/BacArbeit/randomized_iamges/731.jpg,0.056130167999981495,False,False,False,False,False,False,False,False,False,False,False,False,False,False,False
732,/home/pi/sambashare/BacArbeit/randomized_iamges/732.jpg,0.05535295600020618,False,False,False,False,False,False,False,False,False,False,False,False,False,False,False
733,/home/pi/sambashare/BacArbeit/randomized_iamges/733.jpg,0.05596557699936966,False,False,False,False,False,False,False,False,False,False,False,False,False,False,False
734,/home/pi/sambashare/BacArbeit/randomized_iamges/734.jpg,0.055472194999310886,False,False,False,False,False,False,False,False,False,False,False,False,False,False,False
735,/home/pi/sambashare/BacArbeit/randomized_iamges/735.jpg,0.08813543100040988,False,False,False,False,False,False,False,False,False,False,False,False,False,False,False
736,/home/pi/sambashare/BacArbeit/randomized_iamges/736.jpg,0.05571098800010077,False,False,False,False,False,False,False,False,False,False,False,False,False,False,False
737,/home/pi/sambashare/BacArbeit/randomized_iamges/737.jpg,0.05589704200065171,False,False,False,False,False,False,False,False,False,False,False,False,False,False,False
738,/home/pi/sambashare/BacArbeit/randomized_iamges/738.jpg,0.055870189999950526,False,False,False,False,False,False,False,False,False,False,False,False,False,False,False
739,/home/pi/sambashare/BacArbeit/randomized_iamges/739.jpg,0.055655414999819186,False,False,False,False,False,False,False,False,False,False,False,False,False,False,False
740,/home/pi/sambashare/BacArbeit/randomized_iamges/740.jpg,0.05583570900034829,False,False,False,False,False,False,False,False,False,False,False,False,False,False,False
741,/home/pi/sambashare/BacArbeit/randomized_iamges/741.jpg,0.056058503000713245,False,False,False,False,False,False,False,False,False,False,False,False,False,False,False
742,/home/pi/sambashare/BacArbeit/randomized_iamges/742.jpg,0.0560148559998197,False,False,False,False,False,False,False,False,False,False,False,False,False,False,False
743,/home/pi/sambashare/BacArbeit/randomized_iamges/743.jpg,0.055632472000070265,False,False,False,False,False,False,False,False,False,False,False,False,False,False,False
744,/home/pi/sambashare/BacArbeit/randomized_iamges/744.jpg,0.05598920800002816,False,False,False,False,False,False,False,False,False,False,False,False,False,False,False
745,/home/pi/sambashare/BacArbeit/randomized_iamges/745.jpg,0.05586200600009761,False,False,False,False,False,False,False,False,False,False,False,False,False,False,False
746,/home/pi/sambashare/BacArbeit/randomized_iamges/746.jpg,0.05565426800058049,False,False,False,False,False,False,False,False,False,False,False,False,False,False,False
747,/home/pi/sambashare/BacArbeit/randomized_iamges/747.jpg,0.0557638769996629,False,False,False,False,False,False,False,False,False,False,False,False,False,False,False
748,/home/pi/sambashare/BacArbeit/randomized_iamges/748.jpg,0.05591913500029477,False,False,False,False,False,False,False,False,False,False,False,False,False,False,False
749,/home/pi/sambashare/BacArbeit/randomized_iamges/749.jpg,0.055747006999808946,False,False,False,False,False,False,False,False,False,False,False,False,False,False,False
750,/home/pi/sambashare/BacArbeit/randomized_iamges/750.jpg,0.05571426699953008,False,False,False,False,False,False,False,False,False,False,False,False,False,False,False
751,/home/pi/sambashare/BacArbeit/randomized_iamges/751.jpg,0.05543527100053325,False,False,False,False,False,False,False,False,False,False,False,False,False,False,False
752,/home/pi/sambashare/BacArbeit/randomized_iamges/752.jpg,0.055751341999894066,False,False,False,False,False,False,False,False,False,False,False,False,False,False,False
753,/home/pi/sambashare/BacArbeit/randomized_iamges/753.jpg,0.0555013080002027,False,False,False,False,False,False,False,False,False,False,False,False,False,False,False
754,/home/pi/sambashare/BacArbeit/randomized_iamges/754.jpg,0.05603767100001278,False,False,False,False,False,False,False,False,False,False,False,False,False,False,False
755,/home/pi/sambashare/BacArbeit/randomized_iamges/755.jpg,0.05578586100000393,False,False,False,False,False,False,False,False,False,False,False,False,False,False,False
756,/home/pi/sambashare/BacArbeit/randomized_iamges/756.jpg,0.056175799999437004,False,False,False,False,False,False,False,False,False,False,False,False,False,False,False
757,/home/pi/sambashare/BacArbeit/randomized_iamges/757.jpg,0.05588680300024862,False,False,False,False,False,False,False,False,False,False,False,False,False,False,False
758,/home/pi/sambashare/BacArbeit/randomized_iamges/758.jpg,0.05554125300022861,False,False,False,False,False,False,False,False,False,False,False,False,False,False,False
759,/home/pi/sambashare/BacArbeit/randomized_iamges/759.jpg,0.05569786100022611,False,False,False,False,False,False,False,False,False,False,False,False,False,False,False
760,/home/pi/sambashare/BacArbeit/randomized_iamges/760.jpg,0.055600714000320295,False,False,False,False,False,False,False,False,False,False,False,False,False,False,False
761,/home/pi/sambashare/BacArbeit/randomized_iamges/761.jpg,0.05595124699993903,False,False,False,False,False,False,False,False,False,False,False,False,False,False,False
762,/home/pi/sambashare/BacArbeit/randomized_iamges/762.jpg,0.055544640999869443,False,False,False,False,False,False,False,False,False,False,False,False,False,False,False
763,/home/pi/sambashare/BacArbeit/randomized_iamges/763.jpg,0.05590665500039904,False,False,False,False,False,False,False,False,False,False,False,False,False,False,False
764,/home/pi/sambashare/BacArbeit/randomized_iamges/764.jpg,0.055450421000386996,False,False,False,False,False,False,False,False,False,False,False,False,False,False,False
765,/home/pi/sambashare/BacArbeit/randomized_iamges/765.jpg,0.05574854699989373,False,False,False,False,False,False,False,False,False,False,False,False,False,False,False
766,/home/pi/sambashare/BacArbeit/randomized_iamges/766.jpg,0.05543912499979342,False,False,False,False,False,False,False,False,False,False,False,False,False,False,False
767,/home/pi/sambashare/BacArbeit/randomized_iamges/767.jpg,0.0558358970001791,False,False,False,False,False,False,False,False,False,False,False,False,False,False,False
768,/home/pi/sambashare/BacArbeit/randomized_iamges/768.jpg,0.05578895399958128,False,False,False,False,False,False,False,False,False,False,False,False,False,False,False
769,/home/pi/sambashare/BacArbeit/randomized_iamges/769.jpg,0.05573069500042038,False,False,False,False,False,False,False,False,False,False,False,False,False,False,False
770,/home/pi/sambashare/BacArbeit/randomized_iamges/770.jpg,0.05588276699927519,False,False,False,False,False,False,False,False,False,False,False,False,False,False,False
771,/home/pi/sambashare/BacArbeit/randomized_iamges/771.jpg,0.05596113699994021,False,False,False,False,False,False,False,False,False,False,False,False,False,False,False
772,/home/pi/sambashare/BacArbeit/randomized_iamges/772.jpg,0.05579893499998434,False,False,False,False,False,False,False,False,False,False,False,False,False,False,False
773,/home/pi/sambashare/BacArbeit/randomized_iamges/773.jpg,0.05559842000002391,False,False,False,False,False,False,False,False,False,False,False,False,False,False,False
774,/home/pi/sambashare/BacArbeit/randomized_iamges/774.jpg,0.05584686000020156,False,False,False,False,False,False,False,False,False,False,False,False,False,False,False
775,/home/pi/sambashare/BacArbeit/randomized_iamges/775.jpg,0.05542158800017205,False,False,False,False,False,False,False,False,False,False,False,False,False,False,False
776,/home/pi/sambashare/BacArbeit/randomized_iamges/776.jpg,0.055990656000176386,False,False,False,False,False,False,False,False,False,False,False,False,False,False,False
777,/home/pi/sambashare/BacArbeit/randomized_iamges/777.jpg,0.0557933989994126,False,False,False,False,False,False,False,False,False,False,False,False,False,False,False
778,/home/pi/sambashare/BacArbeit/randomized_iamges/778.jpg,0.0560443780004789,False,False,False,False,False,False,False,False,False,False,False,False,False,False,False
779,/home/pi/sambashare/BacArbeit/randomized_iamges/779.jpg,0.05596337900078652,False,False,False,False,False,False,False,False,False,False,False,False,False,False,False
780,/home/pi/sambashare/BacArbeit/randomized_iamges/780.jpg,0.055879510000522714,False,False,False,False,False,False,False,False,False,False,False,False,False,False,False
781,/home/pi/sambashare/BacArbeit/randomized_iamges/781.jpg,0.055538976000207185,False,False,False,False,False,False,False,False,False,False,False,False,False,False,False
782,/home/pi/sambashare/BacArbeit/randomized_iamges/782.jpg,0.055538458000228275,False,False,False,False,False,False,False,False,False,False,False,False,False,False,False
783,/home/pi/sambashare/BacArbeit/randomized_iamges/783.jpg,0.05578864000017347,False,False,False,False,False,False,False,False,False,False,False,False,False,False,False
784,/home/pi/sambashare/BacArbeit/randomized_iamges/784.jpg,0.055712270000185526,False,False,False,False,False,False,False,False,False,False,False,False,False,False,False
785,/home/pi/sambashare/BacArbeit/randomized_iamges/785.jpg,0.05581924999933108,False,False,False,False,False,False,False,False,False,False,False,False,False,False,False
786,/home/pi/sambashare/BacArbeit/randomized_iamges/786.jpg,0.0556762530004562,False,False,False,False,False,False,False,False,False,False,False,False,False,False,False
787,/home/pi/sambashare/BacArbeit/randomized_iamges/787.jpg,0.055931009000232734,False,False,False,False,False,False,False,False,False,False,False,False,False,False,False
788,/home/pi/sambashare/BacArbeit/randomized_iamges/788.jpg,0.055957139000383904,False,False,False,False,False,False,False,False,False,False,False,False,False,False,False
789,/home/pi/sambashare/BacArbeit/randomized_iamges/789.jpg,0.055588829000043916,False,False,False,False,False,False,False,False,False,False,False,False,False,False,False
790,/home/pi/sambashare/BacArbeit/randomized_iamges/790.jpg,0.05610719300057099,False,False,False,False,False,False,False,False,False,False,False,False,False,False,False
791,/home/pi/sambashare/BacArbeit/randomized_iamges/791.jpg,0.055870528999548696,False,False,False,False,False,False,False,False,False,False,False,False,False,False,False
792,/home/pi/sambashare/BacArbeit/randomized_iamges/792.jpg,0.055820289000621415,False,False,False,False,False,False,False,False,False,False,False,False,False,False,False
793,/home/pi/sambashare/BacArbeit/randomized_iamges/793.jpg,0.05594386200027657,False,False,False,False,False,False,False,False,False,False,False,False,False,False,False
794,/home/pi/sambashare/BacArbeit/randomized_iamges/794.jpg,0.05589764000069408,False,False,False,False,False,False,False,False,False,False,False,False,False,False,False
795,/home/pi/sambashare/BacArbeit/randomized_iamges/795.jpg,0.05581093700038764,False,False,False,False,False,False,False,False,False,False,False,False,False,False,False
796,/home/pi/sambashare/BacArbeit/randomized_iamges/796.jpg,0.055839640999693074,False,False,False,False,False,False,False,False,False,False,False,False,False,False,False
797,/home/pi/sambashare/BacArbeit/randomized_iamges/797.jpg,0.05695720000039728,False,False,False,False,False,False,False,False,False,False,False,False,False,False,False
798,/home/pi/sambashare/BacArbeit/randomized_iamges/798.jpg,0.05571934599993256,False,False,False,False,False,False,False,False,False,False,False,False,False,False,False
799,/home/pi/sambashare/BacArbeit/randomized_iamges/799.jpg,0.05536435199974221,False,False,False,False,False,False,False,False,False,False,False,False,False,False,False
800,/home/pi/sambashare/BacArbeit/randomized_iamges/800.jpg,0.05551621999984491,False,False,False,False,False,False,False,False,False,False,False,False,False,False,False
801,/home/pi/sambashare/BacArbeit/randomized_iamges/801.jpg,0.05583908700009488,False,False,False,False,False,False,False,False,False,False,False,False,False,False,False
802,/home/pi/sambashare/BacArbeit/randomized_iamges/802.jpg,0.055633164000028046,False,False,False,False,False,False,False,False,False,False,False,False,False,False,False
803,/home/pi/sambashare/BacArbeit/randomized_iamges/803.jpg,0.055912992999765265,False,False,False,False,False,False,False,False,False,False,False,False,False,False,False
804,/home/pi/sambashare/BacArbeit/randomized_iamges/804.jpg,0.055895825999868975,False,False,False,False,False,False,False,False,False,False,False,False,False,False,False
805,/home/pi/sambashare/BacArbeit/randomized_iamges/805.jpg,0.055343686000014713,False,False,False,False,False,False,False,False,False,False,False,False,False,False,False
806,/home/pi/sambashare/BacArbeit/randomized_iamges/806.jpg,0.05609747200014681,False,False,False,False,False,False,False,False,False,False,False,False,False,False,False
807,/home/pi/sambashare/BacArbeit/randomized_iamges/807.jpg,0.05550794200007658,False,False,False,False,False,False,False,False,False,False,False,False,False,False,False
808,/home/pi/sambashare/BacArbeit/randomized_iamges/808.jpg,0.05592163999972399,False,False,False,False,False,False,False,False,False,False,False,False,False,False,False
809,/home/pi/sambashare/BacArbeit/randomized_iamges/809.jpg,0.05564812600005098,False,False,False,False,False,False,False,False,False,False,False,False,False,False,False
810,/home/pi/sambashare/BacArbeit/randomized_iamges/810.jpg,0.05587486300009914,False,False,False,False,False,False,False,False,False,False,False,False,False,False,False
811,/home/pi/sambashare/BacArbeit/randomized_iamges/811.jpg,0.05546381400017708,False,False,False,False,False,False,False,False,False,False,False,False,False,False,False
812,/home/pi/sambashare/BacArbeit/randomized_iamges/812.jpg,0.055867661000775115,False,False,False,False,False,False,False,False,False,False,False,False,False,False,False
813,/home/pi/sambashare/BacArbeit/randomized_iamges/813.jpg,0.055570905999957176,False,False,False,False,False,False,False,False,False,False,False,False,False,False,False
814,/home/pi/sambashare/BacArbeit/randomized_iamges/814.jpg,0.055944216000170854,False,False,False,False,False,False,False,False,False,False,False,False,False,False,False
815,/home/pi/sambashare/BacArbeit/randomized_iamges/815.jpg,0.05569416300022567,False,False,False,False,False,False,False,False,False,False,False,False,False,False,False
816,/home/pi/sambashare/BacArbeit/randomized_iamges/816.jpg,0.05573869999989256,False,False,False,False,False,False,False,False,False,False,False,False,False,False,False
817,/home/pi/sambashare/BacArbeit/randomized_iamges/817.jpg,0.05706649799958541,False,False,False,False,False,False,False,False,False,False,False,False,False,False,False
818,/home/pi/sambashare/BacArbeit/randomized_iamges/818.jpg,0.055605128000024706,False,False,False,False,False,False,False,False,False,False,False,False,False,False,False
819,/home/pi/sambashare/BacArbeit/randomized_iamges/819.jpg,0.05607030700048199,False,False,False,False,False,False,False,False,False,False,False,False,False,False,False
820,/home/pi/sambashare/BacArbeit/randomized_iamges/820.jpg,0.05572188600035588,False,False,False,False,False,False,False,False,False,False,False,False,False,False,False
821,/home/pi/sambashare/BacArbeit/randomized_iamges/821.jpg,0.055802588000005926,False,False,False,False,False,False,False,False,False,False,False,False,False,False,False
822,/home/pi/sambashare/BacArbeit/randomized_iamges/822.jpg,0.055954178999854776,False,False,False,False,False,False,False,False,False,False,False,False,False,False,False
823,/home/pi/sambashare/BacArbeit/randomized_iamges/823.jpg,0.05561264799962373,False,False,False,False,False,False,False,False,False,False,False,False,False,False,False
824,/home/pi/sambashare/BacArbeit/randomized_iamges/824.jpg,0.05606210400037526,False,False,False,False,False,False,False,False,False,False,False,False,False,False,False
825,/home/pi/sambashare/BacArbeit/randomized_iamges/825.jpg,0.055726645000504504,False,False,False,False,False,False,False,False,False,False,False,False,False,False,False
826,/home/pi/sambashare/BacArbeit/randomized_iamges/826.jpg,0.05547300099988206,False,False,False,False,False,False,False,False,False,False,False,False,False,False,False
827,/home/pi/sambashare/BacArbeit/randomized_iamges/827.jpg,0.055607498999961535,False,False,False,False,False,False,False,False,False,False,False,False,False,False,False
828,/home/pi/sambashare/BacArbeit/randomized_iamges/828.jpg,0.0556526100008341,False,False,False,False,False,False,False,False,False,False,False,False,False,False,False
829,/home/pi/sambashare/BacArbeit/randomized_iamges/829.jpg,0.055765237999366946,False,False,False,False,False,False,False,False,False,False,False,False,False,False,False
830,/home/pi/sambashare/BacArbeit/randomized_iamges/830.jpg,0.055492704000243975,False,False,False,False,False,False,False,False,False,False,False,False,False,False,False
831,/home/pi/sambashare/BacArbeit/randomized_iamges/831.jpg,0.05574666400025308,False,False,False,False,False,False,False,False,False,False,False,False,False,False,False
832,/home/pi/sambashare/BacArbeit/randomized_iamges/832.jpg,0.055657703000179026,False,False,False,False,False,False,False,False,False,False,False,False,False,False,False
833,/home/pi/sambashare/BacArbeit/randomized_iamges/833.jpg,0.055845255000349425,False,False,False,False,False,False,False,False,False,False,False,False,False,False,False
834,/home/pi/sambashare/BacArbeit/randomized_iamges/834.jpg,0.055720442999700026,False,False,False,False,False,False,False,False,False,False,False,False,False,False,False
835,/home/pi/sambashare/BacArbeit/randomized_iamges/835.jpg,0.05586379400028818,False,False,False,False,False,False,False,False,False,False,False,False,False,False,False
836,/home/pi/sambashare/BacArbeit/randomized_iamges/836.jpg,0.05563133300074696,False,False,False,False,False,False,False,False,False,False,False,False,False,False,False
837,/home/pi/sambashare/BacArbeit/randomized_iamges/837.jpg,0.05587251499946433,False,False,False,False,False,False,False,False,False,False,False,False,False,False,False
838,/home/pi/sambashare/BacArbeit/randomized_iamges/838.jpg,0.05574097999942751,False,False,False,False,False,False,False,False,False,False,False,False,False,False,False
839,/home/pi/sambashare/BacArbeit/randomized_iamges/839.jpg,0.056066494999868155,False,False,False,False,False,False,False,False,False,False,False,False,False,False,False
840,/home/pi/sambashare/BacArbeit/randomized_iamges/840.jpg,0.055838311999650614,False,False,False,False,False,False,False,False,False,False,False,False,False,False,False
841,/home/pi/sambashare/BacArbeit/randomized_iamges/841.jpg,0.05571677600073599,False,False,False,False,False,False,False,False,False,False,False,False,False,False,False
842,/home/pi/sambashare/BacArbeit/randomized_iamges/842.jpg,0.0561146979998739,False,False,False,False,False,False,False,False,False,False,False,False,False,False,False
843,/home/pi/sambashare/BacArbeit/randomized_iamges/843.jpg,0.05550594599935721,False,False,False,False,False,False,False,False,False,False,False,False,False,False,False
844,/home/pi/sambashare/BacArbeit/randomized_iamges/844.jpg,0.0558500160004769,False,False,False,False,False,False,False,False,False,False,False,False,False,False,False
845,/home/pi/sambashare/BacArbeit/randomized_iamges/845.jpg,0.05583816400030628,False,False,False,False,False,False,False,False,False,False,False,False,False,False,False
846,/home/pi/sambashare/BacArbeit/randomized_iamges/846.jpg,0.05607784800031368,False,False,False,False,False,False,False,False,False,False,False,False,False,False,False
847,/home/pi/sambashare/BacArbeit/randomized_iamges/847.jpg,0.05546272500032501,False,False,False,False,False,False,False,False,False,False,False,False,False,False,False
848,/home/pi/sambashare/BacArbeit/randomized_iamges/848.jpg,0.05584988800001156,False,False,False,False,False,False,False,False,False,False,False,False,False,False,False
849,/home/pi/sambashare/BacArbeit/randomized_iamges/849.jpg,0.05580540599930828,False,False,False,False,False,False,False,False,False,False,False,False,False,False,False
850,/home/pi/sambashare/BacArbeit/randomized_iamges/850.jpg,0.05622665999999299,False,False,False,False,False,False,False,False,False,False,False,False,False,False,False
851,/home/pi/sambashare/BacArbeit/randomized_iamges/851.jpg,0.055976495999857434,False,False,False,False,False,False,False,False,False,False,False,False,False,False,False
852,/home/pi/sambashare/BacArbeit/randomized_iamges/852.jpg,0.05587972000012087,False,False,False,False,False,False,False,False,False,False,False,False,False,False,False
853,/home/pi/sambashare/BacArbeit/randomized_iamges/853.jpg,0.0560933839997233,False,False,False,False,False,False,False,False,False,False,False,False,False,False,False
854,/home/pi/sambashare/BacArbeit/randomized_iamges/854.jpg,0.0559463859999596,False,False,False,False,False,False,False,False,False,False,False,False,False,False,False
855,/home/pi/sambashare/BacArbeit/randomized_iamges/855.jpg,0.05581546200028242,False,False,False,False,False,False,False,False,False,False,False,False,False,False,False
856,/home/pi/sambashare/BacArbeit/randomized_iamges/856.jpg,0.055752129000211426,False,False,False,False,False,False,False,False,False,False,False,False,False,False,False
857,/home/pi/sambashare/BacArbeit/randomized_iamges/857.jpg,0.05593581199991604,False,False,False,False,False,False,False,False,False,False,False,False,False,False,False
858,/home/pi/sambashare/BacArbeit/randomized_iamges/858.jpg,0.05561407699951815,False,False,False,False,False,False,False,False,False,False,False,False,False,False,False
859,/home/pi/sambashare/BacArbeit/randomized_iamges/859.jpg,0.05581729599998653,False,False,False,False,False,False,False,False,False,False,False,False,False,False,False
860,/home/pi/sambashare/BacArbeit/randomized_iamges/860.jpg,0.05551370799912547,False,False,False,False,False,False,False,False,False,False,False,False,False,False,False
861,/home/pi/sambashare/BacArbeit/randomized_iamges/861.jpg,0.05594346100042458,False,False,False,False,False,False,False,False,False,False,False,False,False,False,False
862,/home/pi/sambashare/BacArbeit/randomized_iamges/862.jpg,0.05564503900041018,False,False,False,False,False,False,False,False,False,False,False,False,False,False,False
863,/home/pi/sambashare/BacArbeit/randomized_iamges/863.jpg,0.055800332999751845,False,False,False,False,False,False,False,False,False,False,False,False,False,False,False
864,/home/pi/sambashare/BacArbeit/randomized_iamges/864.jpg,0.05588510999950813,False,False,False,False,False,False,False,False,False,False,False,False,False,False,False
865,/home/pi/sambashare/BacArbeit/randomized_iamges/865.jpg,0.055889425000714255,False,False,False,False,False,False,False,False,False,False,False,False,False,False,False
866,/home/pi/sambashare/BacArbeit/randomized_iamges/866.jpg,0.055846683999334346,False,False,False,False,False,False,False,False,False,False,False,False,False,False,False
867,/home/pi/sambashare/BacArbeit/randomized_iamges/867.jpg,0.056032016000244766,False,False,False,False,False,False,False,False,False,False,False,False,False,False,False
868,/home/pi/sambashare/BacArbeit/randomized_iamges/868.jpg,0.055759167999895,False,False,False,False,False,False,False,False,False,False,False,False,False,False,False
869,/home/pi/sambashare/BacArbeit/randomized_iamges/869.jpg,0.05566707599973597,False,False,False,False,False,False,False,False,False,False,False,False,False,False,False
870,/home/pi/sambashare/BacArbeit/randomized_iamges/870.jpg,0.05559991199970682,False,False,False,False,False,False,False,False,False,False,False,False,False,False,False
871,/home/pi/sambashare/BacArbeit/randomized_iamges/871.jpg,0.056459047999851464,False,False,False,False,False,False,False,False,False,False,False,False,False,False,False
872,/home/pi/sambashare/BacArbeit/randomized_iamges/872.jpg,0.05578857499949663,False,False,False,False,False,False,False,False,False,False,False,False,False,False,False
873,/home/pi/sambashare/BacArbeit/randomized_iamges/873.jpg,0.05600205399969127,False,False,False,False,False,False,False,False,False,False,False,False,False,False,False
874,/home/pi/sambashare/BacArbeit/randomized_iamges/874.jpg,0.05602020300011645,False,False,False,False,False,False,False,False,False,False,False,False,False,False,False
875,/home/pi/sambashare/BacArbeit/randomized_iamges/875.jpg,0.05549507999967318,False,False,False,False,False,False,False,False,False,False,False,False,False,False,False
876,/home/pi/sambashare/BacArbeit/randomized_iamges/876.jpg,0.055786964000617445,False,False,False,False,False,False,False,False,False,False,False,False,False,False,False
877,/home/pi/sambashare/BacArbeit/randomized_iamges/877.jpg,0.05558187499991618,False,False,False,False,False,False,False,False,False,False,False,False,False,False,False
878,/home/pi/sambashare/BacArbeit/randomized_iamges/878.jpg,0.05556794899985107,False,False,False,False,False,False,False,False,False,False,False,False,False,False,False
879,/home/pi/sambashare/BacArbeit/randomized_iamges/879.jpg,0.05553941199923429,False,False,False,False,False,False,False,False,False,False,False,False,False,False,False
880,/home/pi/sambashare/BacArbeit/randomized_iamges/880.jpg,0.05602616499982105,False,False,False,False,False,False,False,False,False,False,False,False,False,False,False
881,/home/pi/sambashare/BacArbeit/randomized_iamges/881.jpg,0.05565594899962889,False,False,False,False,False,False,False,False,False,False,False,False,False,False,False
882,/home/pi/sambashare/BacArbeit/randomized_iamges/882.jpg,0.05556754200006253,False,False,False,False,False,False,False,False,False,False,False,False,False,False,False
883,/home/pi/sambashare/BacArbeit/randomized_iamges/883.jpg,0.05553213599978335,False,False,False,False,False,False,False,False,False,False,False,False,False,False,False
884,/home/pi/sambashare/BacArbeit/randomized_iamges/884.jpg,0.05567124499975762,False,False,False,False,False,False,False,False,False,False,False,False,False,False,False
885,/home/pi/sambashare/BacArbeit/randomized_iamges/885.jpg,0.05535919300018577,False,False,False,False,False,False,False,False,False,False,False,False,False,False,False
886,/home/pi/sambashare/BacArbeit/randomized_iamges/886.jpg,0.05568785600007686,False,False,False,False,False,False,False,False,False,False,False,False,False,False,False
887,/home/pi/sambashare/BacArbeit/randomized_iamges/887.jpg,0.055637467999986256,False,False,False,False,False,False,False,False,False,False,False,False,False,False,False
888,/home/pi/sambashare/BacArbeit/randomized_iamges/888.jpg,0.05584727899986319,False,False,False,False,False,False,False,False,False,False,False,False,False,False,False
889,/home/pi/sambashare/BacArbeit/randomized_iamges/889.jpg,0.05583372399996733,False,False,False,False,False,False,False,False,False,False,False,False,False,False,False
890,/home/pi/sambashare/BacArbeit/randomized_iamges/890.jpg,0.05575237399989419,False,False,False,False,False,False,False,False,False,False,False,False,False,False,False
891,/home/pi/sambashare/BacArbeit/randomized_iamges/891.jpg,0.05579705800028023,False,False,False,False,False,False,False,False,False,False,False,False,False,False,False
892,/home/pi/sambashare/BacArbeit/randomized_iamges/892.jpg,0.05534530399927462,False,False,False,False,False,False,False,False,False,False,False,False,False,False,False
893,/home/pi/sambashare/BacArbeit/randomized_iamges/893.jpg,0.055773060000319674,False,False,False,False,False,False,False,False,False,False,False,False,False,False,False
894,/home/pi/sambashare/BacArbeit/randomized_iamges/894.jpg,0.055488526000772254,False,False,False,False,False,False,False,False,False,False,False,False,False,False,False
895,/home/pi/sambashare/BacArbeit/randomized_iamges/895.jpg,0.055887816999529605,False,False,False,False,False,False,False,False,False,False,False,False,False,False,False
896,/home/pi/sambashare/BacArbeit/randomized_iamges/896.jpg,0.05589792899991153,False,False,False,False,False,False,False,False,False,False,False,False,False,False,False
897,/home/pi/sambashare/BacArbeit/randomized_iamges/897.jpg,0.05564345000038884,False,False,False,False,False,False,False,False,False,False,False,False,False,False,False
898,/home/pi/sambashare/BacArbeit/randomized_iamges/898.jpg,0.05556061800052703,False,False,False,False,False,False,False,False,False,False,False,False,False,False,False
899,/home/pi/sambashare/BacArbeit/randomized_iamges/899.jpg,0.05604070400022465,False,False,False,False,False,False,False,False,False,False,False,False,False,False,False
900,/home/pi/sambashare/BacArbeit/randomized_iamges/900.jpg,0.05563122799958364,False,False,False,False,False,False,False,False,False,False,False,False,False,False,False
901,/home/pi/sambashare/BacArbeit/randomized_iamges/901.jpg,0.055758227000296756,False,False,False,False,False,False,False,False,False,False,False,False,False,False,False
902,/home/pi/sambashare/BacArbeit/randomized_iamges/902.jpg,0.0555969869992623,False,False,False,False,False,False,False,False,False,False,False,False,False,False,False
903,/home/pi/sambashare/BacArbeit/randomized_iamges/903.jpg,0.055817503000071156,False,False,False,False,False,False,False,False,False,False,False,False,False,False,False
904,/home/pi/sambashare/BacArbeit/randomized_iamges/904.jpg,0.05591959499997756,False,False,False,False,False,False,False,False,False,False,False,False,False,False,False
905,/home/pi/sambashare/BacArbeit/randomized_iamges/905.jpg,0.05559641499985446,False,False,False,False,False,False,False,False,False,False,False,False,False,False,False
906,/home/pi/sambashare/BacArbeit/randomized_iamges/906.jpg,0.05559593300040433,False,False,False,False,False,False,False,False,False,False,False,False,False,False,False
907,/home/pi/sambashare/BacArbeit/randomized_iamges/907.jpg,0.055330066999886185,False,False,False,False,False,False,False,False,False,False,False,False,False,False,False
908,/home/pi/sambashare/BacArbeit/randomized_iamges/908.jpg,0.05610713099940767,False,False,False,False,False,False,False,False,False,False,False,False,False,False,False
909,/home/pi/sambashare/BacArbeit/randomized_iamges/909.jpg,0.055570988999534165,False,False,False,False,False,False,False,False,False,False,False,False,False,False,False
910,/home/pi/sambashare/BacArbeit/randomized_iamges/910.jpg,0.05649988500044856,False,False,False,False,False,False,False,False,False,False,False,False,False,False,False
911,/home/pi/sambashare/BacArbeit/randomized_iamges/911.jpg,0.05549002699990524,False,False,False,False,False,False,False,False,False,False,False,False,False,False,False
912,/home/pi/sambashare/BacArbeit/randomized_iamges/912.jpg,0.05589557799976319,False,False,False,False,False,False,False,False,False,False,False,False,False,False,False
913,/home/pi/sambashare/BacArbeit/randomized_iamges/913.jpg,0.05561397000019497,False,False,False,False,False,False,False,False,False,False,False,False,False,False,False
914,/home/pi/sambashare/BacArbeit/randomized_iamges/914.jpg,0.05737144700015051,False,False,False,False,False,False,False,False,False,False,False,False,False,False,False
915,/home/pi/sambashare/BacArbeit/randomized_iamges/915.jpg,0.05594078099966282,False,False,False,False,False,False,False,False,False,False,False,False,False,False,False
916,/home/pi/sambashare/BacArbeit/randomized_iamges/916.jpg,0.05580969000038749,False,False,False,False,False,False,False,False,False,False,False,False,False,False,False
917,/home/pi/sambashare/BacArbeit/randomized_iamges/917.jpg,0.055760488000487385,False,False,False,False,False,False,False,False,False,False,False,False,False,False,False
918,/home/pi/sambashare/BacArbeit/randomized_iamges/918.jpg,0.05585052300011739,False,False,False,False,False,False,False,False,False,False,False,False,False,False,False
919,/home/pi/sambashare/BacArbeit/randomized_iamges/919.jpg,0.05572361800022918,False,False,False,False,False,False,False,False,False,False,False,False,False,False,False
920,/home/pi/sambashare/BacArbeit/randomized_iamges/920.jpg,0.05619477900017955,False,False,False,False,False,False,False,False,False,False,False,False,False,False,False
921,/home/pi/sambashare/BacArbeit/randomized_iamges/921.jpg,0.054870648000360234,False,False,False,False,False,False,False,False,False,False,False,False,False,False,False
922,/home/pi/sambashare/BacArbeit/randomized_iamges/922.jpg,0.05515627400018275,False,False,False,False,False,False,False,False,False,False,False,False,False,False,False
923,/home/pi/sambashare/BacArbeit/randomized_iamges/923.jpg,0.05488912900000287,False,False,False,False,False,False,False,False,False,False,False,False,False,False,False
924,/home/pi/sambashare/BacArbeit/randomized_iamges/924.jpg,0.05503301599947008,False,False,False,False,False,False,False,False,False,False,False,False,False,False,False
925,/home/pi/sambashare/BacArbeit/randomized_iamges/925.jpg,0.05521551299989369,False,False,False,False,False,False,False,False,False,False,False,False,False,False,False
926,/home/pi/sambashare/BacArbeit/randomized_iamges/926.jpg,0.05499333099942305,False,False,False,False,False,False,False,False,False,False,False,False,False,False,False
927,/home/pi/sambashare/BacArbeit/randomized_iamges/927.jpg,0.05481766699995205,False,False,False,False,False,False,False,False,False,False,False,False,False,False,False
928,/home/pi/sambashare/BacArbeit/randomized_iamges/928.jpg,0.05491090699979395,False,False,False,False,False,False,False,False,False,False,False,False,False,False,False
929,/home/pi/sambashare/BacArbeit/randomized_iamges/929.jpg,0.054714947000320535,False,False,False,False,False,False,False,False,False,False,False,False,False,False,False
930,/home/pi/sambashare/BacArbeit/randomized_iamges/930.jpg,0.054661502999806544,False,False,False,False,False,False,False,False,False,False,False,False,False,False,False
931,/home/pi/sambashare/BacArbeit/randomized_iamges/931.jpg,0.055136367000159225,False,False,False,False,False,False,False,False,False,False,False,False,False,False,False
932,/home/pi/sambashare/BacArbeit/randomized_iamges/932.jpg,0.054845556000145734,False,False,False,False,False,False,False,False,False,False,False,False,False,False,False
933,/home/pi/sambashare/BacArbeit/randomized_iamges/933.jpg,0.055062720000023546,False,False,False,False,False,False,False,False,False,False,False,False,False,False,False
934,/home/pi/sambashare/BacArbeit/randomized_iamges/934.jpg,0.054999312999825634,False,False,False,False,False,False,False,False,False,False,False,False,False,False,False
935,/home/pi/sambashare/BacArbeit/randomized_iamges/935.jpg,0.05480092699963279,False,False,False,False,False,False,False,False,False,False,False,False,False,False,False
936,/home/pi/sambashare/BacArbeit/randomized_iamges/936.jpg,0.05511533099979715,False,False,False,False,False,False,False,False,False,False,False,False,False,False,False
937,/home/pi/sambashare/BacArbeit/randomized_iamges/937.jpg,0.05517353399955027,False,False,False,False,False,False,False,False,False,False,False,False,False,False,False
938,/home/pi/sambashare/BacArbeit/randomized_iamges/938.jpg,0.05533730899969669,False,False,False,False,False,False,False,False,False,False,False,False,False,False,False
939,/home/pi/sambashare/BacArbeit/randomized_iamges/939.jpg,0.05531364299986308,False,False,False,False,False,False,False,False,False,False,False,False,False,False,False
940,/home/pi/sambashare/BacArbeit/randomized_iamges/940.jpg,0.055132090000370226,False,False,False,False,False,False,False,False,False,False,False,False,False,False,False
941,/home/pi/sambashare/BacArbeit/randomized_iamges/941.jpg,0.05493375999958516,False,False,False,False,False,False,False,False,False,False,False,False,False,False,False
942,/home/pi/sambashare/BacArbeit/randomized_iamges/942.jpg,0.0548071319999508,False,False,False,False,False,False,False,False,False,False,False,False,False,False,False
943,/home/pi/sambashare/BacArbeit/randomized_iamges/943.jpg,0.054767502999311546,False,False,False,False,False,False,False,False,False,False,False,False,False,False,False
944,/home/pi/sambashare/BacArbeit/randomized_iamges/944.jpg,0.055047720999937155,False,False,False,False,False,False,False,False,False,False,False,False,False,False,False
945,/home/pi/sambashare/BacArbeit/randomized_iamges/945.jpg,0.05544186500083015,False,False,False,False,False,False,False,False,False,False,False,False,False,False,False
946,/home/pi/sambashare/BacArbeit/randomized_iamges/946.jpg,0.05515434999961144,False,False,False,False,False,False,False,False,False,False,False,False,False,False,False
947,/home/pi/sambashare/BacArbeit/randomized_iamges/947.jpg,0.05508577599994169,False,False,False,False,False,False,False,False,False,False,False,False,False,False,False
948,/home/pi/sambashare/BacArbeit/randomized_iamges/948.jpg,0.05506899899955897,False,False,False,False,False,False,False,False,False,False,False,False,False,False,False
949,/home/pi/sambashare/BacArbeit/randomized_iamges/949.jpg,0.055055018000530254,False,False,False,False,False,False,False,False,False,False,False,False,False,False,False
950,/home/pi/sambashare/BacArbeit/randomized_iamges/950.jpg,0.055164350000268314,False,False,False,False,False,False,False,False,False,False,False,False,False,False,False
951,/home/pi/sambashare/BacArbeit/randomized_iamges/951.jpg,0.055081425000025774,False,False,False,False,False,False,False,False,False,False,False,False,False,False,False
952,/home/pi/sambashare/BacArbeit/randomized_iamges/952.jpg,0.05497576099969592,False,False,False,False,False,False,False,False,False,False,False,False,False,False,False
953,/home/pi/sambashare/BacArbeit/randomized_iamges/953.jpg,0.05461863500022446,False,False,False,False,False,False,False,False,False,False,False,False,False,False,False
954,/home/pi/sambashare/BacArbeit/randomized_iamges/954.jpg,0.0550510929997472,False,False,False,False,False,False,False,False,False,False,False,False,False,False,False
955,/home/pi/sambashare/BacArbeit/randomized_iamges/955.jpg,0.0552143499999147,False,False,False,False,False,False,False,False,False,False,False,False,False,False,False
956,/home/pi/sambashare/BacArbeit/randomized_iamges/956.jpg,0.055043407999619376,False,False,False,False,False,False,False,False,False,False,False,False,False,False,False
957,/home/pi/sambashare/BacArbeit/randomized_iamges/957.jpg,0.05488811299983354,False,False,False,False,False,False,False,False,False,False,False,False,False,False,False
958,/home/pi/sambashare/BacArbeit/randomized_iamges/958.jpg,0.054853596000612015,False,False,False,False,False,False,False,False,False,False,False,False,False,False,False
959,/home/pi/sambashare/BacArbeit/randomized_iamges/959.jpg,0.054835576999721525,False,False,False,False,False,False,False,False,False,False,False,False,False,False,False
960,/home/pi/sambashare/BacArbeit/randomized_iamges/960.jpg,0.054884131999642705,False,False,False,False,False,False,False,False,False,False,False,False,False,False,False
961,/home/pi/sambashare/BacArbeit/randomized_iamges/961.jpg,0.05551351299982343,False,False,False,False,False,False,False,False,False,False,False,False,False,False,False
962,/home/pi/sambashare/BacArbeit/randomized_iamges/962.jpg,0.054814076999718964,False,False,False,False,False,False,False,False,False,False,False,False,False,False,False
963,/home/pi/sambashare/BacArbeit/randomized_iamges/963.jpg,0.05500222299997404,False,False,False,False,False,False,False,False,False,False,False,False,False,False,False
964,/home/pi/sambashare/BacArbeit/randomized_iamges/964.jpg,0.05513561199950345,False,False,False,False,False,False,False,False,False,False,False,False,False,False,False
965,/home/pi/sambashare/BacArbeit/randomized_iamges/965.jpg,0.055189741000504,False,False,False,False,False,False,False,False,False,False,False,False,False,False,False
966,/home/pi/sambashare/BacArbeit/randomized_iamges/966.jpg,0.05510872299964831,False,False,False,False,False,False,False,False,False,False,False,False,False,False,False
967,/home/pi/sambashare/BacArbeit/randomized_iamges/967.jpg,0.05552581000029022,False,False,False,False,False,False,False,False,False,False,False,False,False,False,False
968,/home/pi/sambashare/BacArbeit/randomized_iamges/968.jpg,0.054702024000107485,False,False,False,False,False,False,False,False,False,False,False,False,False,False,False
969,/home/pi/sambashare/BacArbeit/randomized_iamges/969.jpg,0.055165499999930034,False,False,False,False,False,False,False,False,False,False,False,False,False,False,False
970,/home/pi/sambashare/BacArbeit/randomized_iamges/970.jpg,0.05520896300004097,False,False,False,False,False,False,False,False,False,False,False,False,False,False,False
971,/home/pi/sambashare/BacArbeit/randomized_iamges/971.jpg,0.05500772399955167,False,False,False,False,False,False,False,False,False,False,False,False,False,False,False
972,/home/pi/sambashare/BacArbeit/randomized_iamges/972.jpg,0.054906761999518494,False,False,False,False,False,False,False,False,False,False,False,False,False,False,False
973,/home/pi/sambashare/BacArbeit/randomized_iamges/973.jpg,0.054947947999608004,False,False,False,False,False,False,False,False,False,False,False,False,False,False,False
974,/home/pi/sambashare/BacArbeit/randomized_iamges/974.jpg,0.05508925999947678,False,False,False,False,False,False,False,False,False,False,False,False,False,False,False
975,/home/pi/sambashare/BacArbeit/randomized_iamges/975.jpg,0.055022372999701474,False,False,False,False,False,False,False,False,False,False,False,False,False,False,False
976,/home/pi/sambashare/BacArbeit/randomized_iamges/976.jpg,0.0553756279996378,False,False,False,False,False,False,False,False,False,False,False,False,False,False,False
977,/home/pi/sambashare/BacArbeit/randomized_iamges/977.jpg,0.05482852400018601,False,False,False,False,False,False,False,False,False,False,False,False,False,False,False
978,/home/pi/sambashare/BacArbeit/randomized_iamges/978.jpg,0.05500805900010164,False,False,False,False,False,False,False,False,False,False,False,False,False,False,False
979,/home/pi/sambashare/BacArbeit/randomized_iamges/979.jpg,0.05638459599958878,False,False,False,False,False,False,False,False,False,False,False,False,False,False,False
980,/home/pi/sambashare/BacArbeit/randomized_iamges/980.jpg,0.05495656000039162,False,False,False,False,False,False,False,False,False,False,False,False,False,False,False
981,/home/pi/sambashare/BacArbeit/randomized_iamges/981.jpg,0.05503039199993509,False,False,False,False,False,False,False,False,False,False,False,False,False,False,False
982,/home/pi/sambashare/BacArbeit/randomized_iamges/982.jpg,0.055165798000416544,False,False,False,False,False,False,False,False,False,False,False,False,False,False,False
983,/home/pi/sambashare/BacArbeit/randomized_iamges/983.jpg,0.05521701900033804,False,False,False,False,False,False,False,False,False,False,False,False,False,False,False
984,/home/pi/sambashare/BacArbeit/randomized_iamges/984.jpg,0.05492396700083191,False,False,False,False,False,False,False,False,False,False,False,False,False,False,False
985,/home/pi/sambashare/BacArbeit/randomized_iamges/985.jpg,0.05513757600056124,False,False,False,False,False,False,False,False,False,False,False,False,False,False,False
986,/home/pi/sambashare/BacArbeit/randomized_iamges/986.jpg,0.0549466519996713,False,False,False,False,False,False,False,False,False,False,False,False,False,False,False
987,/home/pi/sambashare/BacArbeit/randomized_iamges/987.jpg,0.05491461600013281,False,False,False,False,False,False,False,False,False,False,False,False,False,False,False
988,/home/pi/sambashare/BacArbeit/randomized_iamges/988.jpg,0.054925209000430186,False,False,False,False,False,False,False,False,False,False,False,False,False,False,False
989,/home/pi/sambashare/BacArbeit/randomized_iamges/989.jpg,0.05494050499964942,False,False,False,False,False,False,False,False,False,False,False,False,False,False,False
990,/home/pi/sambashare/BacArbeit/randomized_iamges/990.jpg,0.05510629900072672,False,False,False,False,False,False,False,False,False,False,False,False,False,False,False
991,/home/pi/sambashare/BacArbeit/randomized_iamges/991.jpg,0.055076558999644476,False,False,False,False,False,False,False,False,False,False,False,False,False,False,False
992,/home/pi/sambashare/BacArbeit/randomized_iamges/992.jpg,0.05483933999948931,False,False,False,False,False,False,False,False,False,False,False,False,False,False,False
993,/home/pi/sambashare/BacArbeit/randomized_iamges/993.jpg,0.05494183900009375,False,False,False,False,False,False,False,False,False,False,False,False,False,False,False
994,/home/pi/sambashare/BacArbeit/randomized_iamges/994.jpg,0.05490350499985652,False,False,False,False,False,False,False,False,False,False,False,False,False,False,False
995,/home/pi/sambashare/BacArbeit/randomized_iamges/995.jpg,0.05498596699999325,False,False,False,False,False,False,False,False,False,False,False,False,False,False,False
996,/home/pi/sambashare/BacArbeit/randomized_iamges/996.jpg,0.054972468000414665,False,False,False,False,False,False,False,False,False,False,False,False,False,False,False
997,/home/pi/sambashare/BacArbeit/randomized_iamges/997.jpg,0.055027688999871316,False,False,False,False,False,False,False,False,False,False,False,False,False,False,False
998,/home/pi/sambashare/BacArbeit/randomized_iamges/998.jpg,0.05474889600009192,False,False,False,False,False,False,False,False,False,False,False,False,False,False,False
999,/home/pi/sambashare/BacArbeit/randomized_iamges/999.jpg,0.05516016999990825,False,False,False,False,False,False,False,False,False,False,False,False,False,False,False
